# name size  create_time reach_time
ibr-10_ibr-22_1.txt 1024 1456035426 1456036366
ibr-10_ibr-23_1.txt 1024 1456035426 1456036751
ibr-10_ibr-24_1.txt 1024 1456035426 1456038217
ibr-10_ibr-28_1.txt 1024 1456035427 1456036661
ibr-10_ibr-33_1.txt 1024 1456035426 1456037336
ibr-10_ibr-40_1.txt 1024 1456035426 1456037677
ibr-10_ibr-41_1.txt 1024 1456035426 1456036901
ibr-10_ibr-41_2.txt 1024 1456035426 1456037251
ibr-10_ibr-42_1.txt 1024 1456035427 1456038037
ibr-10_ibr-49_1.txt 1024 1456035426 1456036756
ibr-10_ibr-49_2.txt 1024 1456035426 1456037141
ibr-10_ibr-49_3.txt 1024 1456035426 1456037556
ibr-10_ibr-50_1.txt 1024 1456035426 1456037081
ibr-10_ibr-50_2.txt 1024 1456035426 1456037852
ibr-10_ibr-53_1.txt 1024 1456035426 1456036906
ibr-11_ibr-1_1.txt 1024 1456035427 1456036927
ibr-11_ibr-12_1.txt 1024 1456035426 1456038278
ibr-11_ibr-1_2.txt 1024 1456035428 1456037326
ibr-11_ibr-1_3.txt 1024 1456035428 1456037918
ibr-11_ibr-14_1.txt 1024 1456035427 1456036695
ibr-11_ibr-1_4.txt 1024 1456035427 1456038267
ibr-11_ibr-1_5.txt 1024 1456035428 1456038816
ibr-11_ibr-16_1.txt 1024 1456035427 1456036331
ibr-11_ibr-16_2.txt 1024 1456035427 1456036661
ibr-11_ibr-16_3.txt 1024 1456035427 1456036806
ibr-11_ibr-16_4.txt 1024 1456035427 1456037196
ibr-11_ibr-16_5.txt 1024 1456035426 1456037196
ibr-11_ibr-16_6.txt 1024 1456035426 1456037196
ibr-11_ibr-1_6.txt 1024 1456035428 1456039151
ibr-11_ibr-1_7.txt 1024 1456035427 1456039151
ibr-11_ibr-21_1.txt 1024 1456035427 1456036336
ibr-11_ibr-21_2.txt 1024 1456035427 1456036379
ibr-11_ibr-21_3.txt 1024 1456035427 1456037591
ibr-11_ibr-21_4.txt 1024 1456035427 1456037591
ibr-11_ibr-21_5.txt 1024 1456035427 1456037822
ibr-11_ibr-21_6.txt 1024 1456035428 1456038222
ibr-11_ibr-21_7.txt 1024 1456035428 1456038339
ibr-11_ibr-21_8.txt 1024 1456035427 1456038971
ibr-11_ibr-26_1.txt 1024 1456035426 1456036093
ibr-11_ibr-26_2.txt 1024 1456035426 1456036311
ibr-11_ibr-26_3.txt 1024 1456035427 1456037111
ibr-11_ibr-26_4.txt 1024 1456035427 1456037151
ibr-11_ibr-26_5.txt 1024 1456035427 1456037846
ibr-11_ibr-26_6.txt 1024 1456035427 1456038606
ibr-11_ibr-26_7.txt 1024 1456035426 1456038811
ibr-11_ibr-28_1.txt 1024 1456035426 1456038741
ibr-11_ibr-29_1.txt 1024 1456035426 1456036606
ibr-11_ibr-30_1.txt 1024 1456035426 1456038103
ibr-11_ibr-31_1.txt 1024 1456035427 1456036436
ibr-11_ibr-31_2.txt 1024 1456035427 1456036566
ibr-11_ibr-31_3.txt 1024 1456035427 1456037503
ibr-11_ibr-31_4.txt 1024 1456035428 1456037598
ibr-11_ibr-36_1.txt 1024 1456035427 1456036380
ibr-11_ibr-36_2.txt 1024 1456035427 1456036551
ibr-11_ibr-36_3.txt 1024 1456035427 1456036551
ibr-11_ibr-36_4.txt 1024 1456035427 1456037576
ibr-11_ibr-36_5.txt 1024 1456035426 1456038452
ibr-11_ibr-40_1.txt 1024 1456035426 1456036556
ibr-11_ibr-41_1.txt 1024 1456035426 1456036162
ibr-11_ibr-41_2.txt 1024 1456035426 1456036162
ibr-11_ibr-41_3.txt 1024 1456035427 1456036901
ibr-11_ibr-41_4.txt 1024 1456035427 1456036936
ibr-11_ibr-41_5.txt 1024 1456035427 1456036996
ibr-11_ibr-41_6.txt 1024 1456035427 1456037937
ibr-11_ibr-41_7.txt 1024 1456035426 1456038406
ibr-11_ibr-44_1.txt 1024 1456035426 1456036881
ibr-11_ibr-51_1.txt 1024 1456035427 1456036289
ibr-11_ibr-51_2.txt 1024 1456035427 1456036289
ibr-11_ibr-51_3.txt 1024 1456035427 1456036531
ibr-11_ibr-51_4.txt 1024 1456035427 1456036876
ibr-11_ibr-51_5.txt 1024 1456035426 1456039057
ibr-11_ibr-53_1.txt 1024 1456035426 1456036906
ibr-11_ibr-55_1.txt 1024 1456035427 1456036236
ibr-11_ibr-56_1.txt 1024 1456035427 1456036337
ibr-11_ibr-56_2.txt 1024 1456035427 1456037892
ibr-11_ibr-56_3.txt 1024 1456035427 1456038911
ibr-11_ibr-56_4.txt 1024 1456035427 1456038911
ibr-11_ibr-56_5.txt 1024 1456035427 1456038911
ibr-11_ibr-56_6.txt 1024 1456035427 1456039291
ibr-11_ibr-56_7.txt 1024 1456035427 1456039291
ibr-11_ibr-6_1.txt 1024 1456035427 1456037176
ibr-11_ibr-6_2.txt 1024 1456035426 1456037997
ibr-11_ibr-6_3.txt 1024 1456035428 1456038597
ibr-11_ibr-6_4.txt 1024 1456035428 1456038688
ibr-12_ibr-17_1.txt 1024 1456035426 1456038031
ibr-12_ibr-19_1.txt 1024 1456035426 1456038681
ibr-12_ibr-21_1.txt 1024 1456035427 1456038671
ibr-12_ibr-23_1.txt 1024 1456035426 1456037541
ibr-12_ibr-24_1.txt 1024 1456035426 1456036766
ibr-12_ibr-25_1.txt 1024 1456035427 1456038102
ibr-12_ibr-26_1.txt 1024 1456035426 1456038896
ibr-12_ibr-56_1.txt 1024 1456035426 1456037892
ibr-13_ibr-14_1.txt 1024 1456035427 1456038112
ibr-13_ibr-22_1.txt 1024 1456035426 1456036916
ibr-13_ibr-28_1.txt 1024 1456035426 1456036227
ibr-13_ibr-29_1.txt 1024 1456035426 1456038956
ibr-13_ibr-30_1.txt 1024 1456035426 1456039016
ibr-13_ibr-36_1.txt 1024 1456035427 1456037656
ibr-13_ibr-38_1.txt 1024 1456035426 1456036341
ibr-13_ibr-40_1.txt 1024 1456035426 1456036466
ibr-13_ibr-47_1.txt 1024 1456035426 1456038401
ibr-13_ibr-47_2.txt 1024 1456035426 1456038632
ibr-13_ibr-48_1.txt 1024 1456035426 1456038097
ibr-13_ibr-8_1.txt 1024 1456035426 1456037506
ibr-14_ibr-16_1.txt 1024 1456035427 1456036966
ibr-14_ibr-29_1.txt 1024 1456035426 1456037436
ibr-14_ibr-29_2.txt 1024 1456035426 1456038346
ibr-14_ibr-3_1.txt 1024 1456035426 1456036746
ibr-15_ibr-24_1.txt 1024 1456035426 1456037952
ibr-15_ibr-38_1.txt 1024 1456035426 1456038552
ibr-15_ibr-39_1.txt 1024 1456035426 1456036616
ibr-15_ibr-43_1.txt 1024 1456035426 1456037566
ibr-15_ibr-49_1.txt 1024 1456035426 1456039196
ibr-15_ibr-5_1.txt 1024 1456035426 1456038761
ibr-15_ibr-55_1.txt 1024 1456035427 1456036286
ibr-15_ibr-6_1.txt 1024 1456035428 1456037466
ibr-16_ibr-11_1.txt 1024 1456035427 1456038005
ibr-16_ibr-11_2.txt 1024 1456035427 1456038341
ibr-16_ibr-1_1.txt 1024 1456035428 1456036356
ibr-16_ibr-12_1.txt 1024 1456035426 1456039027
ibr-16_ibr-1_2.txt 1024 1456035427 1456036611
ibr-16_ibr-1_3.txt 1024 1456035427 1456037918
ibr-16_ibr-1_4.txt 1024 1456035427 1456037918
ibr-16_ibr-15_1.txt 1024 1456035427 1456037367
ibr-16_ibr-15_2.txt 1024 1456035427 1456038377
ibr-16_ibr-1_5.txt 1024 1456035427 1456037932
ibr-16_ibr-1_6.txt 1024 1456035427 1456038816
ibr-16_ibr-1_7.txt 1024 1456035428 1456039021
ibr-16_ibr-20_1.txt 1024 1456035426 1456037036
ibr-16_ibr-21_1.txt 1024 1456035426 1456036379
ibr-16_ibr-21_2.txt 1024 1456035426 1456036781
ibr-16_ibr-21_3.txt 1024 1456035427 1456037822
ibr-16_ibr-23_1.txt 1024 1456035426 1456036876
ibr-16_ibr-26_1.txt 1024 1456035427 1456037316
ibr-16_ibr-26_2.txt 1024 1456035426 1456038891
ibr-16_ibr-31_1.txt 1024 1456035428 1456038718
ibr-16_ibr-37_1.txt 1024 1456035426 1456037681
ibr-16_ibr-40_1.txt 1024 1456035426 1456036047
ibr-16_ibr-41_10.txt 1024 1456035427 1456038881
ibr-16_ibr-41_11.txt 1024 1456035427 1456039106
ibr-16_ibr-41_1.txt 1024 1456035426 1456036466
ibr-16_ibr-41_2.txt 1024 1456035426 1456036466
ibr-16_ibr-41_3.txt 1024 1456035427 1456036901
ibr-16_ibr-41_4.txt 1024 1456035427 1456036936
ibr-16_ibr-41_5.txt 1024 1456035426 1456036996
ibr-16_ibr-41_6.txt 1024 1456035426 1456037942
ibr-16_ibr-41_7.txt 1024 1456035427 1456038137
ibr-16_ibr-41_8.txt 1024 1456035427 1456038406
ibr-16_ibr-41_9.txt 1024 1456035427 1456038881
ibr-16_ibr-44_1.txt 1024 1456035426 1456037166
ibr-16_ibr-46_1.txt 1024 1456035427 1456036371
ibr-16_ibr-46_2.txt 1024 1456035426 1456036541
ibr-16_ibr-46_3.txt 1024 1456035426 1456037176
ibr-16_ibr-46_4.txt 1024 1456035427 1456038077
ibr-16_ibr-46_5.txt 1024 1456035427 1456038165
ibr-16_ibr-46_6.txt 1024 1456035427 1456038307
ibr-16_ibr-46_7.txt 1024 1456035426 1456038973
ibr-16_ibr-51_1.txt 1024 1456035427 1456036289
ibr-16_ibr-51_2.txt 1024 1456035428 1456037251
ibr-16_ibr-51_3.txt 1024 1456035426 1456037812
ibr-16_ibr-51_4.txt 1024 1456035426 1456038072
ibr-16_ibr-51_5.txt 1024 1456035426 1456038227
ibr-16_ibr-51_6.txt 1024 1456035426 1456038806
ibr-16_ibr-51_7.txt 1024 1456035426 1456039033
ibr-16_ibr-54_1.txt 1024 1456035426 1456037776
ibr-16_ibr-56_1.txt 1024 1456035427 1456036542
ibr-16_ibr-56_2.txt 1024 1456035426 1456036542
ibr-16_ibr-56_3.txt 1024 1456035427 1456037892
ibr-16_ibr-56_4.txt 1024 1456035427 1456037892
ibr-16_ibr-56_5.txt 1024 1456035428 1456037892
ibr-16_ibr-6_10.txt 1024 1456035428 1456038293
ibr-16_ibr-6_11.txt 1024 1456035426 1456038962
ibr-16_ibr-6_12.txt 1024 1456035426 1456039091
ibr-16_ibr-6_1.txt 1024 1456035427 1456036237
ibr-16_ibr-6_2.txt 1024 1456035427 1456036507
ibr-16_ibr-6_3.txt 1024 1456035427 1456036677
ibr-16_ibr-6_4.txt 1024 1456035427 1456036676
ibr-16_ibr-6_5.txt 1024 1456035427 1456036676
ibr-16_ibr-6_6.txt 1024 1456035428 1456037217
ibr-16_ibr-6_7.txt 1024 1456035427 1456037617
ibr-16_ibr-6_8.txt 1024 1456035426 1456037843
ibr-16_ibr-6_9.txt 1024 1456035427 1456038223
ibr-16_ibr-7_1.txt 1024 1456035426 1456038522
ibr-16_ibr-7_2.txt 1024 1456035427 1456038522
ibr-16_ibr-8_1.txt 1024 1456035426 1456038107
ibr-17_ibr-10_1.txt 1024 1456035426 1456037141
ibr-17_ibr-11_1.txt 1024 1456035429 1456038026
ibr-17_ibr-12_1.txt 1024 1456035426 1456037676
ibr-17_ibr-19_1.txt 1024 1456035426 1456038991
ibr-17_ibr-2_1.txt 1024 1456035426 1456038207
ibr-17_ibr-26_1.txt 1024 1456035426 1456038417
ibr-17_ibr-28_1.txt 1024 1456035427 1456037361
ibr-17_ibr-30_1.txt 1024 1456035426 1456037531
ibr-17_ibr-3_1.txt 1024 1456035426 1456036801
ibr-17_ibr-50_1.txt 1024 1456035426 1456036566
ibr-17_ibr-50_2.txt 1024 1456035426 1456036771
ibr-17_ibr-7_1.txt 1024 1456035426 1456038701
ibr-18_ibr-15_1.txt 1024 1456035427 1456037686
ibr-18_ibr-19_1.txt 1024 1456035426 1456037126
ibr-18_ibr-21_1.txt 1024 1456035426 1456036936
ibr-18_ibr-2_1.txt 1024 1456035426 1456037736
ibr-18_ibr-24_1.txt 1024 1456035426 1456038681
ibr-18_ibr-36_1.txt 1024 1456035426 1456036456
ibr-18_ibr-39_1.txt 1024 1456035426 1456038442
ibr-18_ibr-4_1.txt 1024 1456035427 1456038866
ibr-18_ibr-51_1.txt 1024 1456035426 1456037676
ibr-18_ibr-53_1.txt 1024 1456035427 1456037406
ibr-18_ibr-54_1.txt 1024 1456035426 1456038317
ibr-18_ibr-7_1.txt 1024 1456035426 1456038092
ibr-19_ibr-12_1.txt 1024 1456035426 1456037937
ibr-19_ibr-18_1.txt 1024 1456035426 1456036746
ibr-19_ibr-22_1.txt 1024 1456035426 1456036611
ibr-19_ibr-30_1.txt 1024 1456035426 1456038072
ibr-19_ibr-35_1.txt 1024 1456035427 1456038957
ibr-19_ibr-40_1.txt 1024 1456035426 1456038012
ibr-19_ibr-44_1.txt 1024 1456035426 1456038761
ibr-19_ibr-44_2.txt 1024 1456035427 1456038761
ibr-19_ibr-46_1.txt 1024 1456035426 1456036941
ibr-19_ibr-47_1.txt 1024 1456035426 1456038102
ibr-19_ibr-55_1.txt 1024 1456035427 1456037411
ibr-19_ibr-9_1.txt 1024 1456035426 1456037657
ibr-1_ibr-11_1.txt 1024 1456035426 1456036157
ibr-1_ibr-11_2.txt 1024 1456035426 1456036284
ibr-1_ibr-11_3.txt 1024 1456035427 1456037046
ibr-1_ibr-11_4.txt 1024 1456035426 1456037553
ibr-1_ibr-11_5.txt 1024 1456035427 1456038031
ibr-1_ibr-11_6.txt 1024 1456035427 1456038402
ibr-1_ibr-11_7.txt 1024 1456035426 1456038895
ibr-1_ibr-16_1.txt 1024 1456035427 1456036482
ibr-1_ibr-16_2.txt 1024 1456035427 1456036902
ibr-1_ibr-16_3.txt 1024 1456035427 1456037099
ibr-1_ibr-16_4.txt 1024 1456035426 1456037658
ibr-1_ibr-16_5.txt 1024 1456035426 1456038446
ibr-1_ibr-21_1.txt 1024 1456035427 1456036486
ibr-1_ibr-21_2.txt 1024 1456035427 1456037341
ibr-1_ibr-21_3.txt 1024 1456035427 1456037576
ibr-1_ibr-26_1.txt 1024 1456035427 1456037540
ibr-1_ibr-26_2.txt 1024 1456035428 1456037826
ibr-1_ibr-26_3.txt 1024 1456035427 1456038082
ibr-1_ibr-26_4.txt 1024 1456035429 1456038389
ibr-1_ibr-31_1.txt 1024 1456035427 1456037725
ibr-1_ibr-31_2.txt 1024 1456035428 1456037868
ibr-1_ibr-36_1.txt 1024 1456035428 1456036232
ibr-1_ibr-36_2.txt 1024 1456035427 1456037001
ibr-1_ibr-36_3.txt 1024 1456035427 1456037001
ibr-1_ibr-36_4.txt 1024 1456035426 1456038433
ibr-1_ibr-41_1.txt 1024 1456035426 1456037372
ibr-1_ibr-41_2.txt 1024 1456035426 1456038137
ibr-1_ibr-41_3.txt 1024 1456035426 1456038597
ibr-1_ibr-46_1.txt 1024 1456035426 1456036761
ibr-1_ibr-46_2.txt 1024 1456035427 1456038077
ibr-1_ibr-46_3.txt 1024 1456035427 1456038077
ibr-1_ibr-46_4.txt 1024 1456035426 1456039092
ibr-1_ibr-51_1.txt 1024 1456035426 1456038036
ibr-1_ibr-51_2.txt 1024 1456035426 1456038036
ibr-1_ibr-56_1.txt 1024 1456035427 1456037892
ibr-1_ibr-56_2.txt 1024 1456035427 1456037892
ibr-1_ibr-56_3.txt 1024 1456035427 1456037892
ibr-1_ibr-56_4.txt 1024 1456035427 1456037892
ibr-1_ibr-56_5.txt 1024 1456035428 1456037892
ibr-1_ibr-56_6.txt 1024 1456035428 1456038911
ibr-1_ibr-56_7.txt 1024 1456035427 1456038911
ibr-1_ibr-6_1.txt 1024 1456035427 1456036502
ibr-1_ibr-6_2.txt 1024 1456035427 1456036976
ibr-1_ibr-6_3.txt 1024 1456035427 1456037076
ibr-1_ibr-6_4.txt 1024 1456035427 1456037292
ibr-1_ibr-6_5.txt 1024 1456035426 1456037501
ibr-1_ibr-6_6.txt 1024 1456035427 1456038761
ibr-1_ibr-6_7.txt 1024 1456035426 1456039143
ibr-20_ibr-10_1.txt 1024 1456035426 1456038471
ibr-20_ibr-15_1.txt 1024 1456035427 1456036631
ibr-20_ibr-17_1.txt 1024 1456035426 1456036701
ibr-20_ibr-17_2.txt 1024 1456035426 1456038801
ibr-20_ibr-23_1.txt 1024 1456035426 1456037756
ibr-20_ibr-28_1.txt 1024 1456035426 1456038282
ibr-20_ibr-31_1.txt 1024 1456035427 1456037504
ibr-20_ibr-3_1.txt 1024 1456035426 1456038766
ibr-20_ibr-34_1.txt 1024 1456035427 1456036412
ibr-20_ibr-4_1.txt 1024 1456035427 1456036356
ibr-20_ibr-47_1.txt 1024 1456035426 1456036886
ibr-20_ibr-47_2.txt 1024 1456035426 1456036986
ibr-20_ibr-50_1.txt 1024 1456035426 1456036541
ibr-20_ibr-52_1.txt 1024 1456035426 1456036789
ibr-20_ibr-55_1.txt 1024 1456035427 1456036551
ibr-20_ibr-56_1.txt 1024 1456035427 1456037892
ibr-21_ibr-11_1.txt 1024 1456035427 1456036616
ibr-21_ibr-11_2.txt 1024 1456035427 1456037136
ibr-21_ibr-11_3.txt 1024 1456035427 1456038203
ibr-21_ibr-11_4.txt 1024 1456035427 1456038402
ibr-21_ibr-1_1.txt 1024 1456035427 1456036611
ibr-21_ibr-1_2.txt 1024 1456035427 1456037932
ibr-21_ibr-1_3.txt 1024 1456035427 1456038267
ibr-21_ibr-14_1.txt 1024 1456035427 1456038036
ibr-21_ibr-1_4.txt 1024 1456035428 1456038292
ibr-21_ibr-1_5.txt 1024 1456035427 1456038292
ibr-21_ibr-16_1.txt 1024 1456035427 1456036902
ibr-21_ibr-16_2.txt 1024 1456035427 1456036966
ibr-21_ibr-16_3.txt 1024 1456035427 1456037658
ibr-21_ibr-16_4.txt 1024 1456035427 1456037658
ibr-21_ibr-16_5.txt 1024 1456035427 1456037658
ibr-21_ibr-16_6.txt 1024 1456035427 1456037658
ibr-21_ibr-16_7.txt 1024 1456035427 1456038002
ibr-21_ibr-16_8.txt 1024 1456035426 1456038652
ibr-21_ibr-16_9.txt 1024 1456035426 1456038652
ibr-21_ibr-1_6.txt 1024 1456035428 1456038531
ibr-21_ibr-18_1.txt 1024 1456035426 1456038056
ibr-21_ibr-26_1.txt 1024 1456035426 1456036751
ibr-21_ibr-26_2.txt 1024 1456035427 1456038132
ibr-21_ibr-26_3.txt 1024 1456035426 1456038132
ibr-21_ibr-26_4.txt 1024 1456035426 1456038327
ibr-21_ibr-31_1.txt 1024 1456035427 1456036436
ibr-21_ibr-31_2.txt 1024 1456035427 1456036516
ibr-21_ibr-31_3.txt 1024 1456035427 1456036851
ibr-21_ibr-31_4.txt 1024 1456035428 1456036858
ibr-21_ibr-31_5.txt 1024 1456035427 1456038157
ibr-21_ibr-31_6.txt 1024 1456035428 1456038646
ibr-21_ibr-31_7.txt 1024 1456035427 1456038957
ibr-21_ibr-34_1.txt 1024 1456035426 1456037967
ibr-21_ibr-36_1.txt 1024 1456035427 1456036701
ibr-21_ibr-36_2.txt 1024 1456035426 1456036966
ibr-21_ibr-36_3.txt 1024 1456035427 1456037486
ibr-21_ibr-36_4.txt 1024 1456035427 1456037686
ibr-21_ibr-36_5.txt 1024 1456035428 1456037656
ibr-21_ibr-36_6.txt 1024 1456035427 1456038104
ibr-21_ibr-36_7.txt 1024 1456035426 1456038433
ibr-21_ibr-39_1.txt 1024 1456035426 1456038012
ibr-21_ibr-41_1.txt 1024 1456035427 1456036901
ibr-21_ibr-41_2.txt 1024 1456035428 1456036936
ibr-21_ibr-41_3.txt 1024 1456035427 1456037121
ibr-21_ibr-41_4.txt 1024 1456035427 1456038697
ibr-21_ibr-41_5.txt 1024 1456035427 1456038697
ibr-21_ibr-46_1.txt 1024 1456035426 1456036541
ibr-21_ibr-46_2.txt 1024 1456035426 1456036809
ibr-21_ibr-46_3.txt 1024 1456035427 1456036941
ibr-21_ibr-46_4.txt 1024 1456035426 1456038796
ibr-21_ibr-46_5.txt 1024 1456035426 1456038796
ibr-21_ibr-46_6.txt 1024 1456035426 1456038796
ibr-21_ibr-46_7.txt 1024 1456035426 1456038973
ibr-21_ibr-47_1.txt 1024 1456035426 1456036097
ibr-21_ibr-51_1.txt 1024 1456035428 1456036952
ibr-21_ibr-51_2.txt 1024 1456035427 1456037332
ibr-21_ibr-51_3.txt 1024 1456035428 1456037332
ibr-21_ibr-5_1.txt 1024 1456035426 1456037544
ibr-21_ibr-55_1.txt 1024 1456035427 1456037001
ibr-21_ibr-56_1.txt 1024 1456035428 1456036337
ibr-21_ibr-56_2.txt 1024 1456035426 1456037892
ibr-21_ibr-56_3.txt 1024 1456035427 1456037892
ibr-21_ibr-56_4.txt 1024 1456035428 1456038911
ibr-21_ibr-56_5.txt 1024 1456035427 1456038911
ibr-21_ibr-56_6.txt 1024 1456035427 1456039291
ibr-21_ibr-6_1.txt 1024 1456035427 1456036124
ibr-21_ibr-6_2.txt 1024 1456035427 1456036156
ibr-21_ibr-6_3.txt 1024 1456035427 1456037116
ibr-21_ibr-6_4.txt 1024 1456035427 1456037501
ibr-21_ibr-6_5.txt 1024 1456035426 1456038786
ibr-21_ibr-8_1.txt 1024 1456035426 1456036127
ibr-22_ibr-15_1.txt 1024 1456035427 1456038137
ibr-22_ibr-19_1.txt 1024 1456035426 1456038871
ibr-22_ibr-2_1.txt 1024 1456035426 1456037736
ibr-22_ibr-24_1.txt 1024 1456035426 1456038017
ibr-22_ibr-25_1.txt 1024 1456035426 1456038827
ibr-22_ibr-35_1.txt 1024 1456035426 1456038392
ibr-22_ibr-40_1.txt 1024 1456035426 1456036461
ibr-22_ibr-40_2.txt 1024 1456035426 1456038436
ibr-22_ibr-4_1.txt 1024 1456035426 1456038811
ibr-22_ibr-47_1.txt 1024 1456035426 1456038831
ibr-22_ibr-49_1.txt 1024 1456035426 1456038352
ibr-22_ibr-52_1.txt 1024 1456035426 1456038981
ibr-22_ibr-9_1.txt 1024 1456035426 1456036182
ibr-23_ibr-16_1.txt 1024 1456035427 1456036197
ibr-23_ibr-19_1.txt 1024 1456035426 1456037286
ibr-23_ibr-21_1.txt 1024 1456035427 1456038222
ibr-23_ibr-25_1.txt 1024 1456035426 1456037251
ibr-23_ibr-30_1.txt 1024 1456035426 1456038641
ibr-23_ibr-31_1.txt 1024 1456035427 1456037171
ibr-23_ibr-31_2.txt 1024 1456035427 1456039176
ibr-23_ibr-34_1.txt 1024 1456035426 1456036217
ibr-23_ibr-44_1.txt 1024 1456035426 1456037546
ibr-23_ibr-47_1.txt 1024 1456035426 1456037086
ibr-23_ibr-49_1.txt 1024 1456035427 1456038656
ibr-23_ibr-51_1.txt 1024 1456035426 1456037812
ibr-23_ibr-52_1.txt 1024 1456035426 1456036636
ibr-24_ibr-16_1.txt 1024 1456035426 1456037793
ibr-24_ibr-22_1.txt 1024 1456035426 1456036766
ibr-24_ibr-26_1.txt 1024 1456035426 1456036231
ibr-24_ibr-32_1.txt 1024 1456035426 1456037942
ibr-24_ibr-36_1.txt 1024 1456035427 1456036456
ibr-24_ibr-38_1.txt 1024 1456035427 1456037862
ibr-24_ibr-41_1.txt 1024 1456035426 1456037251
ibr-24_ibr-41_2.txt 1024 1456035426 1456037446
ibr-24_ibr-4_1.txt 1024 1456035427 1456036596
ibr-24_ibr-9_1.txt 1024 1456035426 1456037171
ibr-25_ibr-13_1.txt 1024 1456035426 1456038881
ibr-25_ibr-23_1.txt 1024 1456035428 1456038257
ibr-25_ibr-24_1.txt 1024 1456035426 1456037552
ibr-25_ibr-29_1.txt 1024 1456035426 1456036286
ibr-25_ibr-29_2.txt 1024 1456035426 1456036421
ibr-25_ibr-40_1.txt 1024 1456035426 1456038342
ibr-25_ibr-42_1.txt 1024 1456035427 1456038042
ibr-25_ibr-53_1.txt 1024 1456035426 1456036561
ibr-25_ibr-53_2.txt 1024 1456035427 1456037361
ibr-25_ibr-53_3.txt 1024 1456035427 1456038057
ibr-25_ibr-54_1.txt 1024 1456035426 1456037496
ibr-25_ibr-55_1.txt 1024 1456035427 1456037136
ibr-25_ibr-55_2.txt 1024 1456035427 1456037747
ibr-25_ibr-56_1.txt 1024 1456035426 1456036337
ibr-25_ibr-56_2.txt 1024 1456035426 1456036337
ibr-25_ibr-6_1.txt 1024 1456035428 1456037276
ibr-25_ibr-7_1.txt 1024 1456035426 1456037461
ibr-26_ibr-11_1.txt 1024 1456035426 1456036284
ibr-26_ibr-11_2.txt 1024 1456035426 1456037217
ibr-26_ibr-11_3.txt 1024 1456035428 1456038002
ibr-26_ibr-11_4.txt 1024 1456035427 1456038031
ibr-26_ibr-11_5.txt 1024 1456035427 1456038132
ibr-26_ibr-1_1.txt 1024 1456035427 1456039021
ibr-26_ibr-16_1.txt 1024 1456035427 1456036902
ibr-26_ibr-16_2.txt 1024 1456035427 1456037226
ibr-26_ibr-16_3.txt 1024 1456035427 1456037221
ibr-26_ibr-16_4.txt 1024 1456035427 1456037226
ibr-26_ibr-16_5.txt 1024 1456035426 1456037963
ibr-26_ibr-16_6.txt 1024 1456035428 1456038446
ibr-26_ibr-16_7.txt 1024 1456035426 1456038652
ibr-26_ibr-16_8.txt 1024 1456035426 1456038891
ibr-26_ibr-17_1.txt 1024 1456035426 1456037086
ibr-26_ibr-19_1.txt 1024 1456035426 1456037446
ibr-26_ibr-20_1.txt 1024 1456035426 1456037226
ibr-26_ibr-21_1.txt 1024 1456035426 1456036634
ibr-26_ibr-21_2.txt 1024 1456035426 1456036936
ibr-26_ibr-21_3.txt 1024 1456035427 1456036936
ibr-26_ibr-21_4.txt 1024 1456035427 1456037341
ibr-26_ibr-21_5.txt 1024 1456035427 1456037591
ibr-26_ibr-21_6.txt 1024 1456035427 1456038497
ibr-26_ibr-21_7.txt 1024 1456035427 1456038927
ibr-26_ibr-23_1.txt 1024 1456035426 1456039446
ibr-26_ibr-31_1.txt 1024 1456035428 1456036436
ibr-26_ibr-31_2.txt 1024 1456035428 1456036851
ibr-26_ibr-31_3.txt 1024 1456035427 1456036951
ibr-26_ibr-31_4.txt 1024 1456035427 1456036951
ibr-26_ibr-31_5.txt 1024 1456035427 1456037436
ibr-26_ibr-31_6.txt 1024 1456035427 1456038844
ibr-26_ibr-35_1.txt 1024 1456035427 1456036222
ibr-26_ibr-36_1.txt 1024 1456035427 1456036718
ibr-26_ibr-36_2.txt 1024 1456035426 1456038112
ibr-26_ibr-36_3.txt 1024 1456035426 1456038706
ibr-26_ibr-36_4.txt 1024 1456035426 1456038706
ibr-26_ibr-37_1.txt 1024 1456035426 1456036516
ibr-26_ibr-41_1.txt 1024 1456035426 1456036162
ibr-26_ibr-41_2.txt 1024 1456035426 1456036162
ibr-26_ibr-41_3.txt 1024 1456035426 1456036466
ibr-26_ibr-41_4.txt 1024 1456035427 1456036936
ibr-26_ibr-41_5.txt 1024 1456035427 1456037446
ibr-26_ibr-41_6.txt 1024 1456035427 1456038406
ibr-26_ibr-41_7.txt 1024 1456035426 1456038406
ibr-26_ibr-41_8.txt 1024 1456035427 1456038406
ibr-26_ibr-42_1.txt 1024 1456035426 1456037181
ibr-26_ibr-46_1.txt 1024 1456035427 1456036371
ibr-26_ibr-46_2.txt 1024 1456035426 1456036941
ibr-26_ibr-46_3.txt 1024 1456035427 1456037586
ibr-26_ibr-46_4.txt 1024 1456035427 1456038392
ibr-26_ibr-47_1.txt 1024 1456035426 1456037822
ibr-26_ibr-48_1.txt 1024 1456035426 1456036831
ibr-26_ibr-51_1.txt 1024 1456035427 1456037016
ibr-26_ibr-51_2.txt 1024 1456035427 1456037531
ibr-26_ibr-51_3.txt 1024 1456035426 1456038062
ibr-26_ibr-51_4.txt 1024 1456035426 1456038718
ibr-26_ibr-51_5.txt 1024 1456035427 1456038806
ibr-26_ibr-51_6.txt 1024 1456035426 1456038921
ibr-26_ibr-52_1.txt 1024 1456035426 1456036812
ibr-26_ibr-52_2.txt 1024 1456035426 1456037622
ibr-26_ibr-53_1.txt 1024 1456035427 1456038292
ibr-26_ibr-56_1.txt 1024 1456035426 1456037892
ibr-26_ibr-56_2.txt 1024 1456035427 1456038911
ibr-26_ibr-56_3.txt 1024 1456035427 1456038911
ibr-26_ibr-6_1.txt 1024 1456035427 1456037501
ibr-26_ibr-6_2.txt 1024 1456035426 1456037843
ibr-26_ibr-6_3.txt 1024 1456035427 1456038362
ibr-26_ibr-6_4.txt 1024 1456035426 1456038831
ibr-26_ibr-6_5.txt 1024 1456035426 1456039031
ibr-26_ibr-6_6.txt 1024 1456035426 1456039031
ibr-26_ibr-8_1.txt 1024 1456035426 1456036176
ibr-27_ibr-16_1.txt 1024 1456035427 1456037466
ibr-27_ibr-33_1.txt 1024 1456035426 1456036861
ibr-27_ibr-33_2.txt 1024 1456035426 1456037892
ibr-27_ibr-37_1.txt 1024 1456035427 1456038357
ibr-27_ibr-47_1.txt 1024 1456035426 1456037311
ibr-27_ibr-51_1.txt 1024 1456035426 1456038921
ibr-28_ibr-10_1.txt 1024 1456035426 1456039071
ibr-28_ibr-17_1.txt 1024 1456035426 1456037086
ibr-28_ibr-18_1.txt 1024 1456035426 1456038677
ibr-28_ibr-27_1.txt 1024 1456035426 1456038797
ibr-28_ibr-3_1.txt 1024 1456035426 1456037496
ibr-28_ibr-34_1.txt 1024 1456035426 1456039181
ibr-28_ibr-4_1.txt 1024 1456035426 1456038022
ibr-28_ibr-42_1.txt 1024 1456035426 1456036701
ibr-28_ibr-42_2.txt 1024 1456035426 1456037927
ibr-28_ibr-48_1.txt 1024 1456035426 1456038751
ibr-28_ibr-51_1.txt 1024 1456035426 1456037676
ibr-28_ibr-56_1.txt 1024 1456035427 1456040006
ibr-28_ibr-9_1.txt 1024 1456035426 1456038931
ibr-29_ibr-20_1.txt 1024 1456035426 1456038976
ibr-29_ibr-2_1.txt 1024 1456035426 1456036821
ibr-29_ibr-39_1.txt 1024 1456035426 1456037931
ibr-29_ibr-47_1.txt 1024 1456035426 1456037972
ibr-29_ibr-5_1.txt 1024 1456035426 1456036646
ibr-29_ibr-52_1.txt 1024 1456035426 1456037022
ibr-29_ibr-52_2.txt 1024 1456035426 1456037411
ibr-2_ibr-14_1.txt 1024 1456035426 1456037051
ibr-2_ibr-29_1.txt 1024 1456035426 1456036616
ibr-2_ibr-30_1.txt 1024 1456035426 1456036686
ibr-2_ibr-42_1.txt 1024 1456035426 1456037144
ibr-2_ibr-48_1.txt 1024 1456035426 1456037046
ibr-2_ibr-48_2.txt 1024 1456035426 1456037646
ibr-2_ibr-50_1.txt 1024 1456035427 1456036696
ibr-2_ibr-53_1.txt 1024 1456035426 1456036732
ibr-2_ibr-54_1.txt 1024 1456035426 1456036891
ibr-2_ibr-7_1.txt 1024 1456035426 1456037852
ibr-2_ibr-7_2.txt 1024 1456035427 1456038761
ibr-30_ibr-17_1.txt 1024 1456035426 1456036806
ibr-30_ibr-18_1.txt 1024 1456035426 1456036202
ibr-30_ibr-24_1.txt 1024 1456035426 1456038876
ibr-30_ibr-36_1.txt 1024 1456035428 1456037686
ibr-30_ibr-40_1.txt 1024 1456035426 1456036646
ibr-30_ibr-41_1.txt 1024 1456035426 1456037942
ibr-30_ibr-44_1.txt 1024 1456035426 1456037396
ibr-30_ibr-45_1.txt 1024 1456035426 1456037937
ibr-30_ibr-50_1.txt 1024 1456035426 1456037816
ibr-30_ibr-50_2.txt 1024 1456035426 1456038956
ibr-31_ibr-11_1.txt 1024 1456035426 1456036941
ibr-31_ibr-11_2.txt 1024 1456035427 1456037698
ibr-31_ibr-11_3.txt 1024 1456035426 1456038637
ibr-31_ibr-11_4.txt 1024 1456035426 1456038978
ibr-31_ibr-1_1.txt 1024 1456035427 1456036167
ibr-31_ibr-1_2.txt 1024 1456035428 1456037106
ibr-31_ibr-1_3.txt 1024 1456035428 1456037932
ibr-31_ibr-1_4.txt 1024 1456035427 1456038267
ibr-31_ibr-1_5.txt 1024 1456035427 1456038537
ibr-31_ibr-16_1.txt 1024 1456035427 1456037466
ibr-31_ibr-16_2.txt 1024 1456035427 1456037658
ibr-31_ibr-16_3.txt 1024 1456035426 1456038891
ibr-31_ibr-20_1.txt 1024 1456035426 1456036328
ibr-31_ibr-20_2.txt 1024 1456035426 1456037612
ibr-31_ibr-21_1.txt 1024 1456035426 1456036961
ibr-31_ibr-21_2.txt 1024 1456035427 1456037822
ibr-31_ibr-21_3.txt 1024 1456035427 1456038147
ibr-31_ibr-21_4.txt 1024 1456035427 1456039201
ibr-31_ibr-26_1.txt 1024 1456035426 1456036376
ibr-31_ibr-26_2.txt 1024 1456035426 1456036736
ibr-31_ibr-26_3.txt 1024 1456035427 1456036936
ibr-31_ibr-26_4.txt 1024 1456035427 1456036936
ibr-31_ibr-26_5.txt 1024 1456035427 1456037211
ibr-31_ibr-26_6.txt 1024 1456035427 1456038082
ibr-31_ibr-26_7.txt 1024 1456035426 1456038217
ibr-31_ibr-26_8.txt 1024 1456035427 1456038811
ibr-31_ibr-26_9.txt 1024 1456035426 1456038841
ibr-31_ibr-33_1.txt 1024 1456035427 1456036102
ibr-31_ibr-34_1.txt 1024 1456035426 1456036601
ibr-31_ibr-35_1.txt 1024 1456035426 1456038392
ibr-31_ibr-36_1.txt 1024 1456035427 1456036456
ibr-31_ibr-36_2.txt 1024 1456035427 1456036466
ibr-31_ibr-36_3.txt 1024 1456035426 1456036767
ibr-31_ibr-36_4.txt 1024 1456035426 1456038104
ibr-31_ibr-36_5.txt 1024 1456035426 1456038706
ibr-31_ibr-36_6.txt 1024 1456035427 1456038996
ibr-31_ibr-38_1.txt 1024 1456035426 1456038552
ibr-31_ibr-41_10.txt 1024 1456035427 1456039106
ibr-31_ibr-41_1.txt 1024 1456035426 1456036162
ibr-31_ibr-41_2.txt 1024 1456035427 1456036162
ibr-31_ibr-41_3.txt 1024 1456035427 1456036936
ibr-31_ibr-41_4.txt 1024 1456035426 1456036936
ibr-31_ibr-41_5.txt 1024 1456035426 1456037481
ibr-31_ibr-41_6.txt 1024 1456035426 1456037942
ibr-31_ibr-41_7.txt 1024 1456035426 1456038406
ibr-31_ibr-41_8.txt 1024 1456035427 1456038736
ibr-31_ibr-41_9.txt 1024 1456035427 1456038881
ibr-31_ibr-46_1.txt 1024 1456035426 1456036541
ibr-31_ibr-46_2.txt 1024 1456035426 1456036906
ibr-31_ibr-46_3.txt 1024 1456035426 1456037071
ibr-31_ibr-46_4.txt 1024 1456035426 1456037176
ibr-31_ibr-46_5.txt 1024 1456035426 1456037176
ibr-31_ibr-46_6.txt 1024 1456035427 1456037211
ibr-31_ibr-46_7.txt 1024 1456035427 1456038077
ibr-31_ibr-46_8.txt 1024 1456035427 1456038077
ibr-31_ibr-46_9.txt 1024 1456035427 1456038392
ibr-31_ibr-51_1.txt 1024 1456035426 1456038227
ibr-31_ibr-54_1.txt 1024 1456035426 1456036891
ibr-31_ibr-56_1.txt 1024 1456035426 1456037892
ibr-31_ibr-56_2.txt 1024 1456035427 1456037892
ibr-31_ibr-56_3.txt 1024 1456035427 1456037892
ibr-31_ibr-56_4.txt 1024 1456035427 1456037892
ibr-31_ibr-6_1.txt 1024 1456035427 1456036507
ibr-31_ibr-6_2.txt 1024 1456035426 1456036507
ibr-31_ibr-6_3.txt 1024 1456035427 1456037076
ibr-31_ibr-6_4.txt 1024 1456035427 1456037217
ibr-31_ibr-6_5.txt 1024 1456035426 1456037843
ibr-31_ibr-6_6.txt 1024 1456035426 1456038986
ibr-32_ibr-12_1.txt 1024 1456035426 1456038113
ibr-32_ibr-16_1.txt 1024 1456035426 1456037466
ibr-32_ibr-19_1.txt 1024 1456035426 1456037616
ibr-32_ibr-21_1.txt 1024 1456035426 1456036781
ibr-32_ibr-40_1.txt 1024 1456035426 1456035977
ibr-32_ibr-50_1.txt 1024 1456035426 1456037816
ibr-32_ibr-54_1.txt 1024 1456035426 1456037521
ibr-33_ibr-13_1.txt 1024 1456035426 1456038811
ibr-33_ibr-14_1.txt 1024 1456035426 1456037855
ibr-33_ibr-19_1.txt 1024 1456035426 1456037371
ibr-33_ibr-20_1.txt 1024 1456035426 1456036626
ibr-33_ibr-22_1.txt 1024 1456035426 1456036486
ibr-33_ibr-31_1.txt 1024 1456035428 1456037340
ibr-33_ibr-34_1.txt 1024 1456035426 1456038675
ibr-33_ibr-39_1.txt 1024 1456035426 1456038312
ibr-33_ibr-4_1.txt 1024 1456035426 1456037761
ibr-33_ibr-43_1.txt 1024 1456035426 1456036331
ibr-33_ibr-46_1.txt 1024 1456035427 1456038392
ibr-33_ibr-47_1.txt 1024 1456035426 1456038971
ibr-33_ibr-48_1.txt 1024 1456035426 1456038142
ibr-33_ibr-49_1.txt 1024 1456035426 1456038527
ibr-33_ibr-53_1.txt 1024 1456035426 1456036561
ibr-33_ibr-56_1.txt 1024 1456035427 1456036337
ibr-34_ibr-18_1.txt 1024 1456035426 1456039071
ibr-34_ibr-20_1.txt 1024 1456035426 1456036441
ibr-34_ibr-20_2.txt 1024 1456035426 1456038641
ibr-34_ibr-22_1.txt 1024 1456035426 1456037566
ibr-34_ibr-23_1.txt 1024 1456035426 1456037262
ibr-34_ibr-25_1.txt 1024 1456035426 1456038102
ibr-34_ibr-26_1.txt 1024 1456035426 1456036376
ibr-34_ibr-38_1.txt 1024 1456035426 1456037862
ibr-34_ibr-39_1.txt 1024 1456035426 1456037931
ibr-34_ibr-4_1.txt 1024 1456035427 1456038207
ibr-34_ibr-48_1.txt 1024 1456035426 1456037394
ibr-34_ibr-50_1.txt 1024 1456035426 1456037816
ibr-34_ibr-9_1.txt 1024 1456035426 1456037827
ibr-35_ibr-10_1.txt 1024 1456035426 1456036306
ibr-35_ibr-17_1.txt 1024 1456035426 1456038871
ibr-35_ibr-23_1.txt 1024 1456035427 1456036266
ibr-35_ibr-29_1.txt 1024 1456035426 1456037616
ibr-35_ibr-33_1.txt 1024 1456035426 1456035967
ibr-35_ibr-8_1.txt 1024 1456035426 1456038172
ibr-36_ibr-10_1.txt 1024 1456035426 1456036336
ibr-36_ibr-11_1.txt 1024 1456035426 1456037031
ibr-36_ibr-11_2.txt 1024 1456035427 1456037698
ibr-36_ibr-11_3.txt 1024 1456035427 1456037698
ibr-36_ibr-11_4.txt 1024 1456035427 1456038002
ibr-36_ibr-11_5.txt 1024 1456035427 1456038585
ibr-36_ibr-1_1.txt 1024 1456035428 1456037326
ibr-36_ibr-1_2.txt 1024 1456035428 1456037932
ibr-36_ibr-1_3.txt 1024 1456035427 1456038537
ibr-36_ibr-1_4.txt 1024 1456035427 1456039021
ibr-36_ibr-16_1.txt 1024 1456035427 1456036859
ibr-36_ibr-16_2.txt 1024 1456035428 1456037022
ibr-36_ibr-16_3.txt 1024 1456035427 1456037466
ibr-36_ibr-16_4.txt 1024 1456035426 1456038536
ibr-36_ibr-16_5.txt 1024 1456035427 1456038536
ibr-36_ibr-16_6.txt 1024 1456035426 1456038736
ibr-36_ibr-16_7.txt 1024 1456035426 1456038891
ibr-36_ibr-21_1.txt 1024 1456035427 1456037126
ibr-36_ibr-21_2.txt 1024 1456035427 1456039046
ibr-36_ibr-21_3.txt 1024 1456035427 1456039046
ibr-36_ibr-25_1.txt 1024 1456035426 1456038697
ibr-36_ibr-26_1.txt 1024 1456035426 1456036311
ibr-36_ibr-26_2.txt 1024 1456035426 1456036576
ibr-36_ibr-26_3.txt 1024 1456035426 1456036576
ibr-36_ibr-26_4.txt 1024 1456035427 1456039081
ibr-36_ibr-31_1.txt 1024 1456035427 1456036976
ibr-36_ibr-31_2.txt 1024 1456035427 1456037181
ibr-36_ibr-31_3.txt 1024 1456035427 1456037655
ibr-36_ibr-31_4.txt 1024 1456035428 1456037802
ibr-36_ibr-31_5.txt 1024 1456035428 1456038157
ibr-36_ibr-31_6.txt 1024 1456035427 1456038952
ibr-36_ibr-41_1.txt 1024 1456035426 1456036718
ibr-36_ibr-41_2.txt 1024 1456035427 1456036936
ibr-36_ibr-41_3.txt 1024 1456035426 1456037121
ibr-36_ibr-41_4.txt 1024 1456035426 1456038881
ibr-36_ibr-42_1.txt 1024 1456035426 1456036686
ibr-36_ibr-46_1.txt 1024 1456035426 1456036541
ibr-36_ibr-46_2.txt 1024 1456035427 1456038077
ibr-36_ibr-46_3.txt 1024 1456035426 1456038796
ibr-36_ibr-46_4.txt 1024 1456035426 1456039096
ibr-36_ibr-46_5.txt 1024 1456035426 1456039096
ibr-36_ibr-46_6.txt 1024 1456035427 1456039096
ibr-36_ibr-50_1.txt 1024 1456035426 1456038671
ibr-36_ibr-51_1.txt 1024 1456035427 1456036952
ibr-36_ibr-51_2.txt 1024 1456035427 1456037372
ibr-36_ibr-51_3.txt 1024 1456035426 1456037372
ibr-36_ibr-51_4.txt 1024 1456035427 1456038062
ibr-36_ibr-51_5.txt 1024 1456035426 1456038227
ibr-36_ibr-51_6.txt 1024 1456035427 1456038631
ibr-36_ibr-51_7.txt 1024 1456035426 1456038577
ibr-36_ibr-51_8.txt 1024 1456035426 1456039091
ibr-36_ibr-53_1.txt 1024 1456035427 1456036282
ibr-36_ibr-56_1.txt 1024 1456035426 1456036542
ibr-36_ibr-56_2.txt 1024 1456035427 1456036542
ibr-36_ibr-56_3.txt 1024 1456035426 1456036542
ibr-36_ibr-56_4.txt 1024 1456035427 1456037892
ibr-36_ibr-56_5.txt 1024 1456035427 1456037892
ibr-36_ibr-56_6.txt 1024 1456035427 1456037892
ibr-36_ibr-56_7.txt 1024 1456035427 1456037892
ibr-36_ibr-56_8.txt 1024 1456035427 1456037892
ibr-36_ibr-56_9.txt 1024 1456035427 1456040006
ibr-36_ibr-6_1.txt 1024 1456035426 1456036124
ibr-36_ibr-6_2.txt 1024 1456035426 1456038172
ibr-36_ibr-6_3.txt 1024 1456035426 1456039091
ibr-37_ibr-11_1.txt 1024 1456035426 1456037422
ibr-37_ibr-19_1.txt 1024 1456035426 1456037021
ibr-37_ibr-23_1.txt 1024 1456035426 1456037643
ibr-37_ibr-41_1.txt 1024 1456035426 1456038137
ibr-37_ibr-4_1.txt 1024 1456035427 1456037611
ibr-37_ibr-42_1.txt 1024 1456035426 1456037346
ibr-37_ibr-7_1.txt 1024 1456035427 1456037746
ibr-38_ibr-12_1.txt 1024 1456035426 1456038137
ibr-38_ibr-20_1.txt 1024 1456035426 1456037293
ibr-38_ibr-32_1.txt 1024 1456035426 1456036836
ibr-38_ibr-39_1.txt 1024 1456035426 1456036152
ibr-38_ibr-42_1.txt 1024 1456035426 1456037927
ibr-38_ibr-45_1.txt 1024 1456035426 1456036946
ibr-38_ibr-45_2.txt 1024 1456035426 1456038352
ibr-38_ibr-46_1.txt 1024 1456035426 1456036941
ibr-38_ibr-47_1.txt 1024 1456035426 1456037972
ibr-38_ibr-48_1.txt 1024 1456035426 1456037171
ibr-38_ibr-51_1.txt 1024 1456035426 1456038631
ibr-38_ibr-55_1.txt 1024 1456035426 1456038531
ibr-39_ibr-13_1.txt 1024 1456035426 1456038811
ibr-39_ibr-15_1.txt 1024 1456035427 1456037081
ibr-39_ibr-23_1.txt 1024 1456035426 1456037541
ibr-39_ibr-29_1.txt 1024 1456035426 1456038957
ibr-39_ibr-41_1.txt 1024 1456035426 1456037481
ibr-39_ibr-50_1.txt 1024 1456035426 1456038671
ibr-39_ibr-52_1.txt 1024 1456035426 1456036866
ibr-39_ibr-54_1.txt 1024 1456035426 1456037371
ibr-39_ibr-6_1.txt 1024 1456035426 1456038223
ibr-39_ibr-6_2.txt 1024 1456035427 1456038252
ibr-3_ibr-10_1.txt 1024 1456035426 1456038392
ibr-3_ibr-12_1.txt 1024 1456035426 1456036366
ibr-3_ibr-18_1.txt 1024 1456035426 1456038766
ibr-3_ibr-39_1.txt 1024 1456035426 1456038167
ibr-3_ibr-4_1.txt 1024 1456035426 1456036901
ibr-3_ibr-45_1.txt 1024 1456035426 1456038911
ibr-3_ibr-49_1.txt 1024 1456035426 1456038327
ibr-3_ibr-5_1.txt 1024 1456035426 1456037431
ibr-40_ibr-14_1.txt 1024 1456035426 1456036211
ibr-40_ibr-26_1.txt 1024 1456035426 1456036445
ibr-40_ibr-27_1.txt 1024 1456035426 1456037551
ibr-40_ibr-31_1.txt 1024 1456035427 1456038157
ibr-40_ibr-3_1.txt 1024 1456035426 1456036796
ibr-40_ibr-32_1.txt 1024 1456035426 1456038583
ibr-40_ibr-34_1.txt 1024 1456035426 1456038142
ibr-40_ibr-35_1.txt 1024 1456035427 1456036456
ibr-40_ibr-37_1.txt 1024 1456035426 1456038072
ibr-40_ibr-38_1.txt 1024 1456035426 1456038047
ibr-40_ibr-39_1.txt 1024 1456035427 1456038097
ibr-40_ibr-4_1.txt 1024 1456035427 1456037611
ibr-40_ibr-42_1.txt 1024 1456035427 1456038476
ibr-40_ibr-48_1.txt 1024 1456035427 1456036676
ibr-41_ibr-10_1.txt 1024 1456035426 1456036476
ibr-41_ibr-10_2.txt 1024 1456035426 1456038826
ibr-41_ibr-11_1.txt 1024 1456035427 1456036496
ibr-41_ibr-11_2.txt 1024 1456035427 1456037648
ibr-41_ibr-11_3.txt 1024 1456035426 1456038895
ibr-41_ibr-11_4.txt 1024 1456035426 1456038895
ibr-41_ibr-1_1.txt 1024 1456035427 1456037106
ibr-41_ibr-1_2.txt 1024 1456035427 1456037326
ibr-41_ibr-1_3.txt 1024 1456035427 1456039396
ibr-41_ibr-1_4.txt 1024 1456035427 1456039396
ibr-41_ibr-16_1.txt 1024 1456035427 1456038128
ibr-41_ibr-16_2.txt 1024 1456035427 1456038128
ibr-41_ibr-16_3.txt 1024 1456035426 1456038128
ibr-41_ibr-16_4.txt 1024 1456035426 1456039296
ibr-41_ibr-16_5.txt 1024 1456035426 1456039296
ibr-41_ibr-19_1.txt 1024 1456035426 1456037021
ibr-41_ibr-21_1.txt 1024 1456035428 1456036244
ibr-41_ibr-21_2.txt 1024 1456035427 1456036961
ibr-41_ibr-21_3.txt 1024 1456035428 1456036961
ibr-41_ibr-21_4.txt 1024 1456035427 1456037576
ibr-41_ibr-21_5.txt 1024 1456035427 1456038147
ibr-41_ibr-21_6.txt 1024 1456035427 1456038147
ibr-41_ibr-21_7.txt 1024 1456035428 1456038497
ibr-41_ibr-21_8.txt 1024 1456035427 1456038971
ibr-41_ibr-25_1.txt 1024 1456035426 1456039297
ibr-41_ibr-30_1.txt 1024 1456035426 1456038391
ibr-41_ibr-31_1.txt 1024 1456035427 1456037306
ibr-41_ibr-31_2.txt 1024 1456035427 1456037436
ibr-41_ibr-31_3.txt 1024 1456035427 1456037601
ibr-41_ibr-36_1.txt 1024 1456035427 1456037111
ibr-41_ibr-36_2.txt 1024 1456035427 1456037486
ibr-41_ibr-36_3.txt 1024 1456035426 1456038916
ibr-41_ibr-37_1.txt 1024 1456035426 1456037827
ibr-41_ibr-43_1.txt 1024 1456035427 1456037011
ibr-41_ibr-46_1.txt 1024 1456035426 1456036941
ibr-41_ibr-46_2.txt 1024 1456035427 1456036941
ibr-41_ibr-46_3.txt 1024 1456035426 1456037186
ibr-41_ibr-46_4.txt 1024 1456035427 1456037186
ibr-41_ibr-46_5.txt 1024 1456035427 1456038165
ibr-41_ibr-46_6.txt 1024 1456035427 1456038392
ibr-41_ibr-51_1.txt 1024 1456035427 1456037016
ibr-41_ibr-51_2.txt 1024 1456035426 1456038227
ibr-41_ibr-51_3.txt 1024 1456035426 1456038072
ibr-41_ibr-51_4.txt 1024 1456035426 1456038318
ibr-41_ibr-51_5.txt 1024 1456035426 1456039246
ibr-41_ibr-56_1.txt 1024 1456035427 1456037892
ibr-41_ibr-56_2.txt 1024 1456035426 1456037892
ibr-41_ibr-56_3.txt 1024 1456035427 1456037892
ibr-41_ibr-56_4.txt 1024 1456035427 1456038911
ibr-41_ibr-56_5.txt 1024 1456035427 1456038911
ibr-41_ibr-56_6.txt 1024 1456035427 1456038911
ibr-41_ibr-56_7.txt 1024 1456035427 1456039291
ibr-41_ibr-56_8.txt 1024 1456035427 1456039291
ibr-41_ibr-6_1.txt 1024 1456035427 1456037111
ibr-41_ibr-6_2.txt 1024 1456035427 1456037111
ibr-41_ibr-6_3.txt 1024 1456035427 1456038597
ibr-41_ibr-6_4.txt 1024 1456035426 1456039091
ibr-42_ibr-14_1.txt 1024 1456035427 1456036401
ibr-42_ibr-24_1.txt 1024 1456035426 1456037591
ibr-42_ibr-25_1.txt 1024 1456035426 1456037531
ibr-42_ibr-26_1.txt 1024 1456035426 1456039226
ibr-42_ibr-29_1.txt 1024 1456035426 1456038261
ibr-42_ibr-33_1.txt 1024 1456035426 1456038209
ibr-42_ibr-35_1.txt 1024 1456035426 1456037546
ibr-42_ibr-37_1.txt 1024 1456035426 1456039406
ibr-42_ibr-44_1.txt 1024 1456035426 1456036077
ibr-42_ibr-44_2.txt 1024 1456035426 1456036931
ibr-42_ibr-50_1.txt 1024 1456035426 1456038377
ibr-42_ibr-5_1.txt 1024 1456035426 1456037867
ibr-43_ibr-12_1.txt 1024 1456035426 1456038796
ibr-43_ibr-19_1.txt 1024 1456035426 1456037021
ibr-43_ibr-28_1.txt 1024 1456035427 1456037846
ibr-43_ibr-4_1.txt 1024 1456035428 1456038022
ibr-43_ibr-42_1.txt 1024 1456035427 1456038352
ibr-43_ibr-48_1.txt 1024 1456035426 1456038621
ibr-43_ibr-55_1.txt 1024 1456035427 1456037041
ibr-43_ibr-7_1.txt 1024 1456035427 1456039291
ibr-44_ibr-12_1.txt 1024 1456035426 1456036406
ibr-44_ibr-15_1.txt 1024 1456035427 1456039096
ibr-44_ibr-19_1.txt 1024 1456035426 1456037021
ibr-44_ibr-21_1.txt 1024 1456035427 1456038679
ibr-44_ibr-23_1.txt 1024 1456035426 1456036736
ibr-44_ibr-27_1.txt 1024 1456035426 1456037231
ibr-44_ibr-35_1.txt 1024 1456035427 1456037382
ibr-44_ibr-36_1.txt 1024 1456035427 1456037066
ibr-44_ibr-39_1.txt 1024 1456035426 1456037406
ibr-44_ibr-4_1.txt 1024 1456035427 1456038207
ibr-44_ibr-4_2.txt 1024 1456035427 1456038482
ibr-44_ibr-51_1.txt 1024 1456035426 1456039091
ibr-44_ibr-53_1.txt 1024 1456035426 1456038697
ibr-45_ibr-17_1.txt 1024 1456035426 1456038801
ibr-45_ibr-22_1.txt 1024 1456035426 1456038766
ibr-45_ibr-31_1.txt 1024 1456035427 1456036586
ibr-45_ibr-32_1.txt 1024 1456035426 1456037322
ibr-45_ibr-32_2.txt 1024 1456035426 1456038038
ibr-45_ibr-35_1.txt 1024 1456035426 1456037086
ibr-45_ibr-44_1.txt 1024 1456035426 1456037626
ibr-45_ibr-47_1.txt 1024 1456035426 1456038257
ibr-45_ibr-8_1.txt 1024 1456035426 1456037181
ibr-46_ibr-11_1.txt 1024 1456035426 1456036785
ibr-46_ibr-11_2.txt 1024 1456035426 1456037648
ibr-46_ibr-11_3.txt 1024 1456035428 1456038002
ibr-46_ibr-11_4.txt 1024 1456035427 1456038002
ibr-46_ibr-11_5.txt 1024 1456035427 1456038766
ibr-46_ibr-1_1.txt 1024 1456035428 1456037326
ibr-46_ibr-1_2.txt 1024 1456035427 1456037932
ibr-46_ibr-1_3.txt 1024 1456035428 1456038267
ibr-46_ibr-1_4.txt 1024 1456035427 1456039396
ibr-46_ibr-16_1.txt 1024 1456035426 1456036421
ibr-46_ibr-16_2.txt 1024 1456035428 1456036976
ibr-46_ibr-21_1.txt 1024 1456035426 1456036961
ibr-46_ibr-21_2.txt 1024 1456035428 1456036961
ibr-46_ibr-21_3.txt 1024 1456035427 1456037822
ibr-46_ibr-21_4.txt 1024 1456035427 1456038147
ibr-46_ibr-21_5.txt 1024 1456035427 1456038222
ibr-46_ibr-21_6.txt 1024 1456035428 1456038497
ibr-46_ibr-21_7.txt 1024 1456035428 1456038841
ibr-46_ibr-26_1.txt 1024 1456035426 1456036093
ibr-46_ibr-26_2.txt 1024 1456035426 1456036445
ibr-46_ibr-26_3.txt 1024 1456035427 1456036777
ibr-46_ibr-26_4.txt 1024 1456035427 1456036936
ibr-46_ibr-26_5.txt 1024 1456035426 1456037211
ibr-46_ibr-26_6.txt 1024 1456035427 1456038654
ibr-46_ibr-26_7.txt 1024 1456035426 1456039081
ibr-46_ibr-30_1.txt 1024 1456035426 1456036067
ibr-46_ibr-31_1.txt 1024 1456035428 1456036886
ibr-46_ibr-31_2.txt 1024 1456035427 1456036886
ibr-46_ibr-31_3.txt 1024 1456035427 1456038112
ibr-46_ibr-31_4.txt 1024 1456035427 1456038821
ibr-46_ibr-31_5.txt 1024 1456035428 1456038844
ibr-46_ibr-36_10.txt 1024 1456035427 1456038916
ibr-46_ibr-36_1.txt 1024 1456035426 1456036466
ibr-46_ibr-36_2.txt 1024 1456035427 1456036561
ibr-46_ibr-36_3.txt 1024 1456035426 1456036892
ibr-46_ibr-36_4.txt 1024 1456035427 1456036966
ibr-46_ibr-36_5.txt 1024 1456035427 1456037486
ibr-46_ibr-36_6.txt 1024 1456035426 1456037486
ibr-46_ibr-36_7.txt 1024 1456035426 1456038117
ibr-46_ibr-36_8.txt 1024 1456035426 1456038697
ibr-46_ibr-36_9.txt 1024 1456035427 1456038916
ibr-46_ibr-39_1.txt 1024 1456035426 1456036277
ibr-46_ibr-41_1.txt 1024 1456035427 1456036936
ibr-46_ibr-41_2.txt 1024 1456035426 1456037481
ibr-46_ibr-41_3.txt 1024 1456035426 1456037481
ibr-46_ibr-41_4.txt 1024 1456035427 1456037942
ibr-46_ibr-41_5.txt 1024 1456035427 1456037942
ibr-46_ibr-43_1.txt 1024 1456035426 1456039241
ibr-46_ibr-48_1.txt 1024 1456035427 1456036211
ibr-46_ibr-51_1.txt 1024 1456035426 1456036244
ibr-46_ibr-51_2.txt 1024 1456035426 1456036401
ibr-46_ibr-51_3.txt 1024 1456035428 1456036952
ibr-46_ibr-51_4.txt 1024 1456035427 1456037887
ibr-46_ibr-51_5.txt 1024 1456035426 1456038318
ibr-46_ibr-55_1.txt 1024 1456035427 1456037306
ibr-46_ibr-56_1.txt 1024 1456035427 1456037892
ibr-46_ibr-56_2.txt 1024 1456035427 1456038911
ibr-46_ibr-6_1.txt 1024 1456035427 1456036821
ibr-46_ibr-6_2.txt 1024 1456035427 1456037501
ibr-46_ibr-6_3.txt 1024 1456035426 1456038047
ibr-46_ibr-6_4.txt 1024 1456035426 1456038433
ibr-46_ibr-6_5.txt 1024 1456035427 1456038786
ibr-46_ibr-6_6.txt 1024 1456035426 1456039031
ibr-47_ibr-13_1.txt 1024 1456035426 1456038574
ibr-47_ibr-16_1.txt 1024 1456035426 1456037658
ibr-47_ibr-17_1.txt 1024 1456035426 1456036981
ibr-47_ibr-20_1.txt 1024 1456035426 1456036187
ibr-47_ibr-27_1.txt 1024 1456035426 1456036571
ibr-47_ibr-27_2.txt 1024 1456035426 1456038282
ibr-47_ibr-4_1.txt 1024 1456035427 1456038022
ibr-47_ibr-46_1.txt 1024 1456035427 1456037176
ibr-47_ibr-46_2.txt 1024 1456035426 1456038796
ibr-48_ibr-13_1.txt 1024 1456035426 1456036881
ibr-48_ibr-19_1.txt 1024 1456035426 1456037937
ibr-48_ibr-2_1.txt 1024 1456035427 1456037441
ibr-48_ibr-27_1.txt 1024 1456035426 1456038036
ibr-48_ibr-3_1.txt 1024 1456035426 1456039031
ibr-48_ibr-32_1.txt 1024 1456035426 1456038286
ibr-48_ibr-34_1.txt 1024 1456035426 1456039011
ibr-48_ibr-37_1.txt 1024 1456035426 1456036521
ibr-48_ibr-38_1.txt 1024 1456035426 1456037067
ibr-48_ibr-45_1.txt 1024 1456035426 1456039291
ibr-48_ibr-47_1.txt 1024 1456035426 1456037707
ibr-48_ibr-8_1.txt 1024 1456035426 1456038776
ibr-49_ibr-16_1.txt 1024 1456035427 1456038941
ibr-49_ibr-22_1.txt 1024 1456035426 1456036166
ibr-49_ibr-29_1.txt 1024 1456035426 1456037231
ibr-49_ibr-34_1.txt 1024 1456035426 1456038675
ibr-49_ibr-35_1.txt 1024 1456035427 1456038392
ibr-49_ibr-37_1.txt 1024 1456035426 1456036846
ibr-49_ibr-40_1.txt 1024 1456035426 1456038516
ibr-49_ibr-5_1.txt 1024 1456035426 1456037246
ibr-49_ibr-52_1.txt 1024 1456035426 1456036267
ibr-49_ibr-53_1.txt 1024 1456035427 1456037556
ibr-49_ibr-54_1.txt 1024 1456035426 1456038384
ibr-4_ibr-15_1.txt 1024 1456035427 1456038487
ibr-4_ibr-26_1.txt 1024 1456035428 1456037761
ibr-4_ibr-38_1.txt 1024 1456035427 1456038921
ibr-4_ibr-40_1.txt 1024 1456035426 1456037101
ibr-4_ibr-42_1.txt 1024 1456035426 1456037927
ibr-4_ibr-56_1.txt 1024 1456035428 1456038911
ibr-4_ibr-9_1.txt 1024 1456035426 1456037171
ibr-50_ibr-11_1.txt 1024 1456035428 1456036785
ibr-50_ibr-16_1.txt 1024 1456035426 1456038941
ibr-50_ibr-20_1.txt 1024 1456035426 1456037742
ibr-50_ibr-24_1.txt 1024 1456035426 1456037952
ibr-50_ibr-25_1.txt 1024 1456035426 1456037116
ibr-50_ibr-30_1.txt 1024 1456035426 1456038886
ibr-50_ibr-31_1.txt 1024 1456035427 1456037601
ibr-50_ibr-31_2.txt 1024 1456035428 1456037940
ibr-50_ibr-3_1.txt 1024 1456035426 1456037286
ibr-50_ibr-32_1.txt 1024 1456035426 1456038881
ibr-50_ibr-34_1.txt 1024 1456035426 1456038956
ibr-50_ibr-37_1.txt 1024 1456035426 1456037987
ibr-50_ibr-4_1.txt 1024 1456035426 1456037226
ibr-50_ibr-42_1.txt 1024 1456035426 1456036651
ibr-50_ibr-43_1.txt 1024 1456035426 1456038067
ibr-50_ibr-47_1.txt 1024 1456035426 1456036621
ibr-50_ibr-49_1.txt 1024 1456035426 1456038736
ibr-50_ibr-5_1.txt 1024 1456035426 1456038771
ibr-50_ibr-8_1.txt 1024 1456035426 1456037837
ibr-51_ibr-11_1.txt 1024 1456035426 1456036307
ibr-51_ibr-11_2.txt 1024 1456035427 1456037217
ibr-51_ibr-11_3.txt 1024 1456035427 1456037422
ibr-51_ibr-11_4.txt 1024 1456035427 1456037698
ibr-51_ibr-11_5.txt 1024 1456035427 1456037876
ibr-51_ibr-11_6.txt 1024 1456035427 1456038637
ibr-51_ibr-11_7.txt 1024 1456035426 1456038766
ibr-51_ibr-1_1.txt 1024 1456035428 1456038292
ibr-51_ibr-1_2.txt 1024 1456035428 1456039396
ibr-51_ibr-1_3.txt 1024 1456035428 1456039396
ibr-51_ibr-1_4.txt 1024 1456035427 1456039396
ibr-51_ibr-1_5.txt 1024 1456035427 1456039396
ibr-51_ibr-16_1.txt 1024 1456035427 1456036326
ibr-51_ibr-16_2.txt 1024 1456035427 1456036771
ibr-51_ibr-16_3.txt 1024 1456035426 1456037663
ibr-51_ibr-16_4.txt 1024 1456035427 1456037663
ibr-51_ibr-16_5.txt 1024 1456035426 1456037663
ibr-51_ibr-16_6.txt 1024 1456035426 1456038446
ibr-51_ibr-16_7.txt 1024 1456035426 1456038891
ibr-51_ibr-16_8.txt 1024 1456035426 1456039232
ibr-51_ibr-17_1.txt 1024 1456035426 1456038177
ibr-51_ibr-21_1.txt 1024 1456035428 1456036781
ibr-51_ibr-21_2.txt 1024 1456035426 1456036781
ibr-51_ibr-21_3.txt 1024 1456035426 1456036961
ibr-51_ibr-21_4.txt 1024 1456035427 1456036961
ibr-51_ibr-21_5.txt 1024 1456035427 1456037576
ibr-51_ibr-21_6.txt 1024 1456035428 1456038841
ibr-51_ibr-26_1.txt 1024 1456035427 1456037211
ibr-51_ibr-26_2.txt 1024 1456035428 1456037761
ibr-51_ibr-31_1.txt 1024 1456035427 1456036137
ibr-51_ibr-31_2.txt 1024 1456035427 1456036267
ibr-51_ibr-31_3.txt 1024 1456035427 1456036316
ibr-51_ibr-31_4.txt 1024 1456035427 1456036696
ibr-51_ibr-31_5.txt 1024 1456035427 1456037578
ibr-51_ibr-31_6.txt 1024 1456035427 1456037725
ibr-51_ibr-31_7.txt 1024 1456035427 1456038222
ibr-51_ibr-31_8.txt 1024 1456035427 1456038222
ibr-51_ibr-31_9.txt 1024 1456035428 1456038571
ibr-51_ibr-33_1.txt 1024 1456035426 1456038936
ibr-51_ibr-36_1.txt 1024 1456035427 1456038117
ibr-51_ibr-36_2.txt 1024 1456035426 1456038697
ibr-51_ibr-36_3.txt 1024 1456035427 1456038697
ibr-51_ibr-41_1.txt 1024 1456035426 1456036936
ibr-51_ibr-41_2.txt 1024 1456035426 1456037121
ibr-51_ibr-41_3.txt 1024 1456035427 1456039106
ibr-51_ibr-46_1.txt 1024 1456035427 1456036621
ibr-51_ibr-46_2.txt 1024 1456035426 1456039226
ibr-51_ibr-56_1.txt 1024 1456035427 1456037892
ibr-51_ibr-56_2.txt 1024 1456035426 1456037892
ibr-51_ibr-56_3.txt 1024 1456035427 1456037892
ibr-51_ibr-56_4.txt 1024 1456035427 1456038911
ibr-51_ibr-56_5.txt 1024 1456035427 1456040006
ibr-51_ibr-6_1.txt 1024 1456035427 1456036677
ibr-51_ibr-6_2.txt 1024 1456035427 1456036951
ibr-51_ibr-6_3.txt 1024 1456035428 1456037441
ibr-51_ibr-6_4.txt 1024 1456035428 1456037441
ibr-51_ibr-6_5.txt 1024 1456035426 1456037843
ibr-51_ibr-6_6.txt 1024 1456035426 1456038223
ibr-51_ibr-6_7.txt 1024 1456035426 1456038223
ibr-51_ibr-7_1.txt 1024 1456035426 1456038267
ibr-52_ibr-14_1.txt 1024 1456035427 1456036401
ibr-52_ibr-19_1.txt 1024 1456035426 1456037616
ibr-52_ibr-24_1.txt 1024 1456035426 1456039166
ibr-52_ibr-36_1.txt 1024 1456035426 1456038262
ibr-52_ibr-51_1.txt 1024 1456035428 1456036531
ibr-52_ibr-54_1.txt 1024 1456035426 1456036092
ibr-53_ibr-15_1.txt 1024 1456035427 1456037096
ibr-53_ibr-2_1.txt 1024 1456035426 1456038801
ibr-53_ibr-24_1.txt 1024 1456035426 1456038876
ibr-53_ibr-26_1.txt 1024 1456035426 1456036576
ibr-53_ibr-35_1.txt 1024 1456035427 1456037447
ibr-53_ibr-36_1.txt 1024 1456035427 1456039171
ibr-53_ibr-43_1.txt 1024 1456035426 1456036731
ibr-53_ibr-45_1.txt 1024 1456035426 1456036321
ibr-53_ibr-47_1.txt 1024 1456035426 1456038831
ibr-53_ibr-51_1.txt 1024 1456035426 1456038222
ibr-53_ibr-6_1.txt 1024 1456035426 1456039152
ibr-54_ibr-10_1.txt 1024 1456035426 1456036826
ibr-54_ibr-12_1.txt 1024 1456035426 1456038282
ibr-54_ibr-25_1.txt 1024 1456035426 1456037521
ibr-54_ibr-25_2.txt 1024 1456035426 1456038606
ibr-54_ibr-30_1.txt 1024 1456035426 1456038682
ibr-54_ibr-3_1.txt 1024 1456035426 1456037221
ibr-54_ibr-32_1.txt 1024 1456035426 1456037261
ibr-54_ibr-40_1.txt 1024 1456035426 1456038157
ibr-54_ibr-47_1.txt 1024 1456035426 1456038831
ibr-54_ibr-52_1.txt 1024 1456035426 1456037416
ibr-54_ibr-53_1.txt 1024 1456035426 1456037270
ibr-55_ibr-28_1.txt 1024 1456035427 1456036456
ibr-55_ibr-29_1.txt 1024 1456035426 1456038711
ibr-55_ibr-30_1.txt 1024 1456035426 1456038351
ibr-55_ibr-36_1.txt 1024 1456035427 1456036892
ibr-55_ibr-37_1.txt 1024 1456035426 1456036491
ibr-55_ibr-41_1.txt 1024 1456035426 1456037481
ibr-55_ibr-52_1.txt 1024 1456035426 1456037967
ibr-55_ibr-54_1.txt 1024 1456035426 1456037706
ibr-56_ibr-13_1.txt 1024 1456035426 1456038031
ibr-56_ibr-16_1.txt 1024 1456035427 1456038002
ibr-56_ibr-16_2.txt 1024 1456035427 1456039232
ibr-56_ibr-17_1.txt 1024 1456035426 1456036452
ibr-56_ibr-25_1.txt 1024 1456035426 1456039151
ibr-56_ibr-33_1.txt 1024 1456035427 1456036251
ibr-56_ibr-41_1.txt 1024 1456035427 1456039106
ibr-56_ibr-43_1.txt 1024 1456035426 1456038961
ibr-56_ibr-46_1.txt 1024 1456035426 1456036941
ibr-56_ibr-48_1.txt 1024 1456035427 1456036706
ibr-56_ibr-51_1.txt 1024 1456035426 1456039209
ibr-56_ibr-54_1.txt 1024 1456035426 1456037912
ibr-5_ibr-13_1.txt 1024 1456035426 1456038457
ibr-5_ibr-14_1.txt 1024 1456035426 1456038406
ibr-5_ibr-19_1.txt 1024 1456035426 1456036266
ibr-5_ibr-23_1.txt 1024 1456035426 1456037901
ibr-5_ibr-23_2.txt 1024 1456035426 1456038112
ibr-5_ibr-32_1.txt 1024 1456035426 1456037942
ibr-5_ibr-36_1.txt 1024 1456035427 1456036381
ibr-5_ibr-36_2.txt 1024 1456035428 1456038052
ibr-5_ibr-42_1.txt 1024 1456035426 1456036986
ibr-5_ibr-43_1.txt 1024 1456035426 1456036331
ibr-5_ibr-49_1.txt 1024 1456035426 1456036756
ibr-5_ibr-49_2.txt 1024 1456035426 1456036996
ibr-6_ibr-11_1.txt 1024 1456035427 1456038032
ibr-6_ibr-11_2.txt 1024 1456035427 1456037922
ibr-6_ibr-11_3.txt 1024 1456035426 1456038032
ibr-6_ibr-11_4.txt 1024 1456035428 1456038317
ibr-6_ibr-1_1.txt 1024 1456035427 1456037171
ibr-6_ibr-1_2.txt 1024 1456035427 1456037932
ibr-6_ibr-1_3.txt 1024 1456035428 1456038292
ibr-6_ibr-15_1.txt 1024 1456035427 1456036097
ibr-6_ibr-16_1.txt 1024 1456035426 1456036421
ibr-6_ibr-16_2.txt 1024 1456035426 1456036421
ibr-6_ibr-16_3.txt 1024 1456035427 1456036846
ibr-6_ibr-16_4.txt 1024 1456035428 1456036986
ibr-6_ibr-16_5.txt 1024 1456035426 1456037663
ibr-6_ibr-16_6.txt 1024 1456035426 1456037663
ibr-6_ibr-16_7.txt 1024 1456035426 1456037663
ibr-6_ibr-16_8.txt 1024 1456035427 1456038128
ibr-6_ibr-21_10.txt 1024 1456035427 1456039421
ibr-6_ibr-21_1.txt 1024 1456035426 1456036336
ibr-6_ibr-21_2.txt 1024 1456035426 1456036961
ibr-6_ibr-21_3.txt 1024 1456035427 1456036961
ibr-6_ibr-21_4.txt 1024 1456035428 1456037126
ibr-6_ibr-21_5.txt 1024 1456035427 1456037366
ibr-6_ibr-21_6.txt 1024 1456035427 1456037341
ibr-6_ibr-21_7.txt 1024 1456035428 1456038497
ibr-6_ibr-21_8.txt 1024 1456035427 1456038841
ibr-6_ibr-21_9.txt 1024 1456035427 1456038841
ibr-6_ibr-26_1.txt 1024 1456035426 1456037111
ibr-6_ibr-26_2.txt 1024 1456035427 1456037151
ibr-6_ibr-26_3.txt 1024 1456035427 1456038092
ibr-6_ibr-26_4.txt 1024 1456035427 1456038858
ibr-6_ibr-26_5.txt 1024 1456035428 1456038858
ibr-6_ibr-26_6.txt 1024 1456035427 1456038858
ibr-6_ibr-26_7.txt 1024 1456035426 1456039081
ibr-6_ibr-28_1.txt 1024 1456035427 1456037051
ibr-6_ibr-31_1.txt 1024 1456035427 1456037081
ibr-6_ibr-31_2.txt 1024 1456035427 1456037725
ibr-6_ibr-31_3.txt 1024 1456035427 1456038010
ibr-6_ibr-31_4.txt 1024 1456035428 1456038112
ibr-6_ibr-31_5.txt 1024 1456035427 1456038449
ibr-6_ibr-31_6.txt 1024 1456035427 1456038531
ibr-6_ibr-32_1.txt 1024 1456035426 1456037022
ibr-6_ibr-33_1.txt 1024 1456035426 1456036316
ibr-6_ibr-36_1.txt 1024 1456035427 1456036701
ibr-6_ibr-36_2.txt 1024 1456035426 1456038452
ibr-6_ibr-36_3.txt 1024 1456035429 1456038452
ibr-6_ibr-36_4.txt 1024 1456035427 1456038926
ibr-6_ibr-41_1.txt 1024 1456035426 1456036936
ibr-6_ibr-41_2.txt 1024 1456035428 1456036936
ibr-6_ibr-41_3.txt 1024 1456035426 1456038406
ibr-6_ibr-41_4.txt 1024 1456035426 1456037942
ibr-6_ibr-41_5.txt 1024 1456035426 1456038406
ibr-6_ibr-41_6.txt 1024 1456035427 1456039106
ibr-6_ibr-4_1.txt 1024 1456035427 1456037046
ibr-6_ibr-46_1.txt 1024 1456035426 1456036139
ibr-6_ibr-46_2.txt 1024 1456035427 1456038392
ibr-6_ibr-46_3.txt 1024 1456035427 1456038392
ibr-6_ibr-50_1.txt 1024 1456035426 1456037081
ibr-6_ibr-51_1.txt 1024 1456035426 1456036676
ibr-6_ibr-51_2.txt 1024 1456035427 1456036676
ibr-6_ibr-51_3.txt 1024 1456035426 1456038431
ibr-6_ibr-51_4.txt 1024 1456035427 1456038431
ibr-6_ibr-51_5.txt 1024 1456035426 1456038921
ibr-6_ibr-51_6.txt 1024 1456035426 1456038921
ibr-6_ibr-56_1.txt 1024 1456035428 1456038911
ibr-6_ibr-56_2.txt 1024 1456035428 1456040006
ibr-6_ibr-56_3.txt 1024 1456035427 1456040006
ibr-6_ibr-7_1.txt 1024 1456035426 1456038597
ibr-7_ibr-11_1.txt 1024 1456035427 1456037698
ibr-7_ibr-11_2.txt 1024 1456035426 1456038766
ibr-7_ibr-13_1.txt 1024 1456035426 1456037041
ibr-7_ibr-24_1.txt 1024 1456035426 1456036866
ibr-7_ibr-24_2.txt 1024 1456035426 1456037636
ibr-7_ibr-24_3.txt 1024 1456035426 1456038681
ibr-7_ibr-27_1.txt 1024 1456035426 1456036856
ibr-7_ibr-36_1.txt 1024 1456035427 1456036456
ibr-7_ibr-37_1.txt 1024 1456035426 1456038456
ibr-7_ibr-38_1.txt 1024 1456035426 1456037021
ibr-7_ibr-48_1.txt 1024 1456035426 1456036341
ibr-7_ibr-56_1.txt 1024 1456035427 1456038911
ibr-7_ibr-6_1.txt 1024 1456035428 1456037091
ibr-7_ibr-8_1.txt 1024 1456035426 1456037862
ibr-8_ibr-10_1.txt 1024 1456035426 1456035969
ibr-8_ibr-13_1.txt 1024 1456035426 1456038811
ibr-8_ibr-20_1.txt 1024 1456035426 1456036461
ibr-8_ibr-30_1.txt 1024 1456035426 1456037086
ibr-8_ibr-30_2.txt 1024 1456035426 1456038052
ibr-8_ibr-31_1.txt 1024 1456035428 1456038157
ibr-8_ibr-36_1.txt 1024 1456035427 1456038117
ibr-8_ibr-47_1.txt 1024 1456035426 1456036886
ibr-8_ibr-48_1.txt 1024 1456035426 1456038776
ibr-8_ibr-53_1.txt 1024 1456035426 1456036336
ibr-8_ibr-7_1.txt 1024 1456035426 1456038597
ibr-8_ibr-7_2.txt 1024 1456035427 1456038597
ibr-9_ibr-10_1.txt 1024 1456035426 1456038452
ibr-9_ibr-15_1.txt 1024 1456035427 1456037096
ibr-9_ibr-16_1.txt 1024 1456035426 1456036421
ibr-9_ibr-18_1.txt 1024 1456035426 1456038831
ibr-9_ibr-22_1.txt 1024 1456035426 1456039321
ibr-9_ibr-25_1.txt 1024 1456035426 1456037982
ibr-9_ibr-33_1.txt 1024 1456035426 1456038406
ibr-9_ibr-37_1.txt 1024 1456035427 1456038731
ibr-9_ibr-43_1.txt 1024 1456035426 1456039183
ibr-9_ibr-45_1.txt 1024 1456035426 1456038012
ibr-9_ibr-49_1.txt 1024 1456035426 1456036846
ibr-9_ibr-49_2.txt 1024 1456035426 1456037466
ibr-9_ibr-56_1.txt 1024 1456035427 1456038911
