# name size  create_time reach_time
ibr-10_ibr-22_1.txt 1024 1456197893 1456198950
ibr-10_ibr-23_1.txt 1024 1456197894 1456199300
ibr-10_ibr-24_1.txt 1024 1456197893 1456201319
ibr-10_ibr-28_1.txt 1024 1456197894 1456199265
ibr-10_ibr-33_1.txt 0 1456197893 1456197893
ibr-10_ibr-40_1.txt 1024 1456197895 1456200819
ibr-10_ibr-41_1.txt 0 1456197893 1456197893
ibr-10_ibr-41_2.txt 0 1456197894 1456197894
ibr-10_ibr-42_1.txt 1024 1456197893 1456200505
ibr-10_ibr-49_1.txt 1024 1456197893 1456199420
ibr-10_ibr-49_2.txt 1024 1456197893 1456200514
ibr-10_ibr-49_3.txt 1024 1456197894 1456200514
ibr-10_ibr-50_1.txt 0 1456197894 1456197894
ibr-10_ibr-50_2.txt 1024 1456197894 1456201469
ibr-10_ibr-53_1.txt 1024 1456197894 1456199395
ibr-11_ibr-1_1.txt 0 1456197895 1456197895
ibr-11_ibr-12_1.txt 0 1456197894 1456197894
ibr-11_ibr-1_2.txt 1024 1456197894 1456202602
ibr-11_ibr-1_3.txt 1024 1456197894 1456202602
ibr-11_ibr-14_1.txt 1024 1456197894 1456199160
ibr-11_ibr-1_4.txt 0 1456197894 1456197894
ibr-11_ibr-1_5.txt 1024 1456197894 1456202345
ibr-11_ibr-16_1.txt 1024 1456197895 1456198795
ibr-11_ibr-16_2.txt 0 1456197895 1456197895
ibr-11_ibr-16_3.txt 0 1456197895 1456197895
ibr-11_ibr-16_4.txt 0 1456197894 1456197894
ibr-11_ibr-16_5.txt 1024 1456197895 1456202725
ibr-11_ibr-16_6.txt 1024 1456197895 1456202725
ibr-11_ibr-1_6.txt 0 1456197894 1456197894
ibr-11_ibr-1_7.txt 0 1456197894 1456197894
ibr-11_ibr-21_1.txt 1024 1456197894 1456198805
ibr-11_ibr-21_2.txt 1024 1456197894 1456198950
ibr-11_ibr-21_3.txt 1024 1456197894 1456202670
ibr-11_ibr-21_4.txt 1024 1456197894 1456202670
ibr-11_ibr-21_5.txt 0 1456197895 1456197895
ibr-11_ibr-21_6.txt 0 1456197895 1456197895
ibr-11_ibr-21_7.txt 0 1456197894 1456197894
ibr-11_ibr-21_8.txt 1024 1456197895 1456202315
ibr-11_ibr-26_1.txt 1024 1456197894 1456198569
ibr-11_ibr-26_2.txt 1024 1456197894 1456198780
ibr-11_ibr-26_3.txt 0 1456197894 1456197894
ibr-11_ibr-26_4.txt 0 1456197894 1456197894
ibr-11_ibr-26_5.txt 1024 1456197894 1456202680
ibr-11_ibr-26_6.txt 0 1456197894 1456197894
ibr-11_ibr-26_7.txt 0 1456197894 1456197894
ibr-11_ibr-28_1.txt 1024 1456197893 1456201540
ibr-11_ibr-29_1.txt 1024 1456197894 1456199075
ibr-11_ibr-30_1.txt 0 1456197894 1456197894
ibr-11_ibr-31_1.txt 0 1456197894 1456197894
ibr-11_ibr-31_2.txt 0 1456197894 1456197894
ibr-11_ibr-31_3.txt 1024 1456197895 1456202645
ibr-11_ibr-31_4.txt 1024 1456197894 1456202365
ibr-11_ibr-36_1.txt 1024 1456197894 1456198885
ibr-11_ibr-36_2.txt 0 1456197894 1456197894
ibr-11_ibr-36_3.txt 0 1456197894 1456197894
ibr-11_ibr-36_4.txt 1024 1456197895 1456202662
ibr-11_ibr-36_5.txt 0 1456197895 1456197895
ibr-11_ibr-40_1.txt 0 1456197895 1456197895
ibr-11_ibr-41_1.txt 1024 1456197894 1456198630
ibr-11_ibr-41_2.txt 1024 1456197895 1456198630
ibr-11_ibr-41_3.txt 0 1456197894 1456197894
ibr-11_ibr-41_4.txt 1024 1456197895 1456202625
ibr-11_ibr-41_5.txt 0 1456197895 1456197895
ibr-11_ibr-41_6.txt 1024 1456197895 1456202625
ibr-11_ibr-41_7.txt 0 1456197894 1456197894
ibr-11_ibr-44_1.txt 1024 1456197893 1456202345
ibr-11_ibr-51_1.txt 1024 1456197894 1456198757
ibr-11_ibr-51_2.txt 1024 1456197894 1456198757
ibr-11_ibr-51_3.txt 1024 1456197896 1456199120
ibr-11_ibr-51_4.txt 0 1456197894 1456197894
ibr-11_ibr-51_5.txt 1024 1456197895 1456202400
ibr-11_ibr-53_1.txt 0 1456197894 1456197894
ibr-11_ibr-55_1.txt 1024 1456197894 1456198759
ibr-11_ibr-56_1.txt 0 1456197894 1456197894
ibr-11_ibr-56_2.txt 0 1456197895 1456197895
ibr-11_ibr-56_3.txt 0 1456197895 1456197895
ibr-11_ibr-56_4.txt 0 1456197895 1456197895
ibr-11_ibr-56_5.txt 0 1456197895 1456197895
ibr-11_ibr-56_6.txt 0 1456197894 1456197894
ibr-11_ibr-56_7.txt 0 1456197894 1456197894
ibr-11_ibr-6_1.txt 1024 1456197895 1456202885
ibr-11_ibr-6_2.txt 1024 1456197894 1456203215
ibr-11_ibr-6_3.txt 0 1456197895 1456197895
ibr-11_ibr-6_4.txt 1024 1456197895 1456202920
ibr-12_ibr-17_1.txt 1024 1456197894 1456201334
ibr-12_ibr-19_1.txt 1024 1456197894 1456202330
ibr-12_ibr-21_1.txt 1024 1456197894 1456202410
ibr-12_ibr-23_1.txt 1024 1456197894 1456201349
ibr-12_ibr-24_1.txt 1024 1456197894 1456199330
ibr-12_ibr-25_1.txt 1024 1456197894 1456201089
ibr-12_ibr-26_1.txt 1024 1456197894 1456202438
ibr-12_ibr-56_1.txt 0 1456197894 1456197894
ibr-13_ibr-14_1.txt 1024 1456197894 1456200719
ibr-13_ibr-22_1.txt 0 1456197894 1456197894
ibr-13_ibr-28_1.txt 1024 1456197893 1456198780
ibr-13_ibr-29_1.txt 1024 1456197894 1456202090
ibr-13_ibr-30_1.txt 1024 1456197893 1456202665
ibr-13_ibr-36_1.txt 0 1456197894 1456197894
ibr-13_ibr-38_1.txt 1024 1456197893 1456198810
ibr-13_ibr-40_1.txt 1024 1456197895 1456199900
ibr-13_ibr-47_1.txt 1024 1456197894 1456202365
ibr-13_ibr-47_2.txt 1024 1456197894 1456202365
ibr-13_ibr-48_1.txt 1024 1456197894 1456200719
ibr-13_ibr-8_1.txt 1024 1456197894 1456200150
ibr-14_ibr-16_1.txt 0 1456197894 1456197894
ibr-14_ibr-29_1.txt 1024 1456197894 1456200389
ibr-14_ibr-29_2.txt 1024 1456197894 1456202020
ibr-14_ibr-3_1.txt 1024 1456197893 1456199740
ibr-15_ibr-24_1.txt 1024 1456197894 1456200684
ibr-15_ibr-38_1.txt 1024 1456197894 1456201019
ibr-15_ibr-39_1.txt 1024 1456197894 1456199085
ibr-15_ibr-43_1.txt 1024 1456197893 1456200534
ibr-15_ibr-49_1.txt 1024 1456197894 1456202340
ibr-15_ibr-5_1.txt 1024 1456197894 1456201239
ibr-15_ibr-55_1.txt 1024 1456197893 1456198850
ibr-15_ibr-6_1.txt 0 1456197895 1456197895
ibr-16_ibr-11_1.txt 0 1456197895 1456197895
ibr-16_ibr-11_2.txt 0 1456197895 1456197895
ibr-16_ibr-1_1.txt 1024 1456197894 1456198825
ibr-16_ibr-12_1.txt 0 1456197894 1456197894
ibr-16_ibr-1_2.txt 0 1456197894 1456197894
ibr-16_ibr-1_3.txt 0 1456197894 1456197894
ibr-16_ibr-1_4.txt 0 1456197894 1456197894
ibr-16_ibr-15_1.txt 0 1456197894 1456197894
ibr-16_ibr-15_2.txt 0 1456197893 1456197893
ibr-16_ibr-1_5.txt 0 1456197895 1456197895
ibr-16_ibr-1_6.txt 0 1456197894 1456197894
ibr-16_ibr-1_7.txt 0 1456197894 1456197894
ibr-16_ibr-20_1.txt 0 1456197894 1456197894
ibr-16_ibr-21_1.txt 1024 1456197894 1456198975
ibr-16_ibr-21_2.txt 0 1456197895 1456197895
ibr-16_ibr-21_3.txt 0 1456197894 1456197894
ibr-16_ibr-23_1.txt 0 1456197894 1456197894
ibr-16_ibr-26_1.txt 0 1456197895 1456197895
ibr-16_ibr-26_2.txt 0 1456197895 1456197895
ibr-16_ibr-31_1.txt 1024 1456197894 1456202507
ibr-16_ibr-37_1.txt 0 1456197893 1456197893
ibr-16_ibr-40_1.txt 1024 1456197895 1456198514
ibr-16_ibr-41_10.txt 0 1456197894 1456197894
ibr-16_ibr-41_11.txt 0 1456197894 1456197894
ibr-16_ibr-41_1.txt 1024 1456197895 1456198950
ibr-16_ibr-41_2.txt 1024 1456197895 1456198950
ibr-16_ibr-41_3.txt 0 1456197894 1456197894
ibr-16_ibr-41_4.txt 0 1456197895 1456197895
ibr-16_ibr-41_5.txt 0 1456197894 1456197894
ibr-16_ibr-41_6.txt 0 1456197894 1456197894
ibr-16_ibr-41_7.txt 1024 1456197894 1456203145
ibr-16_ibr-41_8.txt 1024 1456197894 1456203145
ibr-16_ibr-41_9.txt 0 1456197895 1456197895
ibr-16_ibr-44_1.txt 1024 1456197893 1456202625
ibr-16_ibr-46_1.txt 1024 1456197894 1456198840
ibr-16_ibr-46_2.txt 0 1456197894 1456197894
ibr-16_ibr-46_3.txt 1024 1456197894 1456202550
ibr-16_ibr-46_4.txt 0 1456197895 1456197895
ibr-16_ibr-46_5.txt 0 1456197894 1456197894
ibr-16_ibr-46_6.txt 1024 1456197895 1456202550
ibr-16_ibr-46_7.txt 0 1456197895 1456197895
ibr-16_ibr-51_1.txt 1024 1456197896 1456198870
ibr-16_ibr-51_2.txt 0 1456197894 1456197894
ibr-16_ibr-51_3.txt 0 1456197895 1456197895
ibr-16_ibr-51_4.txt 0 1456197895 1456197895
ibr-16_ibr-51_5.txt 0 1456197895 1456197895
ibr-16_ibr-51_6.txt 0 1456197895 1456197895
ibr-16_ibr-51_7.txt 0 1456197894 1456197894
ibr-16_ibr-54_1.txt 0 1456197893 1456197893
ibr-16_ibr-56_1.txt 0 1456197894 1456197894
ibr-16_ibr-56_2.txt 0 1456197894 1456197894
ibr-16_ibr-56_3.txt 0 1456197894 1456197894
ibr-16_ibr-56_4.txt 0 1456197895 1456197895
ibr-16_ibr-56_5.txt 0 1456197894 1456197894
ibr-16_ibr-6_10.txt 0 1456197895 1456197895
ibr-16_ibr-6_11.txt 1024 1456197894 1456202420
ibr-16_ibr-6_12.txt 0 1456197895 1456197895
ibr-16_ibr-6_1.txt 1024 1456197894 1456198592
ibr-16_ibr-6_2.txt 1024 1456197894 1456199555
ibr-16_ibr-6_3.txt 0 1456197895 1456197895
ibr-16_ibr-6_4.txt 0 1456197895 1456197895
ibr-16_ibr-6_5.txt 1024 1456197894 1456199560
ibr-16_ibr-6_6.txt 1024 1456197895 1456202420
ibr-16_ibr-6_7.txt 1024 1456197894 1456202420
ibr-16_ibr-6_8.txt 0 1456197895 1456197895
ibr-16_ibr-6_9.txt 1024 1456197894 1456202610
ibr-16_ibr-7_1.txt 0 1456197893 1456197893
ibr-16_ibr-7_2.txt 0 1456197893 1456197893
ibr-16_ibr-8_1.txt 0 1456197894 1456197894
ibr-17_ibr-10_1.txt 1024 1456197893 1456199925
ibr-17_ibr-11_1.txt 1024 1456197894 1456201715
ibr-17_ibr-12_1.txt 1024 1456197895 1456201715
ibr-17_ibr-19_1.txt 1024 1456197894 1456201524
ibr-17_ibr-2_1.txt 1024 1456197893 1456201910
ibr-17_ibr-26_1.txt 1024 1456197895 1456202025
ibr-17_ibr-28_1.txt 1024 1456197894 1456199905
ibr-17_ibr-30_1.txt 1024 1456197894 1456202358
ibr-17_ibr-3_1.txt 1024 1456197893 1456199505
ibr-17_ibr-50_1.txt 1024 1456197893 1456199355
ibr-17_ibr-50_2.txt 0 1456197894 1456197894
ibr-17_ibr-7_1.txt 0 1456197894 1456197894
ibr-18_ibr-15_1.txt 0 1456197894 1456197894
ibr-18_ibr-19_1.txt 1024 1456197894 1456199590
ibr-18_ibr-21_1.txt 0 1456197895 1456197895
ibr-18_ibr-2_1.txt 1024 1456197893 1456201920
ibr-18_ibr-24_1.txt 0 1456197894 1456197894
ibr-18_ibr-36_1.txt 1024 1456197894 1456199360
ibr-18_ibr-39_1.txt 1024 1456197894 1456201369
ibr-18_ibr-4_1.txt 0 1456197893 1456197893
ibr-18_ibr-51_1.txt 1024 1456197895 1456202810
ibr-18_ibr-53_1.txt 1024 1456197894 1456201294
ibr-18_ibr-54_1.txt 1024 1456197893 1456201785
ibr-18_ibr-7_1.txt 0 1456197893 1456197893
ibr-19_ibr-12_1.txt 1024 1456197895 1456200404
ibr-19_ibr-18_1.txt 1024 1456197893 1456199177
ibr-19_ibr-22_1.txt 1024 1456197893 1456199615
ibr-19_ibr-30_1.txt 1024 1456197894 1456202358
ibr-19_ibr-35_1.txt 1024 1456197894 1456201905
ibr-19_ibr-40_1.txt 0 1456197895 1456197895
ibr-19_ibr-44_1.txt 1024 1456197893 1456201364
ibr-19_ibr-44_2.txt 1024 1456197894 1456201364
ibr-19_ibr-46_1.txt 1024 1456197894 1456199775
ibr-19_ibr-47_1.txt 1024 1456197894 1456202096
ibr-19_ibr-55_1.txt 1024 1456197893 1456202235
ibr-19_ibr-9_1.txt 1024 1456197894 1456200620
ibr-1_ibr-11_1.txt 1024 1456197894 1456198580
ibr-1_ibr-11_2.txt 1024 1456197894 1456198751
ibr-1_ibr-11_3.txt 0 1456197894 1456197894
ibr-1_ibr-11_4.txt 0 1456197896 1456197896
ibr-1_ibr-11_5.txt 0 1456197894 1456197894
ibr-1_ibr-11_6.txt 0 1456197894 1456197894
ibr-1_ibr-11_7.txt 0 1456197894 1456197894
ibr-1_ibr-16_1.txt 0 1456197895 1456197895
ibr-1_ibr-16_2.txt 1024 1456197894 1456202260
ibr-1_ibr-16_3.txt 0 1456197894 1456197894
ibr-1_ibr-16_4.txt 0 1456197894 1456197894
ibr-1_ibr-16_5.txt 0 1456197894 1456197894
ibr-1_ibr-21_1.txt 1024 1456197894 1456198950
ibr-1_ibr-21_2.txt 0 1456197895 1456197895
ibr-1_ibr-21_3.txt 0 1456197895 1456197895
ibr-1_ibr-26_1.txt 0 1456197895 1456197895
ibr-1_ibr-26_2.txt 0 1456197894 1456197894
ibr-1_ibr-26_3.txt 0 1456197893 1456197893
ibr-1_ibr-26_4.txt 0 1456197894 1456197894
ibr-1_ibr-31_1.txt 0 1456197895 1456197895
ibr-1_ibr-31_2.txt 0 1456197894 1456197894
ibr-1_ibr-36_1.txt 1024 1456197894 1456198740
ibr-1_ibr-36_2.txt 0 1456197895 1456197895
ibr-1_ibr-36_3.txt 0 1456197894 1456197894
ibr-1_ibr-36_4.txt 0 1456197895 1456197895
ibr-1_ibr-41_1.txt 0 1456197894 1456197894
ibr-1_ibr-41_2.txt 0 1456197894 1456197894
ibr-1_ibr-41_3.txt 0 1456197894 1456197894
ibr-1_ibr-46_1.txt 0 1456197894 1456197894
ibr-1_ibr-46_2.txt 0 1456197895 1456197895
ibr-1_ibr-46_3.txt 0 1456197895 1456197895
ibr-1_ibr-46_4.txt 0 1456197895 1456197895
ibr-1_ibr-51_1.txt 0 1456197895 1456197895
ibr-1_ibr-51_2.txt 0 1456197894 1456197894
ibr-1_ibr-56_1.txt 0 1456197894 1456197894
ibr-1_ibr-56_2.txt 0 1456197895 1456197895
ibr-1_ibr-56_3.txt 0 1456197895 1456197895
ibr-1_ibr-56_4.txt 0 1456197894 1456197894
ibr-1_ibr-56_5.txt 0 1456197895 1456197895
ibr-1_ibr-56_6.txt 0 1456197895 1456197895
ibr-1_ibr-56_7.txt 0 1456197895 1456197895
ibr-1_ibr-6_1.txt 1024 1456197894 1456198970
ibr-1_ibr-6_2.txt 0 1456197895 1456197895
ibr-1_ibr-6_3.txt 1024 1456197895 1456202190
ibr-1_ibr-6_4.txt 0 1456197895 1456197895
ibr-1_ibr-6_5.txt 0 1456197895 1456197895
ibr-1_ibr-6_6.txt 0 1456197895 1456197895
ibr-1_ibr-6_7.txt 0 1456197894 1456197894
ibr-20_ibr-10_1.txt 1024 1456197893 1456200939
ibr-20_ibr-15_1.txt 0 1456197894 1456197894
ibr-20_ibr-17_1.txt 0 1456197893 1456197893
ibr-20_ibr-17_2.txt 1024 1456197894 1456201790
ibr-20_ibr-23_1.txt 1024 1456197894 1456200220
ibr-20_ibr-28_1.txt 0 1456197893 1456197893
ibr-20_ibr-31_1.txt 0 1456197895 1456197895
ibr-20_ibr-3_1.txt 1024 1456197893 1456201644
ibr-20_ibr-34_1.txt 1024 1456197894 1456199135
ibr-20_ibr-4_1.txt 1024 1456197894 1456198825
ibr-20_ibr-47_1.txt 0 1456197894 1456197894
ibr-20_ibr-47_2.txt 1024 1456197894 1456200929
ibr-20_ibr-50_1.txt 1024 1456197893 1456199355
ibr-20_ibr-52_1.txt 1024 1456197893 1456200644
ibr-20_ibr-55_1.txt 1024 1456197894 1456199880
ibr-20_ibr-56_1.txt 0 1456197894 1456197894
ibr-21_ibr-11_1.txt 1024 1456197894 1456199140
ibr-21_ibr-11_2.txt 1024 1456197894 1456202560
ibr-21_ibr-11_3.txt 0 1456197894 1456197894
ibr-21_ibr-11_4.txt 0 1456197895 1456197895
ibr-21_ibr-1_1.txt 1024 1456197894 1456198895
ibr-21_ibr-1_2.txt 0 1456197894 1456197894
ibr-21_ibr-1_3.txt 0 1456197895 1456197895
ibr-21_ibr-14_1.txt 0 1456197893 1456197893
ibr-21_ibr-1_4.txt 0 1456197894 1456197894
ibr-21_ibr-1_5.txt 0 1456197894 1456197894
ibr-21_ibr-16_1.txt 1024 1456197895 1456202260
ibr-21_ibr-16_2.txt 1024 1456197895 1456202515
ibr-21_ibr-16_3.txt 0 1456197895 1456197895
ibr-21_ibr-16_4.txt 0 1456197895 1456197895
ibr-21_ibr-16_5.txt 0 1456197894 1456197894
ibr-21_ibr-16_6.txt 0 1456197894 1456197894
ibr-21_ibr-16_7.txt 0 1456197894 1456197894
ibr-21_ibr-16_8.txt 0 1456197894 1456197894
ibr-21_ibr-16_9.txt 0 1456197894 1456197894
ibr-21_ibr-1_6.txt 0 1456197895 1456197895
ibr-21_ibr-18_1.txt 0 1456197893 1456197893
ibr-21_ibr-26_1.txt 0 1456197894 1456197894
ibr-21_ibr-26_2.txt 0 1456197894 1456197894
ibr-21_ibr-26_3.txt 0 1456197895 1456197895
ibr-21_ibr-26_4.txt 0 1456197894 1456197894
ibr-21_ibr-31_1.txt 1024 1456197894 1456198985
ibr-21_ibr-31_2.txt 1024 1456197894 1456198985
ibr-21_ibr-31_3.txt 1024 1456197894 1456202540
ibr-21_ibr-31_4.txt 1024 1456197894 1456202365
ibr-21_ibr-31_5.txt 0 1456197894 1456197894
ibr-21_ibr-31_6.txt 0 1456197895 1456197895
ibr-21_ibr-31_7.txt 0 1456197894 1456197894
ibr-21_ibr-34_1.txt 0 1456197894 1456197894
ibr-21_ibr-36_1.txt 1024 1456197894 1456199165
ibr-21_ibr-36_2.txt 1024 1456197894 1456202680
ibr-21_ibr-36_3.txt 0 1456197894 1456197894
ibr-21_ibr-36_4.txt 0 1456197895 1456197895
ibr-21_ibr-36_5.txt 0 1456197895 1456197895
ibr-21_ibr-36_6.txt 0 1456197894 1456197894
ibr-21_ibr-36_7.txt 0 1456197895 1456197895
ibr-21_ibr-39_1.txt 0 1456197894 1456197894
ibr-21_ibr-41_1.txt 0 1456197894 1456197894
ibr-21_ibr-41_2.txt 1024 1456197894 1456202550
ibr-21_ibr-41_3.txt 1024 1456197895 1456202550
ibr-21_ibr-41_4.txt 0 1456197895 1456197895
ibr-21_ibr-41_5.txt 0 1456197894 1456197894
ibr-21_ibr-46_1.txt 1024 1456197894 1456199010
ibr-21_ibr-46_2.txt 1024 1456197894 1456202063
ibr-21_ibr-46_3.txt 1024 1456197894 1456202063
ibr-21_ibr-46_4.txt 0 1456197895 1456197895
ibr-21_ibr-46_5.txt 0 1456197895 1456197895
ibr-21_ibr-46_6.txt 0 1456197895 1456197895
ibr-21_ibr-46_7.txt 0 1456197895 1456197895
ibr-21_ibr-47_1.txt 1024 1456197894 1456198564
ibr-21_ibr-51_1.txt 1024 1456197894 1456199520
ibr-21_ibr-51_2.txt 0 1456197894 1456197894
ibr-21_ibr-51_3.txt 0 1456197895 1456197895
ibr-21_ibr-5_1.txt 0 1456197893 1456197893
ibr-21_ibr-55_1.txt 1024 1456197894 1456202435
ibr-21_ibr-56_1.txt 0 1456197894 1456197894
ibr-21_ibr-56_2.txt 0 1456197894 1456197894
ibr-21_ibr-56_3.txt 0 1456197894 1456197894
ibr-21_ibr-56_4.txt 0 1456197894 1456197894
ibr-21_ibr-56_5.txt 0 1456197895 1456197895
ibr-21_ibr-56_6.txt 0 1456197895 1456197895
ibr-21_ibr-6_1.txt 1024 1456197894 1456198592
ibr-21_ibr-6_2.txt 1024 1456197894 1456198809
ibr-21_ibr-6_3.txt 1024 1456197894 1456202190
ibr-21_ibr-6_4.txt 0 1456197895 1456197895
ibr-21_ibr-6_5.txt 0 1456197894 1456197894
ibr-21_ibr-8_1.txt 1024 1456197894 1456198705
ibr-22_ibr-15_1.txt 0 1456197894 1456197894
ibr-22_ibr-19_1.txt 1024 1456197894 1456202330
ibr-22_ibr-2_1.txt 1024 1456197893 1456200785
ibr-22_ibr-24_1.txt 1024 1456197894 1456200504
ibr-22_ibr-25_1.txt 1024 1456197894 1456201374
ibr-22_ibr-35_1.txt 1024 1456197894 1456200839
ibr-22_ibr-40_1.txt 1024 1456197893 1456199020
ibr-22_ibr-40_2.txt 1024 1456197893 1456201284
ibr-22_ibr-4_1.txt 1024 1456197894 1456201279
ibr-22_ibr-47_1.txt 1024 1456197894 1456202705
ibr-22_ibr-49_1.txt 1024 1456197894 1456202760
ibr-22_ibr-52_1.txt 1024 1456197894 1456202650
ibr-22_ibr-9_1.txt 1024 1456197893 1456198735
ibr-23_ibr-16_1.txt 1024 1456197895 1456198700
ibr-23_ibr-19_1.txt 0 1456197894 1456197894
ibr-23_ibr-21_1.txt 0 1456197895 1456197895
ibr-23_ibr-25_1.txt 1024 1456197893 1456199725
ibr-23_ibr-30_1.txt 1024 1456197893 1456202435
ibr-23_ibr-31_1.txt 0 1456197895 1456197895
ibr-23_ibr-31_2.txt 1024 1456197895 1456203005
ibr-23_ibr-34_1.txt 1024 1456197894 1456198856
ibr-23_ibr-44_1.txt 1024 1456197893 1456200539
ibr-23_ibr-47_1.txt 0 1456197893 1456197893
ibr-23_ibr-49_1.txt 1024 1456197894 1456202760
ibr-23_ibr-51_1.txt 0 1456197894 1456197894
ibr-23_ibr-52_1.txt 1024 1456197894 1456199730
ibr-24_ibr-16_1.txt 1024 1456197894 1456200269
ibr-24_ibr-22_1.txt 1024 1456197894 1456199235
ibr-24_ibr-26_1.txt 1024 1456197894 1456198780
ibr-24_ibr-32_1.txt 0 1456197893 1456197893
ibr-24_ibr-36_1.txt 1024 1456197894 1456199015
ibr-24_ibr-38_1.txt 1024 1456197893 1456200464
ibr-24_ibr-41_1.txt 1024 1456197894 1456202550
ibr-24_ibr-41_2.txt 1024 1456197894 1456202550
ibr-24_ibr-4_1.txt 1024 1456197893 1456199540
ibr-24_ibr-9_1.txt 1024 1456197893 1456200444
ibr-25_ibr-13_1.txt 1024 1456197893 1456202790
ibr-25_ibr-23_1.txt 1024 1456197894 1456200814
ibr-25_ibr-24_1.txt 1024 1456197894 1456200060
ibr-25_ibr-29_1.txt 1024 1456197894 1456198755
ibr-25_ibr-29_2.txt 1024 1456197895 1456198886
ibr-25_ibr-40_1.txt 1024 1456197893 1456202340
ibr-25_ibr-42_1.txt 0 1456197894 1456197894
ibr-25_ibr-53_1.txt 0 1456197894 1456197894
ibr-25_ibr-53_2.txt 1024 1456197894 1456199830
ibr-25_ibr-53_3.txt 1024 1456197894 1456201164
ibr-25_ibr-54_1.txt 1024 1456197893 1456199990
ibr-25_ibr-55_1.txt 1024 1456197894 1456202810
ibr-25_ibr-55_2.txt 1024 1456197894 1456203345
ibr-25_ibr-56_1.txt 0 1456197894 1456197894
ibr-25_ibr-56_2.txt 0 1456197894 1456197894
ibr-25_ibr-6_1.txt 1024 1456197895 1456199745
ibr-25_ibr-7_1.txt 1024 1456197894 1456200714
ibr-26_ibr-11_1.txt 1024 1456197894 1456198808
ibr-26_ibr-11_2.txt 0 1456197894 1456197894
ibr-26_ibr-11_3.txt 0 1456197895 1456197895
ibr-26_ibr-11_4.txt 0 1456197894 1456197894
ibr-26_ibr-11_5.txt 0 1456197894 1456197894
ibr-26_ibr-1_1.txt 0 1456197894 1456197894
ibr-26_ibr-16_1.txt 0 1456197894 1456197894
ibr-26_ibr-16_2.txt 0 1456197895 1456197895
ibr-26_ibr-16_3.txt 0 1456197895 1456197895
ibr-26_ibr-16_4.txt 0 1456197895 1456197895
ibr-26_ibr-16_5.txt 0 1456197894 1456197894
ibr-26_ibr-16_6.txt 1024 1456197894 1456202540
ibr-26_ibr-16_7.txt 0 1456197894 1456197894
ibr-26_ibr-16_8.txt 0 1456197894 1456197894
ibr-26_ibr-17_1.txt 0 1456197894 1456197894
ibr-26_ibr-19_1.txt 1024 1456197894 1456201354
ibr-26_ibr-20_1.txt 0 1456197894 1456197894
ibr-26_ibr-21_1.txt 1024 1456197894 1456199250
ibr-26_ibr-21_2.txt 1024 1456197895 1456202235
ibr-26_ibr-21_3.txt 0 1456197895 1456197895
ibr-26_ibr-21_4.txt 0 1456197895 1456197895
ibr-26_ibr-21_5.txt 0 1456197894 1456197894
ibr-26_ibr-21_6.txt 0 1456197895 1456197895
ibr-26_ibr-21_7.txt 0 1456197894 1456197894
ibr-26_ibr-23_1.txt 1024 1456197894 1456202170
ibr-26_ibr-31_1.txt 1024 1456197894 1456199035
ibr-26_ibr-31_2.txt 0 1456197894 1456197894
ibr-26_ibr-31_3.txt 1024 1456197895 1456202280
ibr-26_ibr-31_4.txt 0 1456197895 1456197895
ibr-26_ibr-31_5.txt 0 1456197895 1456197895
ibr-26_ibr-31_6.txt 0 1456197895 1456197895
ibr-26_ibr-35_1.txt 1024 1456197894 1456198575
ibr-26_ibr-36_1.txt 0 1456197895 1456197895
ibr-26_ibr-36_2.txt 0 1456197895 1456197895
ibr-26_ibr-36_3.txt 0 1456197895 1456197895
ibr-26_ibr-36_4.txt 0 1456197894 1456197894
ibr-26_ibr-37_1.txt 0 1456197894 1456197894
ibr-26_ibr-41_1.txt 1024 1456197894 1456198630
ibr-26_ibr-41_2.txt 1024 1456197895 1456198630
ibr-26_ibr-41_3.txt 0 1456197895 1456197895
ibr-26_ibr-41_4.txt 0 1456197895 1456197895
ibr-26_ibr-41_5.txt 0 1456197894 1456197894
ibr-26_ibr-41_6.txt 0 1456197894 1456197894
ibr-26_ibr-41_7.txt 0 1456197895 1456197895
ibr-26_ibr-41_8.txt 0 1456197894 1456197894
ibr-26_ibr-42_1.txt 0 1456197893 1456197893
ibr-26_ibr-46_1.txt 1024 1456197894 1456198840
ibr-26_ibr-46_2.txt 0 1456197894 1456197894
ibr-26_ibr-46_3.txt 0 1456197895 1456197895
ibr-26_ibr-46_4.txt 0 1456197895 1456197895
ibr-26_ibr-47_1.txt 1024 1456197894 1456200804
ibr-26_ibr-48_1.txt 1024 1456197894 1456199655
ibr-26_ibr-51_1.txt 0 1456197894 1456197894
ibr-26_ibr-51_2.txt 1024 1456197894 1456202591
ibr-26_ibr-51_3.txt 0 1456197895 1456197895
ibr-26_ibr-51_4.txt 1024 1456197895 1456202315
ibr-26_ibr-51_5.txt 0 1456197895 1456197895
ibr-26_ibr-51_6.txt 1024 1456197894 1456202591
ibr-26_ibr-52_1.txt 0 1456197893 1456197893
ibr-26_ibr-52_2.txt 1024 1456197894 1456200105
ibr-26_ibr-53_1.txt 0 1456197894 1456197894
ibr-26_ibr-56_1.txt 0 1456197895 1456197895
ibr-26_ibr-56_2.txt 0 1456197895 1456197895
ibr-26_ibr-56_3.txt 0 1456197894 1456197894
ibr-26_ibr-6_1.txt 0 1456197895 1456197895
ibr-26_ibr-6_2.txt 1024 1456197895 1456202400
ibr-26_ibr-6_3.txt 1024 1456197895 1456202400
ibr-26_ibr-6_4.txt 0 1456197894 1456197894
ibr-26_ibr-6_5.txt 1024 1456197894 1456202400
ibr-26_ibr-6_6.txt 1024 1456197895 1456202400
ibr-26_ibr-8_1.txt 1024 1456197893 1456198735
ibr-27_ibr-16_1.txt 0 1456197895 1456197895
ibr-27_ibr-33_1.txt 1024 1456197893 1456199405
ibr-27_ibr-33_2.txt 1024 1456197893 1456202060
ibr-27_ibr-37_1.txt 0 1456197893 1456197893
ibr-27_ibr-47_1.txt 1024 1456197894 1456200015
ibr-27_ibr-51_1.txt 0 1456197894 1456197894
ibr-28_ibr-10_1.txt 1024 1456197893 1456202080
ibr-28_ibr-17_1.txt 1024 1456197894 1456199590
ibr-28_ibr-18_1.txt 0 1456197893 1456197893
ibr-28_ibr-27_1.txt 1024 1456197893 1456201277
ibr-28_ibr-3_1.txt 1024 1456197893 1456201544
ibr-28_ibr-34_1.txt 1024 1456197894 1456201675
ibr-28_ibr-4_1.txt 1024 1456197894 1456201419
ibr-28_ibr-42_1.txt 0 1456197894 1456197894
ibr-28_ibr-42_2.txt 1024 1456197893 1456203256
ibr-28_ibr-48_1.txt 1024 1456197894 1456201885
ibr-28_ibr-51_1.txt 1024 1456197895 1456201590
ibr-28_ibr-56_1.txt 0 1456197894 1456197894
ibr-28_ibr-9_1.txt 1024 1456197893 1456202270
ibr-29_ibr-20_1.txt 1024 1456197894 1456201444
ibr-29_ibr-2_1.txt 0 1456197893 1456197893
ibr-29_ibr-39_1.txt 1024 1456197893 1456201269
ibr-29_ibr-47_1.txt 1024 1456197894 1456200444
ibr-29_ibr-5_1.txt 1024 1456197893 1456199655
ibr-29_ibr-52_1.txt 1024 1456197894 1456199670
ibr-29_ibr-52_2.txt 1024 1456197893 1456200105
ibr-2_ibr-14_1.txt 1024 1456197894 1456201930
ibr-2_ibr-29_1.txt 1024 1456197895 1456199270
ibr-2_ibr-30_1.txt 1024 1456197894 1456199295
ibr-2_ibr-42_1.txt 1024 1456197894 1456202647
ibr-2_ibr-48_1.txt 1024 1456197894 1456202190
ibr-2_ibr-48_2.txt 1024 1456197894 1456202190
ibr-2_ibr-50_1.txt 1024 1456197894 1456199355
ibr-2_ibr-53_1.txt 1024 1456197893 1456199395
ibr-2_ibr-54_1.txt 1024 1456197894 1456199360
ibr-2_ibr-7_1.txt 1024 1456197893 1456200785
ibr-2_ibr-7_2.txt 1024 1456197894 1456202210
ibr-30_ibr-17_1.txt 1024 1456197894 1456200644
ibr-30_ibr-18_1.txt 1024 1456197893 1456198810
ibr-30_ibr-24_1.txt 1024 1456197894 1456201354
ibr-30_ibr-36_1.txt 1024 1456197895 1456202445
ibr-30_ibr-40_1.txt 1024 1456197895 1456199885
ibr-30_ibr-41_1.txt 1024 1456197895 1456202550
ibr-30_ibr-44_1.txt 1024 1456197893 1456200679
ibr-30_ibr-45_1.txt 1024 1456197894 1456201389
ibr-30_ibr-50_1.txt 1024 1456197894 1456202795
ibr-30_ibr-50_2.txt 0 1456197893 1456197893
ibr-31_ibr-11_1.txt 0 1456197895 1456197895
ibr-31_ibr-11_2.txt 1024 1456197894 1456203015
ibr-31_ibr-11_3.txt 0 1456197894 1456197894
ibr-31_ibr-11_4.txt 0 1456197894 1456197894
ibr-31_ibr-1_1.txt 1024 1456197895 1456198635
ibr-31_ibr-1_2.txt 0 1456197894 1456197894
ibr-31_ibr-1_3.txt 0 1456197894 1456197894
ibr-31_ibr-1_4.txt 0 1456197894 1456197894
ibr-31_ibr-1_5.txt 0 1456197894 1456197894
ibr-31_ibr-16_1.txt 0 1456197895 1456197895
ibr-31_ibr-16_2.txt 1024 1456197894 1456203258
ibr-31_ibr-16_3.txt 0 1456197894 1456197894
ibr-31_ibr-20_1.txt 1024 1456197894 1456198797
ibr-31_ibr-20_2.txt 1024 1456197894 1456203280
ibr-31_ibr-21_1.txt 1024 1456197895 1456199435
ibr-31_ibr-21_2.txt 0 1456197894 1456197894
ibr-31_ibr-21_3.txt 0 1456197895 1456197895
ibr-31_ibr-21_4.txt 0 1456197894 1456197894
ibr-31_ibr-26_1.txt 0 1456197894 1456197894
ibr-31_ibr-26_2.txt 0 1456197894 1456197894
ibr-31_ibr-26_3.txt 0 1456197894 1456197894
ibr-31_ibr-26_4.txt 1024 1456197895 1456202590
ibr-31_ibr-26_5.txt 0 1456197895 1456197895
ibr-31_ibr-26_6.txt 0 1456197894 1456197894
ibr-31_ibr-26_7.txt 0 1456197894 1456197894
ibr-31_ibr-26_8.txt 0 1456197894 1456197894
ibr-31_ibr-26_9.txt 0 1456197895 1456197895
ibr-31_ibr-33_1.txt 1024 1456197893 1456198575
ibr-31_ibr-34_1.txt 1024 1456197894 1456198898
ibr-31_ibr-35_1.txt 0 1456197894 1456197894
ibr-31_ibr-36_1.txt 1024 1456197894 1456199360
ibr-31_ibr-36_2.txt 0 1456197894 1456197894
ibr-31_ibr-36_3.txt 1024 1456197895 1456202680
ibr-31_ibr-36_4.txt 1024 1456197895 1456202680
ibr-31_ibr-36_5.txt 0 1456197895 1456197895
ibr-31_ibr-36_6.txt 0 1456197894 1456197894
ibr-31_ibr-38_1.txt 0 1456197894 1456197894
ibr-31_ibr-41_10.txt 0 1456197895 1456197895
ibr-31_ibr-41_1.txt 1024 1456197894 1456198700
ibr-31_ibr-41_2.txt 1024 1456197895 1456198700
ibr-31_ibr-41_3.txt 0 1456197895 1456197895
ibr-31_ibr-41_4.txt 0 1456197894 1456197894
ibr-31_ibr-41_5.txt 0 1456197894 1456197894
ibr-31_ibr-41_6.txt 0 1456197894 1456197894
ibr-31_ibr-41_7.txt 0 1456197894 1456197894
ibr-31_ibr-41_8.txt 0 1456197894 1456197894
ibr-31_ibr-41_9.txt 0 1456197894 1456197894
ibr-31_ibr-46_1.txt 1024 1456197895 1456199010
ibr-31_ibr-46_2.txt 0 1456197894 1456197894
ibr-31_ibr-46_3.txt 0 1456197894 1456197894
ibr-31_ibr-46_4.txt 0 1456197894 1456197894
ibr-31_ibr-46_5.txt 0 1456197894 1456197894
ibr-31_ibr-46_6.txt 0 1456197894 1456197894
ibr-31_ibr-46_7.txt 1024 1456197895 1456203395
ibr-31_ibr-46_8.txt 0 1456197894 1456197894
ibr-31_ibr-46_9.txt 0 1456197895 1456197895
ibr-31_ibr-51_1.txt 0 1456197894 1456197894
ibr-31_ibr-54_1.txt 1024 1456197894 1456199775
ibr-31_ibr-56_1.txt 0 1456197894 1456197894
ibr-31_ibr-56_2.txt 0 1456197894 1456197894
ibr-31_ibr-56_3.txt 0 1456197895 1456197895
ibr-31_ibr-56_4.txt 0 1456197894 1456197894
ibr-31_ibr-6_1.txt 1024 1456197894 1456199030
ibr-31_ibr-6_2.txt 1024 1456197894 1456199030
ibr-31_ibr-6_3.txt 0 1456197894 1456197894
ibr-31_ibr-6_4.txt 0 1456197895 1456197895
ibr-31_ibr-6_5.txt 0 1456197895 1456197895
ibr-31_ibr-6_6.txt 0 1456197894 1456197894
ibr-32_ibr-12_1.txt 1024 1456197894 1456201765
ibr-32_ibr-16_1.txt 0 1456197894 1456197894
ibr-32_ibr-19_1.txt 1024 1456197894 1456200085
ibr-32_ibr-21_1.txt 1024 1456197894 1456202300
ibr-32_ibr-40_1.txt 1024 1456197893 1456198444
ibr-32_ibr-50_1.txt 0 1456197894 1456197894
ibr-32_ibr-54_1.txt 1024 1456197894 1456200065
ibr-33_ibr-13_1.txt 0 1456197893 1456197893
ibr-33_ibr-14_1.txt 1024 1456197893 1456203060
ibr-33_ibr-19_1.txt 0 1456197894 1456197894
ibr-33_ibr-20_1.txt 1024 1456197894 1456199135
ibr-33_ibr-22_1.txt 1024 1456197894 1456198975
ibr-33_ibr-31_1.txt 0 1456197894 1456197894
ibr-33_ibr-34_1.txt 1024 1456197894 1456201144
ibr-33_ibr-39_1.txt 1024 1456197894 1456202296
ibr-33_ibr-4_1.txt 0 1456197893 1456197893
ibr-33_ibr-43_1.txt 1024 1456197893 1456198800
ibr-33_ibr-46_1.txt 1024 1456197895 1456203320
ibr-33_ibr-47_1.txt 1024 1456197894 1456202330
ibr-33_ibr-48_1.txt 1024 1456197894 1456200630
ibr-33_ibr-49_1.txt 0 1456197894 1456197894
ibr-33_ibr-53_1.txt 1024 1456197894 1456199210
ibr-33_ibr-56_1.txt 0 1456197894 1456197894
ibr-34_ibr-18_1.txt 1024 1456197894 1456202015
ibr-34_ibr-20_1.txt 1024 1456197894 1456198905
ibr-34_ibr-20_2.txt 0 1456197894 1456197894
ibr-34_ibr-22_1.txt 1024 1456197893 1456201039
ibr-34_ibr-23_1.txt 0 1456197894 1456197894
ibr-34_ibr-25_1.txt 0 1456197894 1456197894
ibr-34_ibr-26_1.txt 1024 1456197894 1456198925
ibr-34_ibr-38_1.txt 1024 1456197893 1456200325
ibr-34_ibr-39_1.txt 0 1456197893 1456197893
ibr-34_ibr-4_1.txt 1024 1456197893 1456201379
ibr-34_ibr-48_1.txt 0 1456197894 1456197894
ibr-34_ibr-50_1.txt 0 1456197894 1456197894
ibr-34_ibr-9_1.txt 1024 1456197893 1456200390
ibr-35_ibr-10_1.txt 1024 1456197895 1456198775
ibr-35_ibr-17_1.txt 1024 1456197894 1456201770
ibr-35_ibr-23_1.txt 1024 1456197894 1456199220
ibr-35_ibr-29_1.txt 0 1456197893 1456197893
ibr-35_ibr-33_1.txt 1024 1456197893 1456198434
ibr-35_ibr-8_1.txt 0 1456197894 1456197894
ibr-36_ibr-10_1.txt 1024 1456197895 1456198805
ibr-36_ibr-11_1.txt 0 1456197894 1456197894
ibr-36_ibr-11_2.txt 0 1456197895 1456197895
ibr-36_ibr-11_3.txt 1024 1456197894 1456202170
ibr-36_ibr-11_4.txt 0 1456197894 1456197894
ibr-36_ibr-11_5.txt 0 1456197895 1456197895
ibr-36_ibr-1_1.txt 0 1456197894 1456197894
ibr-36_ibr-1_2.txt 0 1456197894 1456197894
ibr-36_ibr-1_3.txt 1024 1456197894 1456202975
ibr-36_ibr-1_4.txt 0 1456197895 1456197895
ibr-36_ibr-16_1.txt 1024 1456197895 1456202455
ibr-36_ibr-16_2.txt 0 1456197895 1456197895
ibr-36_ibr-16_3.txt 0 1456197895 1456197895
ibr-36_ibr-16_4.txt 0 1456197894 1456197894
ibr-36_ibr-16_5.txt 0 1456197894 1456197894
ibr-36_ibr-16_6.txt 0 1456197894 1456197894
ibr-36_ibr-16_7.txt 0 1456197894 1456197894
ibr-36_ibr-21_1.txt 0 1456197894 1456197894
ibr-36_ibr-21_2.txt 0 1456197895 1456197895
ibr-36_ibr-21_3.txt 0 1456197894 1456197894
ibr-36_ibr-25_1.txt 0 1456197894 1456197894
ibr-36_ibr-26_1.txt 1024 1456197894 1456198780
ibr-36_ibr-26_2.txt 0 1456197895 1456197895
ibr-36_ibr-26_3.txt 0 1456197894 1456197894
ibr-36_ibr-26_4.txt 0 1456197894 1456197894
ibr-36_ibr-31_1.txt 0 1456197894 1456197894
ibr-36_ibr-31_2.txt 0 1456197894 1456197894
ibr-36_ibr-31_3.txt 0 1456197894 1456197894
ibr-36_ibr-31_4.txt 0 1456197894 1456197894
ibr-36_ibr-31_5.txt 0 1456197894 1456197894
ibr-36_ibr-31_6.txt 0 1456197895 1456197895
ibr-36_ibr-41_1.txt 0 1456197894 1456197894
ibr-36_ibr-41_2.txt 0 1456197895 1456197895
ibr-36_ibr-41_3.txt 0 1456197894 1456197894
ibr-36_ibr-41_4.txt 0 1456197894 1456197894
ibr-36_ibr-42_1.txt 1024 1456197893 1456200505
ibr-36_ibr-46_1.txt 1024 1456197894 1456202335
ibr-36_ibr-46_2.txt 1024 1456197894 1456202306
ibr-36_ibr-46_3.txt 0 1456197895 1456197895
ibr-36_ibr-46_4.txt 0 1456197895 1456197895
ibr-36_ibr-46_5.txt 0 1456197895 1456197895
ibr-36_ibr-46_6.txt 0 1456197895 1456197895
ibr-36_ibr-50_1.txt 0 1456197893 1456197893
ibr-36_ibr-51_1.txt 0 1456197894 1456197894
ibr-36_ibr-51_2.txt 0 1456197895 1456197895
ibr-36_ibr-51_3.txt 0 1456197894 1456197894
ibr-36_ibr-51_4.txt 0 1456197895 1456197895
ibr-36_ibr-51_5.txt 0 1456197895 1456197895
ibr-36_ibr-51_6.txt 0 1456197894 1456197894
ibr-36_ibr-51_7.txt 0 1456197894 1456197894
ibr-36_ibr-51_8.txt 0 1456197894 1456197894
ibr-36_ibr-53_1.txt 1024 1456197894 1456198750
ibr-36_ibr-56_1.txt 0 1456197894 1456197894
ibr-36_ibr-56_2.txt 0 1456197894 1456197894
ibr-36_ibr-56_3.txt 0 1456197894 1456197894
ibr-36_ibr-56_4.txt 0 1456197894 1456197894
ibr-36_ibr-56_5.txt 0 1456197894 1456197894
ibr-36_ibr-56_6.txt 0 1456197894 1456197894
ibr-36_ibr-56_7.txt 0 1456197894 1456197894
ibr-36_ibr-56_8.txt 0 1456197894 1456197894
ibr-36_ibr-56_9.txt 0 1456197895 1456197895
ibr-36_ibr-6_1.txt 1024 1456197894 1456198592
ibr-36_ibr-6_2.txt 0 1456197894 1456197894
ibr-36_ibr-6_3.txt 0 1456197894 1456197894
ibr-37_ibr-11_1.txt 1024 1456197895 1456203080
ibr-37_ibr-19_1.txt 1024 1456197894 1456200974
ibr-37_ibr-23_1.txt 1024 1456197894 1456202191
ibr-37_ibr-41_1.txt 1024 1456197896 1456203360
ibr-37_ibr-4_1.txt 1024 1456197894 1456200175
ibr-37_ibr-42_1.txt 0 1456197894 1456197894
ibr-37_ibr-7_1.txt 1024 1456197894 1456200925
ibr-38_ibr-12_1.txt 1024 1456197894 1456200604
ibr-38_ibr-20_1.txt 1024 1456197894 1456199935
ibr-38_ibr-32_1.txt 0 1456197894 1456197894
ibr-38_ibr-39_1.txt 1024 1456197893 1456198619
ibr-38_ibr-42_1.txt 1024 1456197893 1456203256
ibr-38_ibr-45_1.txt 1024 1456197893 1456201199
ibr-38_ibr-45_2.txt 1024 1456197893 1456201199
ibr-38_ibr-46_1.txt 0 1456197895 1456197895
ibr-38_ibr-47_1.txt 1024 1456197894 1456201439
ibr-38_ibr-48_1.txt 0 1456197894 1456197894
ibr-38_ibr-51_1.txt 1024 1456197894 1456203226
ibr-38_ibr-55_1.txt 0 1456197894 1456197894
ibr-39_ibr-13_1.txt 0 1456197894 1456197894
ibr-39_ibr-15_1.txt 1024 1456197894 1456200070
ibr-39_ibr-23_1.txt 1024 1456197894 1456200115
ibr-39_ibr-29_1.txt 0 1456197893 1456197893
ibr-39_ibr-41_1.txt 1024 1456197895 1456202145
ibr-39_ibr-50_1.txt 0 1456197893 1456197893
ibr-39_ibr-52_1.txt 1024 1456197894 1456199330
ibr-39_ibr-54_1.txt 1024 1456197894 1456200424
ibr-39_ibr-6_1.txt 1024 1456197895 1456203410
ibr-39_ibr-6_2.txt 1024 1456197895 1456202730
ibr-3_ibr-10_1.txt 1024 1456197893 1456200859
ibr-3_ibr-12_1.txt 1024 1456197893 1456198805
ibr-3_ibr-18_1.txt 0 1456197893 1456197893
ibr-3_ibr-39_1.txt 1024 1456197894 1456201499
ibr-3_ibr-4_1.txt 1024 1456197893 1456199365
ibr-3_ibr-45_1.txt 0 1456197893 1456197893
ibr-3_ibr-49_1.txt 1024 1456197894 1456202760
ibr-3_ibr-5_1.txt 1024 1456197893 1456199900
ibr-40_ibr-14_1.txt 1024 1456197894 1456198690
ibr-40_ibr-26_1.txt 1024 1456197895 1456198780
ibr-40_ibr-27_1.txt 1024 1456197894 1456202785
ibr-40_ibr-31_1.txt 1024 1456197894 1456203050
ibr-40_ibr-3_1.txt 1024 1456197893 1456200365
ibr-40_ibr-32_1.txt 0 1456197893 1456197893
ibr-40_ibr-34_1.txt 1024 1456197894 1456201725
ibr-40_ibr-35_1.txt 1024 1456197894 1456199020
ibr-40_ibr-37_1.txt 1024 1456197894 1456203130
ibr-40_ibr-38_1.txt 0 1456197893 1456197893
ibr-40_ibr-39_1.txt 1024 1456197894 1456200564
ibr-40_ibr-4_1.txt 1024 1456197893 1456200180
ibr-40_ibr-42_1.txt 1024 1456197893 1456203674
ibr-40_ibr-48_1.txt 1024 1456197894 1456199995
ibr-41_ibr-10_1.txt 1024 1456197893 1456199025
ibr-41_ibr-10_2.txt 0 1456197893 1456197893
ibr-41_ibr-11_1.txt 0 1456197895 1456197895
ibr-41_ibr-11_2.txt 0 1456197894 1456197894
ibr-41_ibr-11_3.txt 0 1456197894 1456197894
ibr-41_ibr-11_4.txt 0 1456197894 1456197894
ibr-41_ibr-1_1.txt 1024 1456197895 1456202105
ibr-41_ibr-1_2.txt 0 1456197894 1456197894
ibr-41_ibr-1_3.txt 0 1456197894 1456197894
ibr-41_ibr-1_4.txt 0 1456197894 1456197894
ibr-41_ibr-16_1.txt 0 1456197894 1456197894
ibr-41_ibr-16_2.txt 0 1456197894 1456197894
ibr-41_ibr-16_3.txt 0 1456197894 1456197894
ibr-41_ibr-16_4.txt 0 1456197895 1456197895
ibr-41_ibr-16_5.txt 0 1456197894 1456197894
ibr-41_ibr-19_1.txt 1024 1456197894 1456201364
ibr-41_ibr-21_1.txt 1024 1456197895 1456198642
ibr-41_ibr-21_2.txt 0 1456197894 1456197894
ibr-41_ibr-21_3.txt 0 1456197895 1456197895
ibr-41_ibr-21_4.txt 0 1456197895 1456197895
ibr-41_ibr-21_5.txt 0 1456197895 1456197895
ibr-41_ibr-21_6.txt 0 1456197895 1456197895
ibr-41_ibr-21_7.txt 0 1456197894 1456197894
ibr-41_ibr-21_8.txt 0 1456197894 1456197894
ibr-41_ibr-25_1.txt 0 1456197894 1456197894
ibr-41_ibr-30_1.txt 0 1456197894 1456197894
ibr-41_ibr-31_1.txt 0 1456197894 1456197894
ibr-41_ibr-31_2.txt 0 1456197895 1456197895
ibr-41_ibr-31_3.txt 0 1456197895 1456197895
ibr-41_ibr-36_1.txt 0 1456197894 1456197894
ibr-41_ibr-36_2.txt 0 1456197894 1456197894
ibr-41_ibr-36_3.txt 0 1456197894 1456197894
ibr-41_ibr-37_1.txt 0 1456197893 1456197893
ibr-41_ibr-43_1.txt 0 1456197893 1456197893
ibr-41_ibr-46_1.txt 0 1456197894 1456197894
ibr-41_ibr-46_2.txt 0 1456197894 1456197894
ibr-41_ibr-46_3.txt 0 1456197894 1456197894
ibr-41_ibr-46_4.txt 0 1456197894 1456197894
ibr-41_ibr-46_5.txt 0 1456197894 1456197894
ibr-41_ibr-46_6.txt 0 1456197895 1456197895
ibr-41_ibr-51_1.txt 1024 1456197894 1456202810
ibr-41_ibr-51_2.txt 0 1456197894 1456197894
ibr-41_ibr-51_3.txt 0 1456197895 1456197895
ibr-41_ibr-51_4.txt 0 1456197895 1456197895
ibr-41_ibr-51_5.txt 0 1456197895 1456197895
ibr-41_ibr-56_1.txt 0 1456197894 1456197894
ibr-41_ibr-56_2.txt 0 1456197894 1456197894
ibr-41_ibr-56_3.txt 0 1456197894 1456197894
ibr-41_ibr-56_4.txt 0 1456197895 1456197895
ibr-41_ibr-56_5.txt 0 1456197895 1456197895
ibr-41_ibr-56_6.txt 0 1456197895 1456197895
ibr-41_ibr-56_7.txt 0 1456197896 1456197896
ibr-41_ibr-56_8.txt 0 1456197895 1456197895
ibr-41_ibr-6_1.txt 0 1456197895 1456197895
ibr-41_ibr-6_2.txt 0 1456197895 1456197895
ibr-41_ibr-6_3.txt 0 1456197895 1456197895
ibr-41_ibr-6_4.txt 0 1456197894 1456197894
ibr-42_ibr-14_1.txt 1024 1456197894 1456199230
ibr-42_ibr-24_1.txt 1024 1456197894 1456202530
ibr-42_ibr-25_1.txt 1024 1456197894 1456200000
ibr-42_ibr-26_1.txt 1024 1456197894 1456202530
ibr-42_ibr-29_1.txt 1024 1456197893 1456202550
ibr-42_ibr-33_1.txt 1024 1456197893 1456202675
ibr-42_ibr-35_1.txt 1024 1456197894 1456199815
ibr-42_ibr-37_1.txt 1024 1456197895 1456203245
ibr-42_ibr-44_1.txt 1024 1456197893 1456198545
ibr-42_ibr-44_2.txt 1024 1456197894 1456199330
ibr-42_ibr-50_1.txt 0 1456197894 1456197894
ibr-42_ibr-5_1.txt 1024 1456197893 1456202630
ibr-43_ibr-12_1.txt 1024 1456197894 1456201264
ibr-43_ibr-19_1.txt 1024 1456197894 1456201364
ibr-43_ibr-28_1.txt 1024 1456197893 1456200329
ibr-43_ibr-4_1.txt 1024 1456197893 1456203350
ibr-43_ibr-42_1.txt 0 1456197893 1456197893
ibr-43_ibr-48_1.txt 1024 1456197894 1456201214
ibr-43_ibr-55_1.txt 0 1456197894 1456197894
ibr-43_ibr-7_1.txt 1024 1456197894 1456202896
ibr-44_ibr-12_1.txt 1024 1456197894 1456198805
ibr-44_ibr-15_1.txt 1024 1456197894 1456203725
ibr-44_ibr-19_1.txt 1024 1456197894 1456201364
ibr-44_ibr-21_1.txt 1024 1456197895 1456202790
ibr-44_ibr-23_1.txt 1024 1456197894 1456199085
ibr-44_ibr-27_1.txt 1024 1456197894 1456199865
ibr-44_ibr-35_1.txt 1024 1456197893 1456202785
ibr-44_ibr-36_1.txt 0 1456197895 1456197895
ibr-44_ibr-39_1.txt 0 1456197893 1456197893
ibr-44_ibr-4_1.txt 0 1456197894 1456197894
ibr-44_ibr-4_2.txt 1024 1456197894 1456200949
ibr-44_ibr-51_1.txt 1024 1456197894 1456203360
ibr-44_ibr-53_1.txt 1024 1456197894 1456201339
ibr-45_ibr-17_1.txt 1024 1456197893 1456203220
ibr-45_ibr-22_1.txt 1024 1456197893 1456202320
ibr-45_ibr-31_1.txt 0 1456197894 1456197894
ibr-45_ibr-32_1.txt 1024 1456197893 1456200505
ibr-45_ibr-32_2.txt 1024 1456197894 1456200505
ibr-45_ibr-35_1.txt 1024 1456197893 1456200484
ibr-45_ibr-44_1.txt 1024 1456197893 1456200090
ibr-45_ibr-47_1.txt 1024 1456197893 1456201439
ibr-45_ibr-8_1.txt 0 1456197893 1456197893
ibr-46_ibr-11_1.txt 0 1456197894 1456197894
ibr-46_ibr-11_2.txt 0 1456197894 1456197894
ibr-46_ibr-11_3.txt 0 1456197894 1456197894
ibr-46_ibr-11_4.txt 0 1456197894 1456197894
ibr-46_ibr-11_5.txt 0 1456197894 1456197894
ibr-46_ibr-1_1.txt 0 1456197894 1456197894
ibr-46_ibr-1_2.txt 0 1456197894 1456197894
ibr-46_ibr-1_3.txt 0 1456197894 1456197894
ibr-46_ibr-1_4.txt 0 1456197895 1456197895
ibr-46_ibr-16_1.txt 1024 1456197895 1456198890
ibr-46_ibr-16_2.txt 0 1456197895 1456197895
ibr-46_ibr-21_1.txt 0 1456197894 1456197894
ibr-46_ibr-21_2.txt 0 1456197895 1456197895
ibr-46_ibr-21_3.txt 0 1456197895 1456197895
ibr-46_ibr-21_4.txt 0 1456197894 1456197894
ibr-46_ibr-21_5.txt 0 1456197895 1456197895
ibr-46_ibr-21_6.txt 0 1456197894 1456197894
ibr-46_ibr-21_7.txt 0 1456197894 1456197894
ibr-46_ibr-26_1.txt 1024 1456197893 1456198612
ibr-46_ibr-26_2.txt 1024 1456197894 1456198925
ibr-46_ibr-26_3.txt 0 1456197894 1456197894
ibr-46_ibr-26_4.txt 0 1456197893 1456197893
ibr-46_ibr-26_5.txt 0 1456197893 1456197893
ibr-46_ibr-26_6.txt 0 1456197895 1456197895
ibr-46_ibr-26_7.txt 0 1456197894 1456197894
ibr-46_ibr-30_1.txt 1024 1456197894 1456198775
ibr-46_ibr-31_1.txt 1024 1456197894 1456202580
ibr-46_ibr-31_2.txt 0 1456197895 1456197895
ibr-46_ibr-31_3.txt 0 1456197894 1456197894
ibr-46_ibr-31_4.txt 0 1456197894 1456197894
ibr-46_ibr-31_5.txt 0 1456197894 1456197894
ibr-46_ibr-36_10.txt 0 1456197895 1456197895
ibr-46_ibr-36_1.txt 1024 1456197894 1456199120
ibr-46_ibr-36_2.txt 1024 1456197895 1456199360
ibr-46_ibr-36_3.txt 0 1456197894 1456197894
ibr-46_ibr-36_4.txt 0 1456197894 1456197894
ibr-46_ibr-36_5.txt 0 1456197894 1456197894
ibr-46_ibr-36_6.txt 0 1456197895 1456197895
ibr-46_ibr-36_7.txt 0 1456197894 1456197894
ibr-46_ibr-36_8.txt 0 1456197894 1456197894
ibr-46_ibr-36_9.txt 0 1456197895 1456197895
ibr-46_ibr-39_1.txt 1024 1456197893 1456198744
ibr-46_ibr-41_1.txt 0 1456197894 1456197894
ibr-46_ibr-41_2.txt 0 1456197894 1456197894
ibr-46_ibr-41_3.txt 0 1456197894 1456197894
ibr-46_ibr-41_4.txt 1024 1456197894 1456203280
ibr-46_ibr-41_5.txt 0 1456197894 1456197894
ibr-46_ibr-43_1.txt 0 1456197893 1456197893
ibr-46_ibr-48_1.txt 1024 1456197894 1456198680
ibr-46_ibr-51_1.txt 1024 1456197894 1456198870
ibr-46_ibr-51_2.txt 1024 1456197894 1456198870
ibr-46_ibr-51_3.txt 1024 1456197895 1456202456
ibr-46_ibr-51_4.txt 0 1456197895 1456197895
ibr-46_ibr-51_5.txt 0 1456197895 1456197895
ibr-46_ibr-55_1.txt 0 1456197894 1456197894
ibr-46_ibr-56_1.txt 0 1456197895 1456197895
ibr-46_ibr-56_2.txt 0 1456197894 1456197894
ibr-46_ibr-6_1.txt 1024 1456197894 1456199745
ibr-46_ibr-6_2.txt 1024 1456197895 1456203216
ibr-46_ibr-6_3.txt 0 1456197894 1456197894
ibr-46_ibr-6_4.txt 0 1456197895 1456197895
ibr-46_ibr-6_5.txt 0 1456197895 1456197895
ibr-46_ibr-6_6.txt 0 1456197895 1456197895
ibr-47_ibr-13_1.txt 1024 1456197894 1456202740
ibr-47_ibr-16_1.txt 0 1456197895 1456197895
ibr-47_ibr-17_1.txt 1024 1456197894 1456199450
ibr-47_ibr-20_1.txt 1024 1456197894 1456198905
ibr-47_ibr-27_1.txt 1024 1456197893 1456199125
ibr-47_ibr-27_2.txt 1024 1456197893 1456202710
ibr-47_ibr-4_1.txt 1024 1456197894 1456203025
ibr-47_ibr-46_1.txt 0 1456197895 1456197895
ibr-47_ibr-46_2.txt 0 1456197895 1456197895
ibr-48_ibr-13_1.txt 1024 1456197894 1456199640
ibr-48_ibr-19_1.txt 1024 1456197894 1456202190
ibr-48_ibr-2_1.txt 1024 1456197893 1456201895
ibr-48_ibr-27_1.txt 0 1456197893 1456197893
ibr-48_ibr-3_1.txt 1024 1456197893 1456201970
ibr-48_ibr-32_1.txt 0 1456197895 1456197895
ibr-48_ibr-34_1.txt 1024 1456197894 1456201840
ibr-48_ibr-37_1.txt 1024 1456197894 1456199300
ibr-48_ibr-38_1.txt 1024 1456197893 1456201555
ibr-48_ibr-45_1.txt 1024 1456197894 1456203552
ibr-48_ibr-47_1.txt 1024 1456197894 1456200175
ibr-48_ibr-8_1.txt 1024 1456197893 1456201895
ibr-49_ibr-16_1.txt 1024 1456197894 1456203494
ibr-49_ibr-22_1.txt 1024 1456197893 1456198635
ibr-49_ibr-29_1.txt 1024 1456197894 1456200140
ibr-49_ibr-34_1.txt 0 1456197894 1456197894
ibr-49_ibr-35_1.txt 1024 1456197894 1456201029
ibr-49_ibr-37_1.txt 1024 1456197894 1456199310
ibr-49_ibr-40_1.txt 1024 1456197895 1456203225
ibr-49_ibr-5_1.txt 1024 1456197893 1456199930
ibr-49_ibr-52_1.txt 1024 1456197894 1456199660
ibr-49_ibr-53_1.txt 1024 1456197894 1456200025
ibr-49_ibr-54_1.txt 1024 1456197893 1456201079
ibr-4_ibr-15_1.txt 1024 1456197893 1456202245
ibr-4_ibr-26_1.txt 1024 1456197894 1456202925
ibr-4_ibr-38_1.txt 1024 1456197893 1456202905
ibr-4_ibr-40_1.txt 1024 1456197895 1456200180
ibr-4_ibr-42_1.txt 1024 1456197894 1456203360
ibr-4_ibr-56_1.txt 0 1456197895 1456197895
ibr-4_ibr-9_1.txt 1024 1456197894 1456200300
ibr-50_ibr-11_1.txt 1024 1456197893 1456199510
ibr-50_ibr-16_1.txt 1024 1456197895 1456203379
ibr-50_ibr-20_1.txt 1024 1456197894 1456203415
ibr-50_ibr-24_1.txt 1024 1456197894 1456203300
ibr-50_ibr-25_1.txt 1024 1456197894 1456199615
ibr-50_ibr-30_1.txt 0 1456197893 1456197893
ibr-50_ibr-31_1.txt 0 1456197895 1456197895
ibr-50_ibr-31_2.txt 0 1456197894 1456197894
ibr-50_ibr-3_1.txt 1024 1456197893 1456199810
ibr-50_ibr-32_1.txt 0 1456197893 1456197893
ibr-50_ibr-34_1.txt 1024 1456197894 1456201479
ibr-50_ibr-37_1.txt 1024 1456197894 1456200465
ibr-50_ibr-4_1.txt 0 1456197894 1456197894
ibr-50_ibr-42_1.txt 0 1456197893 1456197893
ibr-50_ibr-43_1.txt 1024 1456197893 1456200729
ibr-50_ibr-47_1.txt 1024 1456197894 1456199085
ibr-50_ibr-49_1.txt 0 1456197893 1456197893
ibr-50_ibr-5_1.txt 1024 1456197893 1456202120
ibr-50_ibr-8_1.txt 1024 1456197893 1456201895
ibr-51_ibr-11_1.txt 1024 1456197893 1456198810
ibr-51_ibr-11_2.txt 1024 1456197894 1456202515
ibr-51_ibr-11_3.txt 1024 1456197894 1456202880
ibr-51_ibr-11_4.txt 0 1456197894 1456197894
ibr-51_ibr-11_5.txt 0 1456197894 1456197894
ibr-51_ibr-11_6.txt 0 1456197895 1456197895
ibr-51_ibr-11_7.txt 0 1456197894 1456197894
ibr-51_ibr-1_1.txt 0 1456197894 1456197894
ibr-51_ibr-1_2.txt 0 1456197894 1456197894
ibr-51_ibr-1_3.txt 0 1456197894 1456197894
ibr-51_ibr-1_4.txt 0 1456197894 1456197894
ibr-51_ibr-1_5.txt 0 1456197895 1456197895
ibr-51_ibr-16_1.txt 1024 1456197895 1456198795
ibr-51_ibr-16_2.txt 0 1456197895 1456197895
ibr-51_ibr-16_3.txt 0 1456197894 1456197894
ibr-51_ibr-16_4.txt 1024 1456197895 1456202455
ibr-51_ibr-16_5.txt 0 1456197894 1456197894
ibr-51_ibr-16_6.txt 0 1456197894 1456197894
ibr-51_ibr-16_7.txt 0 1456197894 1456197894
ibr-51_ibr-16_8.txt 0 1456197894 1456197894
ibr-51_ibr-17_1.txt 0 1456197893 1456197893
ibr-51_ibr-21_1.txt 0 1456197895 1456197895
ibr-51_ibr-21_2.txt 1024 1456197894 1456202300
ibr-51_ibr-21_3.txt 0 1456197895 1456197895
ibr-51_ibr-21_4.txt 1024 1456197894 1456202300
ibr-51_ibr-21_5.txt 0 1456197894 1456197894
ibr-51_ibr-21_6.txt 0 1456197894 1456197894
ibr-51_ibr-26_1.txt 1024 1456197894 1456202265
ibr-51_ibr-26_2.txt 0 1456197894 1456197894
ibr-51_ibr-31_1.txt 1024 1456197894 1456198605
ibr-51_ibr-31_2.txt 0 1456197894 1456197894
ibr-51_ibr-31_3.txt 0 1456197894 1456197894
ibr-51_ibr-31_4.txt 0 1456197894 1456197894
ibr-51_ibr-31_5.txt 0 1456197895 1456197895
ibr-51_ibr-31_6.txt 0 1456197894 1456197894
ibr-51_ibr-31_7.txt 0 1456197894 1456197894
ibr-51_ibr-31_8.txt 0 1456197894 1456197894
ibr-51_ibr-31_9.txt 0 1456197895 1456197895
ibr-51_ibr-33_1.txt 0 1456197894 1456197894
ibr-51_ibr-36_1.txt 0 1456197894 1456197894
ibr-51_ibr-36_2.txt 0 1456197895 1456197895
ibr-51_ibr-36_3.txt 0 1456197894 1456197894
ibr-51_ibr-41_1.txt 0 1456197894 1456197894
ibr-51_ibr-41_2.txt 0 1456197895 1456197895
ibr-51_ibr-41_3.txt 0 1456197894 1456197894
ibr-51_ibr-46_1.txt 0 1456197894 1456197894
ibr-51_ibr-46_2.txt 0 1456197895 1456197895
ibr-51_ibr-56_1.txt 0 1456197895 1456197895
ibr-51_ibr-56_2.txt 0 1456197894 1456197894
ibr-51_ibr-56_3.txt 0 1456197894 1456197894
ibr-51_ibr-56_4.txt 0 1456197895 1456197895
ibr-51_ibr-56_5.txt 0 1456197895 1456197895
ibr-51_ibr-6_1.txt 1024 1456197894 1456199685
ibr-51_ibr-6_2.txt 1024 1456197894 1456202291
ibr-51_ibr-6_3.txt 0 1456197894 1456197894
ibr-51_ibr-6_4.txt 0 1456197895 1456197895
ibr-51_ibr-6_5.txt 0 1456197894 1456197894
ibr-51_ibr-6_6.txt 0 1456197894 1456197894
ibr-51_ibr-6_7.txt 0 1456197894 1456197894
ibr-51_ibr-7_1.txt 0 1456197893 1456197893
ibr-52_ibr-14_1.txt 1024 1456197894 1456198875
ibr-52_ibr-19_1.txt 1024 1456197894 1456201034
ibr-52_ibr-24_1.txt 1024 1456197893 1456203100
ibr-52_ibr-36_1.txt 0 1456197895 1456197895
ibr-52_ibr-51_1.txt 1024 1456197894 1456199000
ibr-52_ibr-54_1.txt 1024 1456197894 1456198559
ibr-53_ibr-15_1.txt 1024 1456197894 1456201220
ibr-53_ibr-2_1.txt 1024 1456197893 1456201971
ibr-53_ibr-24_1.txt 1024 1456197895 1456201344
ibr-53_ibr-26_1.txt 1024 1456197894 1456199795
ibr-53_ibr-35_1.txt 1024 1456197894 1456200479
ibr-53_ibr-36_1.txt 1024 1456197894 1456203141
ibr-53_ibr-43_1.txt 1024 1456197893 1456199200
ibr-53_ibr-45_1.txt 1024 1456197893 1456198835
ibr-53_ibr-47_1.txt 1024 1456197893 1456202880
ibr-53_ibr-51_1.txt 0 1456197895 1456197895
ibr-53_ibr-6_1.txt 1024 1456197894 1456203612
ibr-54_ibr-10_1.txt 1024 1456197893 1456200515
ibr-54_ibr-12_1.txt 1024 1456197893 1456200749
ibr-54_ibr-25_1.txt 1024 1456197894 1456199990
ibr-54_ibr-25_2.txt 1024 1456197894 1456201209
ibr-54_ibr-30_1.txt 1024 1456197894 1456202165
ibr-54_ibr-3_1.txt 1024 1456197893 1456199990
ibr-54_ibr-32_1.txt 1024 1456197893 1456199725
ibr-54_ibr-40_1.txt 1024 1456197895 1456202520
ibr-54_ibr-47_1.txt 1024 1456197893 1456201660
ibr-54_ibr-52_1.txt 1024 1456197894 1456199885
ibr-54_ibr-53_1.txt 1024 1456197894 1456200120
ibr-55_ibr-28_1.txt 1024 1456197893 1456198895
ibr-55_ibr-29_1.txt 1024 1456197894 1456201229
ibr-55_ibr-30_1.txt 1024 1456197893 1456202165
ibr-55_ibr-36_1.txt 0 1456197894 1456197894
ibr-55_ibr-37_1.txt 1024 1456197894 1456198960
ibr-55_ibr-41_1.txt 0 1456197894 1456197894
ibr-55_ibr-52_1.txt 1024 1456197894 1456200434
ibr-55_ibr-54_1.txt 1024 1456197894 1456200175
ibr-56_ibr-13_1.txt 0 1456197893 1456197893
ibr-56_ibr-16_1.txt 0 1456197895 1456197895
ibr-56_ibr-16_2.txt 0 1456197894 1456197894
ibr-56_ibr-17_1.txt 0 1456197893 1456197893
ibr-56_ibr-25_1.txt 0 1456197894 1456197894
ibr-56_ibr-33_1.txt 1024 1456197893 1456198735
ibr-56_ibr-41_1.txt 0 1456197895 1456197895
ibr-56_ibr-43_1.txt 0 1456197893 1456197893
ibr-56_ibr-46_1.txt 0 1456197894 1456197894
ibr-56_ibr-48_1.txt 1024 1456197894 1456200390
ibr-56_ibr-51_1.txt 0 1456197894 1456197894
ibr-56_ibr-54_1.txt 0 1456197893 1456197893
ibr-5_ibr-13_1.txt 1024 1456197893 1456201695
ibr-5_ibr-14_1.txt 1024 1456197894 1456201695
ibr-5_ibr-19_1.txt 1024 1456197894 1456198735
ibr-5_ibr-23_1.txt 1024 1456197894 1456200370
ibr-5_ibr-23_2.txt 1024 1456197894 1456201419
ibr-5_ibr-32_1.txt 1024 1456197893 1456202740
ibr-5_ibr-36_1.txt 1024 1456197894 1456198885
ibr-5_ibr-36_2.txt 0 1456197895 1456197895
ibr-5_ibr-42_1.txt 0 1456197893 1456197893
ibr-5_ibr-43_1.txt 1024 1456197893 1456198735
ibr-5_ibr-49_1.txt 1024 1456197893 1456199635
ibr-5_ibr-49_2.txt 0 1456197893 1456197893
ibr-6_ibr-11_1.txt 0 1456197895 1456197895
ibr-6_ibr-11_2.txt 0 1456197895 1456197895
ibr-6_ibr-11_3.txt 0 1456197895 1456197895
ibr-6_ibr-11_4.txt 0 1456197895 1456197895
ibr-6_ibr-1_1.txt 0 1456197894 1456197894
ibr-6_ibr-1_2.txt 0 1456197894 1456197894
ibr-6_ibr-1_3.txt 0 1456197894 1456197894
ibr-6_ibr-15_1.txt 1024 1456197893 1456198765
ibr-6_ibr-16_1.txt 1024 1456197894 1456198795
ibr-6_ibr-16_2.txt 1024 1456197895 1456198890
ibr-6_ibr-16_3.txt 0 1456197895 1456197895
ibr-6_ibr-16_4.txt 0 1456197895 1456197895
ibr-6_ibr-16_5.txt 0 1456197895 1456197895
ibr-6_ibr-16_6.txt 1024 1456197894 1456203400
ibr-6_ibr-16_7.txt 0 1456197894 1456197894
ibr-6_ibr-16_8.txt 0 1456197894 1456197894
ibr-6_ibr-21_10.txt 0 1456197894 1456197894
ibr-6_ibr-21_1.txt 1024 1456197895 1456198805
ibr-6_ibr-21_2.txt 0 1456197894 1456197894
ibr-6_ibr-21_3.txt 0 1456197895 1456197895
ibr-6_ibr-21_4.txt 0 1456197894 1456197894
ibr-6_ibr-21_5.txt 0 1456197895 1456197895
ibr-6_ibr-21_6.txt 0 1456197895 1456197895
ibr-6_ibr-21_7.txt 1024 1456197895 1456203325
ibr-6_ibr-21_8.txt 0 1456197894 1456197894
ibr-6_ibr-21_9.txt 0 1456197894 1456197894
ibr-6_ibr-26_1.txt 0 1456197894 1456197894
ibr-6_ibr-26_2.txt 0 1456197895 1456197895
ibr-6_ibr-26_3.txt 0 1456197894 1456197894
ibr-6_ibr-26_4.txt 0 1456197895 1456197895
ibr-6_ibr-26_5.txt 0 1456197895 1456197895
ibr-6_ibr-26_6.txt 0 1456197894 1456197894
ibr-6_ibr-26_7.txt 0 1456197894 1456197894
ibr-6_ibr-28_1.txt 0 1456197893 1456197893
ibr-6_ibr-31_1.txt 0 1456197894 1456197894
ibr-6_ibr-31_2.txt 1024 1456197895 1456203060
ibr-6_ibr-31_3.txt 0 1456197894 1456197894
ibr-6_ibr-31_4.txt 0 1456197894 1456197894
ibr-6_ibr-31_5.txt 1024 1456197894 1456203060
ibr-6_ibr-31_6.txt 0 1456197894 1456197894
ibr-6_ibr-32_1.txt 0 1456197894 1456197894
ibr-6_ibr-33_1.txt 1024 1456197895 1456198985
ibr-6_ibr-36_1.txt 0 1456197895 1456197895
ibr-6_ibr-36_2.txt 0 1456197895 1456197895
ibr-6_ibr-36_3.txt 0 1456197894 1456197894
ibr-6_ibr-36_4.txt 0 1456197895 1456197895
ibr-6_ibr-41_1.txt 0 1456197894 1456197894
ibr-6_ibr-41_2.txt 0 1456197894 1456197894
ibr-6_ibr-41_3.txt 0 1456197894 1456197894
ibr-6_ibr-41_4.txt 0 1456197894 1456197894
ibr-6_ibr-41_5.txt 0 1456197895 1456197895
ibr-6_ibr-41_6.txt 0 1456197894 1456197894
ibr-6_ibr-4_1.txt 0 1456197894 1456197894
ibr-6_ibr-46_1.txt 1024 1456197894 1456198610
ibr-6_ibr-46_2.txt 1024 1456197894 1456203645
ibr-6_ibr-46_3.txt 0 1456197895 1456197895
ibr-6_ibr-50_1.txt 0 1456197893 1456197893
ibr-6_ibr-51_1.txt 1024 1456197894 1456198900
ibr-6_ibr-51_2.txt 1024 1456197894 1456198900
ibr-6_ibr-51_3.txt 0 1456197895 1456197895
ibr-6_ibr-51_4.txt 1024 1456197894 1456203690
ibr-6_ibr-51_5.txt 0 1456197894 1456197894
ibr-6_ibr-51_6.txt 0 1456197894 1456197894
ibr-6_ibr-56_1.txt 0 1456197894 1456197894
ibr-6_ibr-56_2.txt 0 1456197894 1456197894
ibr-6_ibr-56_3.txt 0 1456197895 1456197895
ibr-6_ibr-7_1.txt 0 1456197894 1456197894
ibr-7_ibr-11_1.txt 1024 1456197895 1456200200
ibr-7_ibr-11_2.txt 0 1456197894 1456197894
ibr-7_ibr-13_1.txt 1024 1456197894 1456199505
ibr-7_ibr-24_1.txt 1024 1456197894 1456199925
ibr-7_ibr-24_2.txt 1024 1456197894 1456200105
ibr-7_ibr-24_3.txt 1024 1456197894 1456203240
ibr-7_ibr-27_1.txt 1024 1456197893 1456199420
ibr-7_ibr-36_1.txt 0 1456197895 1456197895
ibr-7_ibr-37_1.txt 1024 1456197895 1456200925
ibr-7_ibr-38_1.txt 1024 1456197894 1456199485
ibr-7_ibr-48_1.txt 1024 1456197894 1456198810
ibr-7_ibr-56_1.txt 0 1456197894 1456197894
ibr-7_ibr-6_1.txt 1024 1456197894 1456199560
ibr-7_ibr-8_1.txt 1024 1456197894 1456203789
ibr-8_ibr-10_1.txt 0 1456197893 1456197893
ibr-8_ibr-13_1.txt 1024 1456197893 1456202295
ibr-8_ibr-20_1.txt 1024 1456197893 1456198810
ibr-8_ibr-30_1.txt 0 1456197893 1456197893
ibr-8_ibr-30_2.txt 0 1456197894 1456197894
ibr-8_ibr-31_1.txt 1024 1456197894 1456202900
ibr-8_ibr-36_1.txt 1024 1456197895 1456201494
ibr-8_ibr-47_1.txt 1024 1456197894 1456199560
ibr-8_ibr-48_1.txt 1024 1456197894 1456202590
ibr-8_ibr-53_1.txt 1024 1456197893 1456198805
ibr-8_ibr-7_1.txt 0 1456197893 1456197893
ibr-8_ibr-7_2.txt 1024 1456197894 1456201170
ibr-9_ibr-10_1.txt 1024 1456197893 1456200919
ibr-9_ibr-15_1.txt 0 1456197894 1456197894
ibr-9_ibr-16_1.txt 1024 1456197894 1456198795
ibr-9_ibr-18_1.txt 1024 1456197893 1456202490
ibr-9_ibr-22_1.txt 1024 1456197894 1456202730
ibr-9_ibr-25_1.txt 1024 1456197894 1456200664
ibr-9_ibr-33_1.txt 0 1456197894 1456197894
ibr-9_ibr-37_1.txt 1024 1456197894 1456202445
ibr-9_ibr-43_1.txt 1024 1456197893 1456202780
ibr-9_ibr-45_1.txt 1024 1456197893 1456202585
ibr-9_ibr-49_1.txt 0 1456197893 1456197893
ibr-9_ibr-49_2.txt 0 1456197893 1456197893
ibr-9_ibr-56_1.txt 0 1456197895 1456197895
