# name size  create_time reach_time
ibr-10_ibr-22_1.txt 1024 1456121431 1456122490
ibr-10_ibr-23_1.txt 1024 1456121430 1456122810
ibr-10_ibr-24_1.txt 1024 1456121430 1456124966
ibr-10_ibr-28_1.txt 1024 1456121430 1456122730
ibr-10_ibr-33_1.txt 1024 1456121431 1456124246
ibr-10_ibr-40_1.txt 1024 1456121430 1456124871
ibr-10_ibr-41_1.txt 1024 1456121431 1456122905
ibr-10_ibr-41_2.txt 0 1456121431 1456121431
ibr-10_ibr-42_1.txt 1024 1456121430 1456124041
ibr-10_ibr-49_1.txt 1024 1456121431 1456122756
ibr-10_ibr-49_2.txt 1024 1456121431 1456124831
ibr-10_ibr-49_3.txt 1024 1456121431 1456124831
ibr-10_ibr-50_1.txt 1024 1456121430 1456123085
ibr-10_ibr-50_2.txt 1024 1456121431 1456124855
ibr-10_ibr-53_1.txt 1024 1456121430 1456122925
ibr-11_ibr-1_1.txt 0 1456121431 1456121431
ibr-11_ibr-12_1.txt 0 1456121430 1456121430
ibr-11_ibr-1_2.txt 0 1456121431 1456121431
ibr-11_ibr-1_3.txt 1024 1456121432 1456126511
ibr-11_ibr-14_1.txt 1024 1456121431 1456122700
ibr-11_ibr-1_4.txt 1024 1456121433 1456126706
ibr-11_ibr-1_5.txt 1024 1456121431 1456125881
ibr-11_ibr-16_1.txt 1024 1456121431 1456122336
ibr-11_ibr-16_2.txt 1024 1456121431 1456123772
ibr-11_ibr-16_3.txt 1024 1456121431 1456123772
ibr-11_ibr-16_4.txt 1024 1456121431 1456123772
ibr-11_ibr-16_5.txt 1024 1456121431 1456123772
ibr-11_ibr-16_6.txt 1024 1456121432 1456123772
ibr-11_ibr-1_6.txt 1024 1456121431 1456126706
ibr-11_ibr-1_7.txt 1024 1456121431 1456126511
ibr-11_ibr-21_1.txt 1024 1456121431 1456122340
ibr-11_ibr-21_2.txt 1024 1456121431 1456122491
ibr-11_ibr-21_3.txt 1024 1456121431 1456126633
ibr-11_ibr-21_4.txt 0 1456121431 1456121431
ibr-11_ibr-21_5.txt 0 1456121431 1456121431
ibr-11_ibr-21_6.txt 1024 1456121431 1456126633
ibr-11_ibr-21_7.txt 1024 1456121431 1456126633
ibr-11_ibr-21_8.txt 1024 1456121431 1456126327
ibr-11_ibr-26_1.txt 1024 1456121430 1456122095
ibr-11_ibr-26_2.txt 1024 1456121431 1456122315
ibr-11_ibr-26_3.txt 1024 1456121431 1456123545
ibr-11_ibr-26_4.txt 1024 1456121431 1456123545
ibr-11_ibr-26_5.txt 1024 1456121431 1456126155
ibr-11_ibr-26_6.txt 0 1456121431 1456121431
ibr-11_ibr-26_7.txt 1024 1456121431 1456126461
ibr-11_ibr-28_1.txt 1024 1456121430 1456125075
ibr-11_ibr-29_1.txt 1024 1456121430 1456122610
ibr-11_ibr-30_1.txt 1024 1456121431 1456124216
ibr-11_ibr-31_1.txt 1024 1456121431 1456122440
ibr-11_ibr-31_2.txt 0 1456121432 1456121432
ibr-11_ibr-31_3.txt 1024 1456121431 1456126356
ibr-11_ibr-31_4.txt 1024 1456121431 1456126090
ibr-11_ibr-36_1.txt 1024 1456121430 1456122385
ibr-11_ibr-36_2.txt 1024 1456121431 1456122557
ibr-11_ibr-36_3.txt 1024 1456121431 1456122557
ibr-11_ibr-36_4.txt 1024 1456121432 1456126162
ibr-11_ibr-36_5.txt 1024 1456121431 1456126162
ibr-11_ibr-40_1.txt 1024 1456121431 1456122560
ibr-11_ibr-41_1.txt 1024 1456121431 1456122166
ibr-11_ibr-41_2.txt 1024 1456121431 1456122166
ibr-11_ibr-41_3.txt 1024 1456121431 1456122940
ibr-11_ibr-41_4.txt 0 1456121431 1456121431
ibr-11_ibr-41_5.txt 0 1456121431 1456121431
ibr-11_ibr-41_6.txt 1024 1456121433 1456126163
ibr-11_ibr-41_7.txt 0 1456121431 1456121431
ibr-11_ibr-44_1.txt 1024 1456121430 1456124076
ibr-11_ibr-51_1.txt 1024 1456121430 1456122380
ibr-11_ibr-51_2.txt 1024 1456121430 1456122382
ibr-11_ibr-51_3.txt 1024 1456121431 1456122535
ibr-11_ibr-51_4.txt 0 1456121432 1456121432
ibr-11_ibr-51_5.txt 1024 1456121431 1456126898
ibr-11_ibr-53_1.txt 1024 1456121431 1456124081
ibr-11_ibr-55_1.txt 1024 1456121431 1456122294
ibr-11_ibr-56_1.txt 1024 1456121431 1456122546
ibr-11_ibr-56_2.txt 1024 1456121431 1456124915
ibr-11_ibr-56_3.txt 0 1456121431 1456121431
ibr-11_ibr-56_4.txt 0 1456121431 1456121431
ibr-11_ibr-56_5.txt 1024 1456121431 1456126010
ibr-11_ibr-56_6.txt 1024 1456121431 1456127851
ibr-11_ibr-56_7.txt 1024 1456121431 1456127851
ibr-11_ibr-6_1.txt 1024 1456121431 1456123297
ibr-11_ibr-6_2.txt 1024 1456121431 1456125772
ibr-11_ibr-6_3.txt 1024 1456121431 1456125937
ibr-11_ibr-6_4.txt 1024 1456121431 1456126581
ibr-12_ibr-17_1.txt 1024 1456121431 1456124521
ibr-12_ibr-19_1.txt 1024 1456121430 1456125866
ibr-12_ibr-21_1.txt 1024 1456121431 1456125051
ibr-12_ibr-23_1.txt 1024 1456121430 1456124086
ibr-12_ibr-24_1.txt 1024 1456121430 1456122586
ibr-12_ibr-25_1.txt 1024 1456121431 1456124157
ibr-12_ibr-26_1.txt 0 1456121431 1456121431
ibr-12_ibr-56_1.txt 1024 1456121430 1456123896
ibr-13_ibr-14_1.txt 1024 1456121430 1456124256
ibr-13_ibr-22_1.txt 1024 1456121431 1456123367
ibr-13_ibr-28_1.txt 1024 1456121430 1456122240
ibr-13_ibr-29_1.txt 1024 1456121430 1456125626
ibr-13_ibr-30_1.txt 1024 1456121430 1456126025
ibr-13_ibr-36_1.txt 0 1456121432 1456121432
ibr-13_ibr-38_1.txt 1024 1456121430 1456122346
ibr-13_ibr-40_1.txt 1024 1456121430 1456122470
ibr-13_ibr-47_1.txt 1024 1456121431 1456124636
ibr-13_ibr-47_2.txt 1024 1456121431 1456126005
ibr-13_ibr-48_1.txt 1024 1456121431 1456124256
ibr-13_ibr-8_1.txt 1024 1456121431 1456123687
ibr-14_ibr-16_1.txt 1024 1456121431 1456123806
ibr-14_ibr-29_1.txt 1024 1456121431 1456123726
ibr-14_ibr-29_2.txt 0 1456121431 1456121431
ibr-14_ibr-3_1.txt 1024 1456121430 1456122751
ibr-15_ibr-24_1.txt 1024 1456121430 1456124356
ibr-15_ibr-38_1.txt 1024 1456121430 1456124556
ibr-15_ibr-39_1.txt 1024 1456121430 1456122620
ibr-15_ibr-43_1.txt 1024 1456121431 1456124271
ibr-15_ibr-49_1.txt 1024 1456121431 1456126045
ibr-15_ibr-5_1.txt 1024 1456121430 1456124776
ibr-15_ibr-55_1.txt 1024 1456121430 1456122295
ibr-15_ibr-6_1.txt 0 1456121431 1456121431
ibr-16_ibr-11_1.txt 1024 1456121431 1456125915
ibr-16_ibr-11_2.txt 1024 1456121431 1456125915
ibr-16_ibr-1_1.txt 1024 1456121432 1456122361
ibr-16_ibr-12_1.txt 0 1456121430 1456121430
ibr-16_ibr-1_2.txt 1024 1456121430 1456122616
ibr-16_ibr-1_3.txt 0 1456121431 1456121431
ibr-16_ibr-1_4.txt 0 1456121432 1456121432
ibr-16_ibr-15_1.txt 1024 1456121431 1456125917
ibr-16_ibr-15_2.txt 1024 1456121430 1456125917
ibr-16_ibr-1_5.txt 0 1456121431 1456121431
ibr-16_ibr-1_6.txt 0 1456121431 1456121431
ibr-16_ibr-1_7.txt 0 1456121430 1456121430
ibr-16_ibr-20_1.txt 1024 1456121431 1456123226
ibr-16_ibr-21_1.txt 1024 1456121431 1456122491
ibr-16_ibr-21_2.txt 1024 1456121431 1456122786
ibr-16_ibr-21_3.txt 0 1456121431 1456121431
ibr-16_ibr-23_1.txt 1024 1456121431 1456123081
ibr-16_ibr-26_1.txt 1024 1456121431 1456126155
ibr-16_ibr-26_2.txt 0 1456121431 1456121431
ibr-16_ibr-31_1.txt 1024 1456121431 1456126090
ibr-16_ibr-37_1.txt 0 1456121431 1456121431
ibr-16_ibr-40_1.txt 1024 1456121430 1456122050
ibr-16_ibr-41_10.txt 0 1456121431 1456121431
ibr-16_ibr-41_11.txt 0 1456121431 1456121431
ibr-16_ibr-41_1.txt 1024 1456121430 1456122361
ibr-16_ibr-41_2.txt 1024 1456121431 1456122361
ibr-16_ibr-41_3.txt 1024 1456121431 1456122940
ibr-16_ibr-41_4.txt 1024 1456121432 1456122940
ibr-16_ibr-41_5.txt 0 1456121431 1456121431
ibr-16_ibr-41_6.txt 0 1456121431 1456121431
ibr-16_ibr-41_7.txt 1024 1456121431 1456126238
ibr-16_ibr-41_8.txt 1024 1456121431 1456126682
ibr-16_ibr-41_9.txt 0 1456121432 1456121432
ibr-16_ibr-44_1.txt 1024 1456121431 1456123455
ibr-16_ibr-46_1.txt 1024 1456121431 1456122386
ibr-16_ibr-46_2.txt 1024 1456121432 1456122545
ibr-16_ibr-46_3.txt 1024 1456121431 1456126372
ibr-16_ibr-46_4.txt 0 1456121430 1456121430
ibr-16_ibr-46_5.txt 1024 1456121431 1456126372
ibr-16_ibr-46_6.txt 1024 1456121431 1456126372
ibr-16_ibr-46_7.txt 1024 1456121431 1456126442
ibr-16_ibr-51_1.txt 1024 1456121430 1456122383
ibr-16_ibr-51_2.txt 1024 1456121431 1456126345
ibr-16_ibr-51_3.txt 0 1456121431 1456121431
ibr-16_ibr-51_4.txt 1024 1456121432 1456126345
ibr-16_ibr-51_5.txt 0 1456121432 1456121432
ibr-16_ibr-51_6.txt 0 1456121431 1456121431
ibr-16_ibr-51_7.txt 0 1456121431 1456121431
ibr-16_ibr-54_1.txt 0 1456121430 1456121430
ibr-16_ibr-56_1.txt 1024 1456121431 1456122546
ibr-16_ibr-56_2.txt 1024 1456121431 1456122546
ibr-16_ibr-56_3.txt 1024 1456121431 1456123896
ibr-16_ibr-56_4.txt 0 1456121431 1456121431
ibr-16_ibr-56_5.txt 0 1456121431 1456121431
ibr-16_ibr-6_10.txt 1024 1456121431 1456125937
ibr-16_ibr-6_11.txt 1024 1456121431 1456125937
ibr-16_ibr-6_12.txt 0 1456121431 1456121431
ibr-16_ibr-6_1.txt 1024 1456121430 1456122256
ibr-16_ibr-6_2.txt 1024 1456121430 1456122556
ibr-16_ibr-6_3.txt 0 1456121431 1456121431
ibr-16_ibr-6_4.txt 0 1456121431 1456121431
ibr-16_ibr-6_5.txt 1024 1456121431 1456122956
ibr-16_ibr-6_6.txt 0 1456121431 1456121431
ibr-16_ibr-6_7.txt 1024 1456121431 1456125956
ibr-16_ibr-6_8.txt 0 1456121431 1456121431
ibr-16_ibr-6_9.txt 0 1456121431 1456121431
ibr-16_ibr-7_1.txt 1024 1456121431 1456125992
ibr-16_ibr-7_2.txt 1024 1456121431 1456125967
ibr-16_ibr-8_1.txt 1024 1456121430 1456125855
ibr-17_ibr-10_1.txt 1024 1456121430 1456123297
ibr-17_ibr-11_1.txt 1024 1456121431 1456125250
ibr-17_ibr-12_1.txt 1024 1456121431 1456123941
ibr-17_ibr-19_1.txt 1024 1456121430 1456125061
ibr-17_ibr-2_1.txt 1024 1456121431 1456125446
ibr-17_ibr-26_1.txt 0 1456121431 1456121431
ibr-17_ibr-28_1.txt 1024 1456121431 1456123441
ibr-17_ibr-30_1.txt 1024 1456121431 1456124940
ibr-17_ibr-3_1.txt 1024 1456121430 1456123042
ibr-17_ibr-50_1.txt 1024 1456121430 1456122570
ibr-17_ibr-50_2.txt 1024 1456121431 1456122795
ibr-17_ibr-7_1.txt 1024 1456121430 1456124706
ibr-18_ibr-15_1.txt 0 1456121431 1456121431
ibr-18_ibr-19_1.txt 0 1456121430 1456121430
ibr-18_ibr-21_1.txt 0 1456121431 1456121431
ibr-18_ibr-2_1.txt 0 1456121431 1456121431
ibr-18_ibr-24_1.txt 1024 1456121431 1456125311
ibr-18_ibr-36_1.txt 1024 1456121431 1456122461
ibr-18_ibr-39_1.txt 0 1456121431 1456121431
ibr-18_ibr-4_1.txt 1024 1456121432 1456125861
ibr-18_ibr-51_1.txt 0 1456121432 1456121432
ibr-18_ibr-53_1.txt 1024 1456121431 1456124081
ibr-18_ibr-54_1.txt 0 1456121431 1456121431
ibr-18_ibr-7_1.txt 1024 1456121431 1456124111
ibr-19_ibr-12_1.txt 1024 1456121431 1456123941
ibr-19_ibr-18_1.txt 0 1456121430 1456121430
ibr-19_ibr-22_1.txt 1024 1456121430 1456122616
ibr-19_ibr-30_1.txt 1024 1456121430 1456124785
ibr-19_ibr-35_1.txt 1024 1456121430 1456125772
ibr-19_ibr-40_1.txt 1024 1456121430 1456124016
ibr-19_ibr-44_1.txt 1024 1456121430 1456124900
ibr-19_ibr-44_2.txt 1024 1456121431 1456124900
ibr-19_ibr-46_1.txt 0 1456121433 1456121433
ibr-19_ibr-47_1.txt 1024 1456121431 1456124975
ibr-19_ibr-55_1.txt 1024 1456121431 1456124536
ibr-19_ibr-9_1.txt 0 1456121430 1456121430
ibr-1_ibr-11_1.txt 1024 1456121430 1456122120
ibr-1_ibr-11_2.txt 1024 1456121430 1456122290
ibr-1_ibr-11_3.txt 1024 1456121430 1456123205
ibr-1_ibr-11_4.txt 0 1456121431 1456121431
ibr-1_ibr-11_5.txt 0 1456121431 1456121431
ibr-1_ibr-11_6.txt 1024 1456121432 1456125765
ibr-1_ibr-11_7.txt 1024 1456121431 1456125765
ibr-1_ibr-16_1.txt 1024 1456121431 1456122485
ibr-1_ibr-16_2.txt 1024 1456121431 1456122906
ibr-1_ibr-16_3.txt 0 1456121431 1456121431
ibr-1_ibr-16_4.txt 0 1456121431 1456121431
ibr-1_ibr-16_5.txt 0 1456121431 1456121431
ibr-1_ibr-21_1.txt 1024 1456121431 1456122491
ibr-1_ibr-21_2.txt 0 1456121431 1456121431
ibr-1_ibr-21_3.txt 0 1456121431 1456121431
ibr-1_ibr-26_1.txt 0 1456121431 1456121431
ibr-1_ibr-26_2.txt 0 1456121431 1456121431
ibr-1_ibr-26_3.txt 0 1456121431 1456121431
ibr-1_ibr-26_4.txt 0 1456121431 1456121431
ibr-1_ibr-31_1.txt 0 1456121432 1456121432
ibr-1_ibr-31_2.txt 0 1456121432 1456121432
ibr-1_ibr-36_1.txt 1024 1456121430 1456122236
ibr-1_ibr-36_2.txt 1024 1456121431 1456123006
ibr-1_ibr-36_3.txt 1024 1456121431 1456123006
ibr-1_ibr-36_4.txt 1024 1456121431 1456125871
ibr-1_ibr-41_1.txt 0 1456121431 1456121431
ibr-1_ibr-41_2.txt 0 1456121431 1456121431
ibr-1_ibr-41_3.txt 0 1456121431 1456121431
ibr-1_ibr-46_1.txt 1024 1456121432 1456122765
ibr-1_ibr-46_2.txt 0 1456121430 1456121430
ibr-1_ibr-46_3.txt 0 1456121431 1456121431
ibr-1_ibr-46_4.txt 0 1456121431 1456121431
ibr-1_ibr-51_1.txt 0 1456121431 1456121431
ibr-1_ibr-51_2.txt 0 1456121431 1456121431
ibr-1_ibr-56_1.txt 1024 1456121431 1456123896
ibr-1_ibr-56_2.txt 0 1456121431 1456121431
ibr-1_ibr-56_3.txt 0 1456121431 1456121431
ibr-1_ibr-56_4.txt 0 1456121431 1456121431
ibr-1_ibr-56_5.txt 0 1456121431 1456121431
ibr-1_ibr-56_6.txt 0 1456121431 1456121431
ibr-1_ibr-56_7.txt 0 1456121431 1456121431
ibr-1_ibr-6_1.txt 1024 1456121431 1456122506
ibr-1_ibr-6_2.txt 1024 1456121431 1456123081
ibr-1_ibr-6_3.txt 1024 1456121431 1456123081
ibr-1_ibr-6_4.txt 0 1456121432 1456121432
ibr-1_ibr-6_5.txt 0 1456121431 1456121431
ibr-1_ibr-6_6.txt 1024 1456121431 1456125836
ibr-1_ibr-6_7.txt 0 1456121431 1456121431
ibr-20_ibr-10_1.txt 1024 1456121430 1456124472
ibr-20_ibr-15_1.txt 1024 1456121430 1456122635
ibr-20_ibr-17_1.txt 1024 1456121431 1456122701
ibr-20_ibr-17_2.txt 1024 1456121431 1456125321
ibr-20_ibr-23_1.txt 1024 1456121431 1456123762
ibr-20_ibr-28_1.txt 0 1456121431 1456121431
ibr-20_ibr-31_1.txt 1024 1456121431 1456125775
ibr-20_ibr-3_1.txt 1024 1456121431 1456125765
ibr-20_ibr-34_1.txt 1024 1456121430 1456122416
ibr-20_ibr-4_1.txt 1024 1456121431 1456122361
ibr-20_ibr-47_1.txt 0 1456121431 1456121431
ibr-20_ibr-47_2.txt 1024 1456121431 1456124466
ibr-20_ibr-50_1.txt 1024 1456121430 1456122545
ibr-20_ibr-52_1.txt 1024 1456121430 1456124151
ibr-20_ibr-55_1.txt 1024 1456121430 1456122556
ibr-20_ibr-56_1.txt 1024 1456121431 1456126010
ibr-21_ibr-11_1.txt 1024 1456121431 1456122690
ibr-21_ibr-11_2.txt 1024 1456121432 1456123155
ibr-21_ibr-11_3.txt 0 1456121431 1456121431
ibr-21_ibr-11_4.txt 0 1456121431 1456121431
ibr-21_ibr-1_1.txt 1024 1456121431 1456122406
ibr-21_ibr-1_2.txt 0 1456121431 1456121431
ibr-21_ibr-1_3.txt 0 1456121431 1456121431
ibr-21_ibr-14_1.txt 0 1456121430 1456121430
ibr-21_ibr-1_4.txt 0 1456121432 1456121432
ibr-21_ibr-1_5.txt 0 1456121432 1456121432
ibr-21_ibr-16_1.txt 0 1456121430 1456121430
ibr-21_ibr-16_2.txt 0 1456121431 1456121431
ibr-21_ibr-16_3.txt 1024 1456121431 1456126077
ibr-21_ibr-16_4.txt 0 1456121431 1456121431
ibr-21_ibr-16_5.txt 0 1456121431 1456121431
ibr-21_ibr-16_6.txt 0 1456121431 1456121431
ibr-21_ibr-16_7.txt 0 1456121431 1456121431
ibr-21_ibr-16_8.txt 0 1456121431 1456121431
ibr-21_ibr-16_9.txt 0 1456121431 1456121431
ibr-21_ibr-1_6.txt 0 1456121432 1456121432
ibr-21_ibr-18_1.txt 0 1456121430 1456121430
ibr-21_ibr-26_1.txt 1024 1456121431 1456122740
ibr-21_ibr-26_2.txt 0 1456121431 1456121431
ibr-21_ibr-26_3.txt 0 1456121431 1456121431
ibr-21_ibr-26_4.txt 0 1456121432 1456121432
ibr-21_ibr-31_1.txt 1024 1456121432 1456122440
ibr-21_ibr-31_2.txt 1024 1456121431 1456122520
ibr-21_ibr-31_3.txt 1024 1456121431 1456123100
ibr-21_ibr-31_4.txt 0 1456121432 1456121432
ibr-21_ibr-31_5.txt 0 1456121431 1456121431
ibr-21_ibr-31_6.txt 0 1456121431 1456121431
ibr-21_ibr-31_7.txt 0 1456121431 1456121431
ibr-21_ibr-34_1.txt 0 1456121430 1456121430
ibr-21_ibr-36_1.txt 1024 1456121430 1456122706
ibr-21_ibr-36_2.txt 1024 1456121431 1456123192
ibr-21_ibr-36_3.txt 0 1456121432 1456121432
ibr-21_ibr-36_4.txt 0 1456121432 1456121432
ibr-21_ibr-36_5.txt 0 1456121432 1456121432
ibr-21_ibr-36_6.txt 0 1456121432 1456121432
ibr-21_ibr-36_7.txt 0 1456121431 1456121431
ibr-21_ibr-39_1.txt 0 1456121431 1456121431
ibr-21_ibr-41_1.txt 1024 1456121431 1456122940
ibr-21_ibr-41_2.txt 0 1456121431 1456121431
ibr-21_ibr-41_3.txt 0 1456121431 1456121431
ibr-21_ibr-41_4.txt 0 1456121432 1456121432
ibr-21_ibr-41_5.txt 0 1456121431 1456121431
ibr-21_ibr-46_1.txt 1024 1456121431 1456122545
ibr-21_ibr-46_2.txt 1024 1456121431 1456123180
ibr-21_ibr-46_3.txt 0 1456121430 1456121430
ibr-21_ibr-46_4.txt 0 1456121431 1456121431
ibr-21_ibr-46_5.txt 0 1456121431 1456121431
ibr-21_ibr-46_6.txt 0 1456121431 1456121431
ibr-21_ibr-46_7.txt 0 1456121431 1456121431
ibr-21_ibr-47_1.txt 1024 1456121431 1456122571
ibr-21_ibr-51_1.txt 0 1456121430 1456121430
ibr-21_ibr-51_2.txt 0 1456121431 1456121431
ibr-21_ibr-51_3.txt 0 1456121432 1456121432
ibr-21_ibr-5_1.txt 0 1456121430 1456121430
ibr-21_ibr-55_1.txt 0 1456121430 1456121430
ibr-21_ibr-56_1.txt 1024 1456121430 1456122340
ibr-21_ibr-56_2.txt 1024 1456121430 1456123896
ibr-21_ibr-56_3.txt 0 1456121431 1456121431
ibr-21_ibr-56_4.txt 0 1456121431 1456121431
ibr-21_ibr-56_5.txt 0 1456121431 1456121431
ibr-21_ibr-56_6.txt 0 1456121432 1456121432
ibr-21_ibr-6_1.txt 1024 1456121430 1456122127
ibr-21_ibr-6_2.txt 1024 1456121430 1456122127
ibr-21_ibr-6_3.txt 0 1456121431 1456121431
ibr-21_ibr-6_4.txt 0 1456121431 1456121431
ibr-21_ibr-6_5.txt 0 1456121431 1456121431
ibr-21_ibr-8_1.txt 1024 1456121431 1456122130
ibr-22_ibr-15_1.txt 1024 1456121431 1456124576
ibr-22_ibr-19_1.txt 1024 1456121431 1456126072
ibr-22_ibr-2_1.txt 1024 1456121431 1456124186
ibr-22_ibr-24_1.txt 1024 1456121431 1456124041
ibr-22_ibr-25_1.txt 1024 1456121431 1456124911
ibr-22_ibr-35_1.txt 1024 1456121431 1456124806
ibr-22_ibr-40_1.txt 1024 1456121430 1456122465
ibr-22_ibr-40_2.txt 1024 1456121431 1456125075
ibr-22_ibr-4_1.txt 0 1456121430 1456121430
ibr-22_ibr-47_1.txt 1024 1456121431 1456124975
ibr-22_ibr-49_1.txt 1024 1456121431 1456125751
ibr-22_ibr-52_1.txt 1024 1456121431 1456126146
ibr-22_ibr-9_1.txt 1024 1456121430 1456122136
ibr-23_ibr-16_1.txt 1024 1456121431 1456122200
ibr-23_ibr-19_1.txt 1024 1456121430 1456123622
ibr-23_ibr-21_1.txt 1024 1456121431 1456125955
ibr-23_ibr-25_1.txt 1024 1456121431 1456123261
ibr-23_ibr-30_1.txt 1024 1456121431 1456125190
ibr-23_ibr-31_1.txt 0 1456121432 1456121432
ibr-23_ibr-31_2.txt 1024 1456121431 1456125310
ibr-23_ibr-34_1.txt 1024 1456121430 1456122376
ibr-23_ibr-44_1.txt 1024 1456121430 1456124076
ibr-23_ibr-47_1.txt 1024 1456121431 1456123552
ibr-23_ibr-49_1.txt 1024 1456121431 1456125575
ibr-23_ibr-51_1.txt 1024 1456121432 1456124081
ibr-23_ibr-52_1.txt 1024 1456121431 1456122640
ibr-24_ibr-16_1.txt 0 1456121431 1456121431
ibr-24_ibr-22_1.txt 1024 1456121431 1456122771
ibr-24_ibr-26_1.txt 1024 1456121431 1456122315
ibr-24_ibr-32_1.txt 1024 1456121430 1456124401
ibr-24_ibr-36_1.txt 1024 1456121430 1456122551
ibr-24_ibr-38_1.txt 1024 1456121430 1456124001
ibr-24_ibr-41_1.txt 1024 1456121431 1456125963
ibr-24_ibr-41_2.txt 1024 1456121433 1456125963
ibr-24_ibr-4_1.txt 1024 1456121432 1456122601
ibr-24_ibr-9_1.txt 1024 1456121431 1456123276
ibr-25_ibr-13_1.txt 1024 1456121432 1456126292
ibr-25_ibr-23_1.txt 1024 1456121431 1456124351
ibr-25_ibr-24_1.txt 1024 1456121430 1456123597
ibr-25_ibr-29_1.txt 1024 1456121430 1456122291
ibr-25_ibr-29_2.txt 1024 1456121431 1456122430
ibr-25_ibr-40_1.txt 1024 1456121431 1456124810
ibr-25_ibr-42_1.txt 1024 1456121431 1456124631
ibr-25_ibr-53_1.txt 1024 1456121430 1456122565
ibr-25_ibr-53_2.txt 1024 1456121431 1456123365
ibr-25_ibr-53_3.txt 1024 1456121431 1456124700
ibr-25_ibr-54_1.txt 0 1456121430 1456121430
ibr-25_ibr-55_1.txt 1024 1456121430 1456124051
ibr-25_ibr-55_2.txt 1024 1456121431 1456125845
ibr-25_ibr-56_1.txt 1024 1456121431 1456122340
ibr-25_ibr-56_2.txt 1024 1456121431 1456122340
ibr-25_ibr-6_1.txt 1024 1456121431 1456123281
ibr-25_ibr-7_1.txt 1024 1456121432 1456123746
ibr-26_ibr-11_1.txt 1024 1456121430 1456122301
ibr-26_ibr-11_2.txt 1024 1456121431 1456126571
ibr-26_ibr-11_3.txt 1024 1456121431 1456125965
ibr-26_ibr-11_4.txt 0 1456121430 1456121430
ibr-26_ibr-11_5.txt 0 1456121430 1456121430
ibr-26_ibr-1_1.txt 0 1456121431 1456121431
ibr-26_ibr-16_1.txt 0 1456121431 1456121431
ibr-26_ibr-16_2.txt 0 1456121431 1456121431
ibr-26_ibr-16_3.txt 1024 1456121432 1456126372
ibr-26_ibr-16_4.txt 1024 1456121432 1456126312
ibr-26_ibr-16_5.txt 0 1456121430 1456121430
ibr-26_ibr-16_6.txt 1024 1456121431 1456126766
ibr-26_ibr-16_7.txt 0 1456121431 1456121431
ibr-26_ibr-16_8.txt 0 1456121431 1456121431
ibr-26_ibr-17_1.txt 1024 1456121430 1456123115
ibr-26_ibr-19_1.txt 1024 1456121431 1456123622
ibr-26_ibr-20_1.txt 1024 1456121430 1456126332
ibr-26_ibr-21_1.txt 1024 1456121431 1456122386
ibr-26_ibr-21_2.txt 0 1456121431 1456121431
ibr-26_ibr-21_3.txt 1024 1456121431 1456126066
ibr-26_ibr-21_4.txt 1024 1456121431 1456126066
ibr-26_ibr-21_5.txt 1024 1456121431 1456126066
ibr-26_ibr-21_6.txt 1024 1456121431 1456126066
ibr-26_ibr-21_7.txt 0 1456121431 1456121431
ibr-26_ibr-23_1.txt 1024 1456121431 1456125845
ibr-26_ibr-31_1.txt 1024 1456121432 1456122440
ibr-26_ibr-31_2.txt 1024 1456121431 1456122855
ibr-26_ibr-31_3.txt 0 1456121431 1456121431
ibr-26_ibr-31_4.txt 1024 1456121432 1456123606
ibr-26_ibr-31_5.txt 0 1456121431 1456121431
ibr-26_ibr-31_6.txt 0 1456121432 1456121432
ibr-26_ibr-35_1.txt 1024 1456121430 1456122110
ibr-26_ibr-36_1.txt 1024 1456121431 1456123006
ibr-26_ibr-36_2.txt 0 1456121431 1456121431
ibr-26_ibr-36_3.txt 1024 1456121431 1456125795
ibr-26_ibr-36_4.txt 0 1456121431 1456121431
ibr-26_ibr-37_1.txt 1024 1456121431 1456122521
ibr-26_ibr-41_1.txt 1024 1456121430 1456122166
ibr-26_ibr-41_2.txt 1024 1456121431 1456122166
ibr-26_ibr-41_3.txt 1024 1456121431 1456122466
ibr-26_ibr-41_4.txt 1024 1456121431 1456123125
ibr-26_ibr-41_5.txt 0 1456121431 1456121431
ibr-26_ibr-41_6.txt 1024 1456121431 1456125800
ibr-26_ibr-41_7.txt 1024 1456121431 1456125800
ibr-26_ibr-41_8.txt 0 1456121431 1456121431
ibr-26_ibr-42_1.txt 1024 1456121431 1456124076
ibr-26_ibr-46_1.txt 1024 1456121431 1456122386
ibr-26_ibr-46_2.txt 1024 1456121432 1456123180
ibr-26_ibr-46_3.txt 0 1456121431 1456121431
ibr-26_ibr-46_4.txt 1024 1456121431 1456125920
ibr-26_ibr-47_1.txt 1024 1456121431 1456124346
ibr-26_ibr-48_1.txt 1024 1456121430 1456123716
ibr-26_ibr-51_1.txt 1024 1456121432 1456123255
ibr-26_ibr-51_2.txt 1024 1456121432 1456126390
ibr-26_ibr-51_3.txt 0 1456121432 1456121432
ibr-26_ibr-51_4.txt 1024 1456121432 1456126390
ibr-26_ibr-51_5.txt 0 1456121431 1456121431
ibr-26_ibr-51_6.txt 1024 1456121431 1456126898
ibr-26_ibr-52_1.txt 1024 1456121431 1456123195
ibr-26_ibr-52_2.txt 1024 1456121430 1456123646
ibr-26_ibr-53_1.txt 1024 1456121431 1456125945
ibr-26_ibr-56_1.txt 1024 1456121431 1456123896
ibr-26_ibr-56_2.txt 0 1456121431 1456121431
ibr-26_ibr-56_3.txt 1024 1456121431 1456127851
ibr-26_ibr-6_1.txt 0 1456121431 1456121431
ibr-26_ibr-6_2.txt 1024 1456121431 1456126146
ibr-26_ibr-6_3.txt 1024 1456121431 1456126146
ibr-26_ibr-6_4.txt 0 1456121431 1456121431
ibr-26_ibr-6_5.txt 1024 1456121431 1456126252
ibr-26_ibr-6_6.txt 1024 1456121431 1456126776
ibr-26_ibr-8_1.txt 1024 1456121430 1456122241
ibr-27_ibr-16_1.txt 1024 1456121431 1456123772
ibr-27_ibr-33_1.txt 0 1456121430 1456121430
ibr-27_ibr-33_2.txt 0 1456121430 1456121430
ibr-27_ibr-37_1.txt 1024 1456121430 1456124822
ibr-27_ibr-47_1.txt 0 1456121431 1456121431
ibr-27_ibr-51_1.txt 1024 1456121431 1456125130
ibr-28_ibr-10_1.txt 1024 1456121430 1456125615
ibr-28_ibr-17_1.txt 1024 1456121431 1456123125
ibr-28_ibr-18_1.txt 0 1456121430 1456121430
ibr-28_ibr-27_1.txt 1024 1456121431 1456125200
ibr-28_ibr-3_1.txt 1024 1456121431 1456123751
ibr-28_ibr-34_1.txt 1024 1456121430 1456125210
ibr-28_ibr-4_1.txt 1024 1456121430 1456124855
ibr-28_ibr-42_1.txt 1024 1456121430 1456122746
ibr-28_ibr-42_2.txt 1024 1456121430 1456124231
ibr-28_ibr-48_1.txt 1024 1456121431 1456125425
ibr-28_ibr-51_1.txt 1024 1456121431 1456125850
ibr-28_ibr-56_1.txt 0 1456121431 1456121431
ibr-28_ibr-9_1.txt 1024 1456121431 1456126097
ibr-29_ibr-20_1.txt 1024 1456121431 1456124981
ibr-29_ibr-2_1.txt 1024 1456121430 1456124101
ibr-29_ibr-39_1.txt 1024 1456121430 1456124721
ibr-29_ibr-47_1.txt 1024 1456121431 1456123981
ibr-29_ibr-5_1.txt 1024 1456121430 1456122741
ibr-29_ibr-52_1.txt 1024 1456121430 1456123206
ibr-29_ibr-52_2.txt 1024 1456121431 1456123641
ibr-2_ibr-14_1.txt 1024 1456121430 1456123791
ibr-2_ibr-29_1.txt 1024 1456121431 1456122621
ibr-2_ibr-30_1.txt 1024 1456121431 1456122705
ibr-2_ibr-42_1.txt 1024 1456121431 1456124396
ibr-2_ibr-48_1.txt 1024 1456121431 1456123716
ibr-2_ibr-48_2.txt 1024 1456121430 1456124396
ibr-2_ibr-50_1.txt 1024 1456121432 1456122705
ibr-2_ibr-53_1.txt 1024 1456121430 1456122925
ibr-2_ibr-54_1.txt 1024 1456121432 1456122896
ibr-2_ibr-7_1.txt 1024 1456121430 1456123856
ibr-2_ibr-7_2.txt 1024 1456121431 1456125552
ibr-30_ibr-17_1.txt 1024 1456121430 1456123272
ibr-30_ibr-18_1.txt 1024 1456121430 1456122206
ibr-30_ibr-24_1.txt 1024 1456121431 1456124890
ibr-30_ibr-36_1.txt 1024 1456121432 1456125373
ibr-30_ibr-40_1.txt 0 1456121431 1456121431
ibr-30_ibr-41_1.txt 0 1456121431 1456121431
ibr-30_ibr-44_1.txt 1024 1456121430 1456124500
ibr-30_ibr-45_1.txt 0 1456121431 1456121431
ibr-30_ibr-50_1.txt 1024 1456121432 1456124021
ibr-30_ibr-50_2.txt 1024 1456121431 1456125020
ibr-31_ibr-11_1.txt 1024 1456121430 1456125860
ibr-31_ibr-11_2.txt 1024 1456121432 1456126552
ibr-31_ibr-11_3.txt 0 1456121431 1456121431
ibr-31_ibr-11_4.txt 0 1456121431 1456121431
ibr-31_ibr-1_1.txt 1024 1456121431 1456122171
ibr-31_ibr-1_2.txt 0 1456121430 1456121430
ibr-31_ibr-1_3.txt 1024 1456121431 1456126966
ibr-31_ibr-1_4.txt 1024 1456121431 1456126511
ibr-31_ibr-1_5.txt 0 1456121432 1456121432
ibr-31_ibr-16_1.txt 0 1456121431 1456121431
ibr-31_ibr-16_2.txt 1024 1456121431 1456125861
ibr-31_ibr-16_3.txt 0 1456121431 1456121431
ibr-31_ibr-20_1.txt 1024 1456121431 1456122346
ibr-31_ibr-20_2.txt 1024 1456121430 1456126633
ibr-31_ibr-21_1.txt 1024 1456121431 1456126066
ibr-31_ibr-21_2.txt 1024 1456121431 1456125982
ibr-31_ibr-21_3.txt 1024 1456121431 1456126867
ibr-31_ibr-21_4.txt 0 1456121431 1456121431
ibr-31_ibr-26_1.txt 1024 1456121431 1456122580
ibr-31_ibr-26_2.txt 1024 1456121431 1456122990
ibr-31_ibr-26_3.txt 1024 1456121431 1456125655
ibr-31_ibr-26_4.txt 1024 1456121431 1456125655
ibr-31_ibr-26_5.txt 0 1456121431 1456121431
ibr-31_ibr-26_6.txt 1024 1456121431 1456125655
ibr-31_ibr-26_7.txt 0 1456121431 1456121431
ibr-31_ibr-26_8.txt 1024 1456121432 1456125655
ibr-31_ibr-26_9.txt 0 1456121431 1456121431
ibr-31_ibr-33_1.txt 1024 1456121431 1456122106
ibr-31_ibr-34_1.txt 1024 1456121430 1456122601
ibr-31_ibr-35_1.txt 0 1456121431 1456121431
ibr-31_ibr-36_1.txt 1024 1456121431 1456122385
ibr-31_ibr-36_2.txt 1024 1456121431 1456122470
ibr-31_ibr-36_3.txt 0 1456121431 1456121431
ibr-31_ibr-36_4.txt 1024 1456121431 1456125908
ibr-31_ibr-36_5.txt 0 1456121430 1456121430
ibr-31_ibr-36_6.txt 0 1456121430 1456121430
ibr-31_ibr-38_1.txt 1024 1456121430 1456125680
ibr-31_ibr-41_10.txt 0 1456121431 1456121431
ibr-31_ibr-41_1.txt 1024 1456121430 1456122166
ibr-31_ibr-41_2.txt 1024 1456121430 1456122166
ibr-31_ibr-41_3.txt 1024 1456121431 1456122940
ibr-31_ibr-41_4.txt 0 1456121433 1456121433
ibr-31_ibr-41_5.txt 1024 1456121431 1456126682
ibr-31_ibr-41_6.txt 1024 1456121431 1456127041
ibr-31_ibr-41_7.txt 0 1456121431 1456121431
ibr-31_ibr-41_8.txt 0 1456121432 1456121432
ibr-31_ibr-41_9.txt 0 1456121431 1456121431
ibr-31_ibr-46_1.txt 1024 1456121431 1456122545
ibr-31_ibr-46_2.txt 1024 1456121431 1456123196
ibr-31_ibr-46_3.txt 0 1456121432 1456121432
ibr-31_ibr-46_4.txt 0 1456121432 1456121432
ibr-31_ibr-46_5.txt 0 1456121432 1456121432
ibr-31_ibr-46_6.txt 1024 1456121432 1456126587
ibr-31_ibr-46_7.txt 1024 1456121430 1456126085
ibr-31_ibr-46_8.txt 1024 1456121431 1456126587
ibr-31_ibr-46_9.txt 1024 1456121431 1456127136
ibr-31_ibr-51_1.txt 1024 1456121431 1456126130
ibr-31_ibr-54_1.txt 1024 1456121431 1456123311
ibr-31_ibr-56_1.txt 1024 1456121431 1456123896
ibr-31_ibr-56_2.txt 0 1456121431 1456121431
ibr-31_ibr-56_3.txt 0 1456121431 1456121431
ibr-31_ibr-56_4.txt 0 1456121431 1456121431
ibr-31_ibr-6_1.txt 1024 1456121430 1456122341
ibr-31_ibr-6_2.txt 1024 1456121431 1456122341
ibr-31_ibr-6_3.txt 0 1456121431 1456121431
ibr-31_ibr-6_4.txt 1024 1456121431 1456126146
ibr-31_ibr-6_5.txt 1024 1456121431 1456126812
ibr-31_ibr-6_6.txt 0 1456121431 1456121431
ibr-32_ibr-12_1.txt 0 1456121430 1456121430
ibr-32_ibr-16_1.txt 0 1456121431 1456121431
ibr-32_ibr-19_1.txt 1024 1456121431 1456123622
ibr-32_ibr-21_1.txt 1024 1456121431 1456122786
ibr-32_ibr-40_1.txt 1024 1456121430 1456121980
ibr-32_ibr-50_1.txt 1024 1456121431 1456123856
ibr-32_ibr-54_1.txt 1024 1456121430 1456123971
ibr-33_ibr-13_1.txt 1024 1456121432 1456125371
ibr-33_ibr-14_1.txt 1024 1456121431 1456124990
ibr-33_ibr-19_1.txt 1024 1456121430 1456123997
ibr-33_ibr-20_1.txt 1024 1456121430 1456122671
ibr-33_ibr-22_1.txt 1024 1456121430 1456122510
ibr-33_ibr-31_1.txt 1024 1456121431 1456123344
ibr-33_ibr-34_1.txt 1024 1456121430 1456124681
ibr-33_ibr-39_1.txt 1024 1456121431 1456125006
ibr-33_ibr-4_1.txt 1024 1456121430 1456123767
ibr-33_ibr-43_1.txt 1024 1456121431 1456122336
ibr-33_ibr-46_1.txt 0 1456121431 1456121431
ibr-33_ibr-47_1.txt 1024 1456121431 1456125700
ibr-33_ibr-48_1.txt 1024 1456121431 1456124171
ibr-33_ibr-49_1.txt 1024 1456121430 1456124566
ibr-33_ibr-53_1.txt 1024 1456121430 1456122565
ibr-33_ibr-56_1.txt 1024 1456121430 1456122546
ibr-34_ibr-18_1.txt 1024 1456121430 1456125456
ibr-34_ibr-20_1.txt 1024 1456121431 1456122346
ibr-34_ibr-20_2.txt 1024 1456121431 1456124646
ibr-34_ibr-22_1.txt 1024 1456121430 1456124341
ibr-34_ibr-23_1.txt 1024 1456121431 1456123632
ibr-34_ibr-25_1.txt 1024 1456121430 1456124157
ibr-34_ibr-26_1.txt 1024 1456121431 1456122315
ibr-34_ibr-38_1.txt 1024 1456121431 1456123866
ibr-34_ibr-39_1.txt 1024 1456121431 1456124321
ibr-34_ibr-4_1.txt 1024 1456121431 1456124916
ibr-34_ibr-48_1.txt 0 1456121430 1456121430
ibr-34_ibr-50_1.txt 1024 1456121431 1456123931
ibr-34_ibr-9_1.txt 0 1456121430 1456121430
ibr-35_ibr-10_1.txt 1024 1456121430 1456122310
ibr-35_ibr-17_1.txt 1024 1456121431 1456125196
ibr-35_ibr-23_1.txt 1024 1456121431 1456122336
ibr-35_ibr-29_1.txt 1024 1456121431 1456123647
ibr-35_ibr-33_1.txt 1024 1456121430 1456121971
ibr-35_ibr-8_1.txt 1024 1456121431 1456124970
ibr-36_ibr-10_1.txt 1024 1456121430 1456122340
ibr-36_ibr-11_1.txt 0 1456121430 1456121430
ibr-36_ibr-11_2.txt 0 1456121430 1456121430
ibr-36_ibr-11_3.txt 1024 1456121431 1456126095
ibr-36_ibr-11_4.txt 0 1456121431 1456121431
ibr-36_ibr-11_5.txt 0 1456121431 1456121431
ibr-36_ibr-1_1.txt 0 1456121430 1456121430
ibr-36_ibr-1_2.txt 1024 1456121431 1456127107
ibr-36_ibr-1_3.txt 1024 1456121432 1456126966
ibr-36_ibr-1_4.txt 1024 1456121431 1456126511
ibr-36_ibr-16_1.txt 1024 1456121431 1456125995
ibr-36_ibr-16_2.txt 0 1456121432 1456121432
ibr-36_ibr-16_3.txt 0 1456121431 1456121431
ibr-36_ibr-16_4.txt 0 1456121431 1456121431
ibr-36_ibr-16_5.txt 0 1456121431 1456121431
ibr-36_ibr-16_6.txt 1024 1456121431 1456125995
ibr-36_ibr-16_7.txt 0 1456121432 1456121432
ibr-36_ibr-21_1.txt 0 1456121431 1456121431
ibr-36_ibr-21_2.txt 0 1456121432 1456121432
ibr-36_ibr-21_3.txt 0 1456121431 1456121431
ibr-36_ibr-25_1.txt 0 1456121431 1456121431
ibr-36_ibr-26_1.txt 1024 1456121430 1456122315
ibr-36_ibr-26_2.txt 1024 1456121431 1456122580
ibr-36_ibr-26_3.txt 1024 1456121431 1456122580
ibr-36_ibr-26_4.txt 0 1456121431 1456121431
ibr-36_ibr-31_1.txt 0 1456121432 1456121432
ibr-36_ibr-31_2.txt 1024 1456121432 1456125800
ibr-36_ibr-31_3.txt 1024 1456121431 1456125800
ibr-36_ibr-31_4.txt 1024 1456121431 1456126586
ibr-36_ibr-31_5.txt 0 1456121432 1456121432
ibr-36_ibr-31_6.txt 1024 1456121432 1456126586
ibr-36_ibr-41_1.txt 1024 1456121431 1456122466
ibr-36_ibr-41_2.txt 0 1456121432 1456121432
ibr-36_ibr-41_3.txt 0 1456121434 1456121434
ibr-36_ibr-41_4.txt 1024 1456121431 1456127010
ibr-36_ibr-42_1.txt 1024 1456121431 1456122691
ibr-36_ibr-46_1.txt 1024 1456121431 1456122545
ibr-36_ibr-46_2.txt 1024 1456121431 1456127136
ibr-36_ibr-46_3.txt 1024 1456121431 1456127136
ibr-36_ibr-46_4.txt 0 1456121431 1456121431
ibr-36_ibr-46_5.txt 0 1456121431 1456121431
ibr-36_ibr-46_6.txt 0 1456121431 1456121431
ibr-36_ibr-50_1.txt 0 1456121430 1456121430
ibr-36_ibr-51_1.txt 0 1456121432 1456121432
ibr-36_ibr-51_2.txt 1024 1456121432 1456126100
ibr-36_ibr-51_3.txt 1024 1456121431 1456125850
ibr-36_ibr-51_4.txt 1024 1456121432 1456126670
ibr-36_ibr-51_5.txt 0 1456121431 1456121431
ibr-36_ibr-51_6.txt 0 1456121432 1456121432
ibr-36_ibr-51_7.txt 0 1456121432 1456121432
ibr-36_ibr-51_8.txt 0 1456121431 1456121431
ibr-36_ibr-53_1.txt 1024 1456121430 1456122285
ibr-36_ibr-56_1.txt 1024 1456121431 1456122546
ibr-36_ibr-56_2.txt 1024 1456121431 1456122546
ibr-36_ibr-56_3.txt 1024 1456121431 1456122546
ibr-36_ibr-56_4.txt 1024 1456121431 1456124915
ibr-36_ibr-56_5.txt 1024 1456121431 1456123896
ibr-36_ibr-56_6.txt 1024 1456121431 1456126010
ibr-36_ibr-56_7.txt 1024 1456121431 1456126010
ibr-36_ibr-56_8.txt 0 1456121431 1456121431
ibr-36_ibr-56_9.txt 0 1456121431 1456121431
ibr-36_ibr-6_1.txt 1024 1456121430 1456122127
ibr-36_ibr-6_2.txt 0 1456121431 1456121431
ibr-36_ibr-6_3.txt 0 1456121431 1456121431
ibr-37_ibr-11_1.txt 1024 1456121430 1456126317
ibr-37_ibr-19_1.txt 1024 1456121431 1456123622
ibr-37_ibr-23_1.txt 1024 1456121431 1456125728
ibr-37_ibr-41_1.txt 1024 1456121431 1456126718
ibr-37_ibr-4_1.txt 1024 1456121431 1456123712
ibr-37_ibr-42_1.txt 1024 1456121431 1456123486
ibr-37_ibr-7_1.txt 1024 1456121431 1456124461
ibr-38_ibr-12_1.txt 1024 1456121431 1456124141
ibr-38_ibr-20_1.txt 1024 1456121431 1456123471
ibr-38_ibr-32_1.txt 1024 1456121430 1456123481
ibr-38_ibr-39_1.txt 1024 1456121430 1456122156
ibr-38_ibr-42_1.txt 1024 1456121431 1456123927
ibr-38_ibr-45_1.txt 1024 1456121430 1456123137
ibr-38_ibr-45_2.txt 1024 1456121431 1456124736
ibr-38_ibr-46_1.txt 1024 1456121431 1456123196
ibr-38_ibr-47_1.txt 1024 1456121431 1456124067
ibr-38_ibr-48_1.txt 0 1456121431 1456121431
ibr-38_ibr-51_1.txt 1024 1456121432 1456127021
ibr-38_ibr-55_1.txt 1024 1456121430 1456124996
ibr-39_ibr-13_1.txt 0 1456121432 1456121432
ibr-39_ibr-15_1.txt 1024 1456121431 1456123606
ibr-39_ibr-23_1.txt 1024 1456121430 1456123622
ibr-39_ibr-29_1.txt 1024 1456121430 1456126256
ibr-39_ibr-41_1.txt 0 1456121432 1456121432
ibr-39_ibr-50_1.txt 1024 1456121430 1456124940
ibr-39_ibr-52_1.txt 1024 1456121431 1456122845
ibr-39_ibr-54_1.txt 1024 1456121430 1456124261
ibr-39_ibr-6_1.txt 1024 1456121431 1456125300
ibr-39_ibr-6_2.txt 1024 1456121431 1456125832
ibr-3_ibr-10_1.txt 0 1456121430 1456121430
ibr-3_ibr-12_1.txt 1024 1456121431 1456122341
ibr-3_ibr-18_1.txt 1024 1456121430 1456124767
ibr-3_ibr-39_1.txt 0 1456121431 1456121431
ibr-3_ibr-4_1.txt 1024 1456121432 1456122901
ibr-3_ibr-45_1.txt 0 1456121430 1456121430
ibr-3_ibr-49_1.txt 0 1456121431 1456121431
ibr-3_ibr-5_1.txt 1024 1456121430 1456126139
ibr-40_ibr-14_1.txt 1024 1456121431 1456122230
ibr-40_ibr-26_1.txt 1024 1456121431 1456122315
ibr-40_ibr-27_1.txt 1024 1456121430 1456123572
ibr-40_ibr-31_1.txt 1024 1456121432 1456125800
ibr-40_ibr-3_1.txt 1024 1456121431 1456123751
ibr-40_ibr-32_1.txt 1024 1456121430 1456124885
ibr-40_ibr-34_1.txt 1024 1456121430 1456125260
ibr-40_ibr-35_1.txt 1024 1456121430 1456122461
ibr-40_ibr-37_1.txt 1024 1456121431 1456124076
ibr-40_ibr-38_1.txt 0 1456121431 1456121431
ibr-40_ibr-39_1.txt 1024 1456121431 1456124101
ibr-40_ibr-4_1.txt 1024 1456121431 1456123631
ibr-40_ibr-42_1.txt 1024 1456121431 1456126441
ibr-40_ibr-48_1.txt 1024 1456121430 1456122680
ibr-41_ibr-10_1.txt 1024 1456121430 1456122455
ibr-41_ibr-10_2.txt 0 1456121430 1456121430
ibr-41_ibr-11_1.txt 1024 1456121430 1456122496
ibr-41_ibr-11_2.txt 0 1456121431 1456121431
ibr-41_ibr-11_3.txt 0 1456121431 1456121431
ibr-41_ibr-11_4.txt 0 1456121431 1456121431
ibr-41_ibr-1_1.txt 0 1456121431 1456121431
ibr-41_ibr-1_2.txt 0 1456121431 1456121431
ibr-41_ibr-1_3.txt 0 1456121430 1456121430
ibr-41_ibr-1_4.txt 0 1456121431 1456121431
ibr-41_ibr-16_1.txt 0 1456121431 1456121431
ibr-41_ibr-16_2.txt 0 1456121432 1456121432
ibr-41_ibr-16_3.txt 0 1456121431 1456121431
ibr-41_ibr-16_4.txt 0 1456121431 1456121431
ibr-41_ibr-16_5.txt 0 1456121431 1456121431
ibr-41_ibr-19_1.txt 1024 1456121430 1456123452
ibr-41_ibr-21_1.txt 1024 1456121430 1456122247
ibr-41_ibr-21_2.txt 0 1456121430 1456121430
ibr-41_ibr-21_3.txt 1024 1456121430 1456122971
ibr-41_ibr-21_4.txt 0 1456121431 1456121431
ibr-41_ibr-21_5.txt 0 1456121431 1456121431
ibr-41_ibr-21_6.txt 0 1456121431 1456121431
ibr-41_ibr-21_7.txt 0 1456121431 1456121431
ibr-41_ibr-21_8.txt 0 1456121431 1456121431
ibr-41_ibr-25_1.txt 0 1456121431 1456121431
ibr-41_ibr-30_1.txt 0 1456121431 1456121431
ibr-41_ibr-31_1.txt 1024 1456121432 1456126096
ibr-41_ibr-31_2.txt 0 1456121431 1456121431
ibr-41_ibr-31_3.txt 0 1456121431 1456121431
ibr-41_ibr-36_1.txt 1024 1456121431 1456124736
ibr-41_ibr-36_2.txt 0 1456121430 1456121430
ibr-41_ibr-36_3.txt 0 1456121431 1456121431
ibr-41_ibr-37_1.txt 0 1456121431 1456121431
ibr-41_ibr-43_1.txt 1024 1456121431 1456123125
ibr-41_ibr-46_1.txt 1024 1456121432 1456123196
ibr-41_ibr-46_2.txt 1024 1456121431 1456123196
ibr-41_ibr-46_3.txt 1024 1456121432 1456123196
ibr-41_ibr-46_4.txt 0 1456121430 1456121430
ibr-41_ibr-46_5.txt 0 1456121431 1456121431
ibr-41_ibr-46_6.txt 0 1456121431 1456121431
ibr-41_ibr-51_1.txt 1024 1456121432 1456123255
ibr-41_ibr-51_2.txt 0 1456121432 1456121432
ibr-41_ibr-51_3.txt 0 1456121432 1456121432
ibr-41_ibr-51_4.txt 0 1456121431 1456121431
ibr-41_ibr-51_5.txt 0 1456121431 1456121431
ibr-41_ibr-56_1.txt 1024 1456121431 1456124915
ibr-41_ibr-56_2.txt 1024 1456121431 1456124915
ibr-41_ibr-56_3.txt 1024 1456121431 1456125296
ibr-41_ibr-56_4.txt 0 1456121431 1456121431
ibr-41_ibr-56_5.txt 0 1456121431 1456121431
ibr-41_ibr-56_6.txt 0 1456121431 1456121431
ibr-41_ibr-56_7.txt 0 1456121431 1456121431
ibr-41_ibr-56_8.txt 0 1456121431 1456121431
ibr-41_ibr-6_1.txt 0 1456121431 1456121431
ibr-41_ibr-6_2.txt 0 1456121431 1456121431
ibr-41_ibr-6_3.txt 0 1456121431 1456121431
ibr-41_ibr-6_4.txt 0 1456121431 1456121431
ibr-42_ibr-14_1.txt 1024 1456121430 1456122405
ibr-42_ibr-24_1.txt 1024 1456121431 1456125872
ibr-42_ibr-25_1.txt 1024 1456121431 1456123536
ibr-42_ibr-26_1.txt 1024 1456121431 1456125805
ibr-42_ibr-29_1.txt 1024 1456121431 1456125887
ibr-42_ibr-33_1.txt 1024 1456121431 1456125911
ibr-42_ibr-35_1.txt 1024 1456121430 1456123351
ibr-42_ibr-37_1.txt 0 1456121431 1456121431
ibr-42_ibr-44_1.txt 1024 1456121430 1456122080
ibr-42_ibr-44_2.txt 1024 1456121430 1456124795
ibr-42_ibr-50_1.txt 0 1456121431 1456121431
ibr-42_ibr-5_1.txt 1024 1456121430 1456126472
ibr-43_ibr-12_1.txt 1024 1456121430 1456124801
ibr-43_ibr-19_1.txt 0 1456121430 1456121430
ibr-43_ibr-28_1.txt 1024 1456121430 1456123866
ibr-43_ibr-4_1.txt 1024 1456121430 1456126541
ibr-43_ibr-42_1.txt 1024 1456121430 1456124356
ibr-43_ibr-48_1.txt 1024 1456121430 1456124752
ibr-43_ibr-55_1.txt 1024 1456121430 1456123682
ibr-43_ibr-7_1.txt 1024 1456121431 1456126182
ibr-44_ibr-12_1.txt 1024 1456121430 1456122341
ibr-44_ibr-15_1.txt 1024 1456121430 1456125881
ibr-44_ibr-19_1.txt 1024 1456121431 1456123627
ibr-44_ibr-21_1.txt 0 1456121431 1456121431
ibr-44_ibr-23_1.txt 1024 1456121431 1456122325
ibr-44_ibr-27_1.txt 1024 1456121431 1456123400
ibr-44_ibr-35_1.txt 1024 1456121431 1456124806
ibr-44_ibr-36_1.txt 1024 1456121431 1456124736
ibr-44_ibr-39_1.txt 1024 1456121430 1456124737
ibr-44_ibr-4_1.txt 1024 1456121430 1456124486
ibr-44_ibr-4_2.txt 1024 1456121430 1456124486
ibr-44_ibr-51_1.txt 0 1456121431 1456121431
ibr-44_ibr-53_1.txt 1024 1456121431 1456124875
ibr-45_ibr-17_1.txt 1024 1456121431 1456126950
ibr-45_ibr-22_1.txt 1024 1456121430 1456125856
ibr-45_ibr-31_1.txt 1024 1456121431 1456122440
ibr-45_ibr-32_1.txt 1024 1456121430 1456123791
ibr-45_ibr-32_2.txt 0 1456121430 1456121430
ibr-45_ibr-35_1.txt 1024 1456121431 1456123326
ibr-45_ibr-44_1.txt 1024 1456121430 1456126550
ibr-45_ibr-47_1.txt 1024 1456121431 1456124975
ibr-45_ibr-8_1.txt 1024 1456121430 1456123300
ibr-46_ibr-11_1.txt 1024 1456121430 1456123035
ibr-46_ibr-11_2.txt 1024 1456121431 1456126270
ibr-46_ibr-11_3.txt 0 1456121431 1456121431
ibr-46_ibr-11_4.txt 0 1456121431 1456121431
ibr-46_ibr-11_5.txt 0 1456121431 1456121431
ibr-46_ibr-1_1.txt 1024 1456121430 1456126511
ibr-46_ibr-1_2.txt 0 1456121431 1456121431
ibr-46_ibr-1_3.txt 0 1456121432 1456121432
ibr-46_ibr-1_4.txt 0 1456121431 1456121431
ibr-46_ibr-16_1.txt 1024 1456121431 1456122425
ibr-46_ibr-16_2.txt 1024 1456121431 1456122980
ibr-46_ibr-21_1.txt 0 1456121431 1456121431
ibr-46_ibr-21_2.txt 1024 1456121432 1456125541
ibr-46_ibr-21_3.txt 0 1456121431 1456121431
ibr-46_ibr-21_4.txt 0 1456121431 1456121431
ibr-46_ibr-21_5.txt 0 1456121431 1456121431
ibr-46_ibr-21_6.txt 0 1456121431 1456121431
ibr-46_ibr-21_7.txt 0 1456121431 1456121431
ibr-46_ibr-26_1.txt 1024 1456121430 1456122090
ibr-46_ibr-26_2.txt 1024 1456121431 1456122490
ibr-46_ibr-26_3.txt 1024 1456121431 1456123155
ibr-46_ibr-26_4.txt 1024 1456121431 1456123155
ibr-46_ibr-26_5.txt 1024 1456121431 1456123628
ibr-46_ibr-26_6.txt 0 1456121431 1456121431
ibr-46_ibr-26_7.txt 0 1456121431 1456121431
ibr-46_ibr-30_1.txt 1024 1456121431 1456122071
ibr-46_ibr-31_1.txt 1024 1456121431 1456122890
ibr-46_ibr-31_2.txt 1024 1456121431 1456122890
ibr-46_ibr-31_3.txt 0 1456121431 1456121431
ibr-46_ibr-31_4.txt 0 1456121431 1456121431
ibr-46_ibr-31_5.txt 0 1456121431 1456121431
ibr-46_ibr-36_10.txt 0 1456121430 1456121430
ibr-46_ibr-36_1.txt 1024 1456121431 1456122570
ibr-46_ibr-36_2.txt 1024 1456121430 1456122570
ibr-46_ibr-36_3.txt 1024 1456121431 1456122901
ibr-46_ibr-36_4.txt 1024 1456121432 1456125795
ibr-46_ibr-36_5.txt 1024 1456121432 1456124821
ibr-46_ibr-36_6.txt 0 1456121432 1456121432
ibr-46_ibr-36_7.txt 0 1456121431 1456121431
ibr-46_ibr-36_8.txt 0 1456121430 1456121430
ibr-46_ibr-36_9.txt 0 1456121431 1456121431
ibr-46_ibr-39_1.txt 1024 1456121430 1456122281
ibr-46_ibr-41_1.txt 0 1456121431 1456121431
ibr-46_ibr-41_2.txt 0 1456121431 1456121431
ibr-46_ibr-41_3.txt 0 1456121431 1456121431
ibr-46_ibr-41_4.txt 1024 1456121431 1456126682
ibr-46_ibr-41_5.txt 1024 1456121432 1456126682
ibr-46_ibr-43_1.txt 0 1456121430 1456121430
ibr-46_ibr-48_1.txt 1024 1456121431 1456122215
ibr-46_ibr-51_1.txt 1024 1456121432 1456122241
ibr-46_ibr-51_2.txt 1024 1456121432 1456122241
ibr-46_ibr-51_3.txt 1024 1456121432 1456124081
ibr-46_ibr-51_4.txt 0 1456121431 1456121431
ibr-46_ibr-51_5.txt 0 1456121432 1456121432
ibr-46_ibr-55_1.txt 1024 1456121430 1456123311
ibr-46_ibr-56_1.txt 0 1456121431 1456121431
ibr-46_ibr-56_2.txt 0 1456121431 1456121431
ibr-46_ibr-6_1.txt 1024 1456121430 1456122831
ibr-46_ibr-6_2.txt 1024 1456121431 1456126776
ibr-46_ibr-6_3.txt 0 1456121431 1456121431
ibr-46_ibr-6_4.txt 0 1456121431 1456121431
ibr-46_ibr-6_5.txt 0 1456121431 1456121431
ibr-46_ibr-6_6.txt 0 1456121431 1456121431
ibr-47_ibr-13_1.txt 1024 1456121432 1456126275
ibr-47_ibr-16_1.txt 0 1456121431 1456121431
ibr-47_ibr-17_1.txt 1024 1456121431 1456122985
ibr-47_ibr-20_1.txt 1024 1456121431 1456122191
ibr-47_ibr-27_1.txt 1024 1456121430 1456122578
ibr-47_ibr-27_2.txt 1024 1456121430 1456126245
ibr-47_ibr-4_1.txt 1024 1456121430 1456126886
ibr-47_ibr-46_1.txt 0 1456121432 1456121432
ibr-47_ibr-46_2.txt 0 1456121431 1456121431
ibr-48_ibr-13_1.txt 1024 1456121430 1456123175
ibr-48_ibr-19_1.txt 1024 1456121431 1456125725
ibr-48_ibr-2_1.txt 1024 1456121431 1456124466
ibr-48_ibr-27_1.txt 1024 1456121430 1456123981
ibr-48_ibr-3_1.txt 1024 1456121431 1456125505
ibr-48_ibr-32_1.txt 1024 1456121430 1456124486
ibr-48_ibr-34_1.txt 1024 1456121430 1456125376
ibr-48_ibr-37_1.txt 1024 1456121430 1456122521
ibr-48_ibr-38_1.txt 1024 1456121430 1456123491
ibr-48_ibr-45_1.txt 1024 1456121431 1456126857
ibr-48_ibr-47_1.txt 1024 1456121431 1456123716
ibr-48_ibr-8_1.txt 1024 1456121431 1456126125
ibr-49_ibr-16_1.txt 1024 1456121431 1456126867
ibr-49_ibr-22_1.txt 1024 1456121431 1456122171
ibr-49_ibr-29_1.txt 1024 1456121431 1456123237
ibr-49_ibr-34_1.txt 1024 1456121430 1456126326
ibr-49_ibr-35_1.txt 1024 1456121431 1456124566
ibr-49_ibr-37_1.txt 1024 1456121431 1456122846
ibr-49_ibr-40_1.txt 1024 1456121431 1456126696
ibr-49_ibr-5_1.txt 1024 1456121430 1456123252
ibr-49_ibr-52_1.txt 1024 1456121430 1456122270
ibr-49_ibr-53_1.txt 1024 1456121431 1456123561
ibr-49_ibr-54_1.txt 1024 1456121430 1456124616
ibr-4_ibr-15_1.txt 1024 1456121431 1456125781
ibr-4_ibr-26_1.txt 1024 1456121431 1456125805
ibr-4_ibr-38_1.txt 1024 1456121431 1456126446
ibr-4_ibr-40_1.txt 1024 1456121431 1456123716
ibr-4_ibr-42_1.txt 1024 1456121431 1456126476
ibr-4_ibr-56_1.txt 0 1456121431 1456121431
ibr-4_ibr-9_1.txt 1024 1456121430 1456123842
ibr-50_ibr-11_1.txt 0 1456121431 1456121431
ibr-50_ibr-16_1.txt 0 1456121431 1456121431
ibr-50_ibr-20_1.txt 1024 1456121431 1456125002
ibr-50_ibr-24_1.txt 1024 1456121430 1456124501
ibr-50_ibr-25_1.txt 1024 1456121430 1456123255
ibr-50_ibr-30_1.txt 0 1456121432 1456121432
ibr-50_ibr-31_1.txt 1024 1456121431 1456123921
ibr-50_ibr-31_2.txt 1024 1456121431 1456123921
ibr-50_ibr-3_1.txt 1024 1456121431 1456125751
ibr-50_ibr-32_1.txt 1024 1456121430 1456125985
ibr-50_ibr-34_1.txt 1024 1456121430 1456125016
ibr-50_ibr-37_1.txt 1024 1456121430 1456124002
ibr-50_ibr-4_1.txt 1024 1456121432 1456125996
ibr-50_ibr-42_1.txt 1024 1456121431 1456122800
ibr-50_ibr-43_1.txt 1024 1456121431 1456124267
ibr-50_ibr-47_1.txt 1024 1456121431 1456122625
ibr-50_ibr-49_1.txt 0 1456121431 1456121431
ibr-50_ibr-5_1.txt 0 1456121430 1456121430
ibr-50_ibr-8_1.txt 0 1456121430 1456121430
ibr-51_ibr-11_1.txt 1024 1456121431 1456122310
ibr-51_ibr-11_2.txt 0 1456121431 1456121431
ibr-51_ibr-11_3.txt 0 1456121431 1456121431
ibr-51_ibr-11_4.txt 0 1456121431 1456121431
ibr-51_ibr-11_5.txt 0 1456121432 1456121432
ibr-51_ibr-11_6.txt 0 1456121431 1456121431
ibr-51_ibr-11_7.txt 0 1456121431 1456121431
ibr-51_ibr-1_1.txt 0 1456121432 1456121432
ibr-51_ibr-1_2.txt 0 1456121432 1456121432
ibr-51_ibr-1_3.txt 0 1456121432 1456121432
ibr-51_ibr-1_4.txt 0 1456121431 1456121431
ibr-51_ibr-1_5.txt 0 1456121431 1456121431
ibr-51_ibr-16_1.txt 1024 1456121431 1456122331
ibr-51_ibr-16_2.txt 1024 1456121431 1456122776
ibr-51_ibr-16_3.txt 0 1456121431 1456121431
ibr-51_ibr-16_4.txt 0 1456121431 1456121431
ibr-51_ibr-16_5.txt 0 1456121431 1456121431
ibr-51_ibr-16_6.txt 1024 1456121432 1456125995
ibr-51_ibr-16_7.txt 0 1456121431 1456121431
ibr-51_ibr-16_8.txt 0 1456121431 1456121431
ibr-51_ibr-17_1.txt 0 1456121430 1456121430
ibr-51_ibr-21_1.txt 1024 1456121430 1456122786
ibr-51_ibr-21_2.txt 1024 1456121430 1456122786
ibr-51_ibr-21_3.txt 0 1456121431 1456121431
ibr-51_ibr-21_4.txt 0 1456121431 1456121431
ibr-51_ibr-21_5.txt 1024 1456121431 1456126066
ibr-51_ibr-21_6.txt 0 1456121431 1456121431
ibr-51_ibr-26_1.txt 0 1456121431 1456121431
ibr-51_ibr-26_2.txt 0 1456121431 1456121431
ibr-51_ibr-31_1.txt 1024 1456121432 1456122141
ibr-51_ibr-31_2.txt 1024 1456121432 1456122215
ibr-51_ibr-31_3.txt 1024 1456121432 1456122320
ibr-51_ibr-31_4.txt 1024 1456121431 1456122600
ibr-51_ibr-31_5.txt 0 1456121431 1456121431
ibr-51_ibr-31_6.txt 0 1456121431 1456121431
ibr-51_ibr-31_7.txt 0 1456121431 1456121431
ibr-51_ibr-31_8.txt 0 1456121431 1456121431
ibr-51_ibr-31_9.txt 0 1456121431 1456121431
ibr-51_ibr-33_1.txt 0 1456121431 1456121431
ibr-51_ibr-36_1.txt 0 1456121431 1456121431
ibr-51_ibr-36_2.txt 0 1456121430 1456121430
ibr-51_ibr-36_3.txt 0 1456121430 1456121430
ibr-51_ibr-41_1.txt 1024 1456121431 1456122466
ibr-51_ibr-41_2.txt 0 1456121432 1456121432
ibr-51_ibr-41_3.txt 0 1456121432 1456121432
ibr-51_ibr-46_1.txt 1024 1456121432 1456122621
ibr-51_ibr-46_2.txt 0 1456121431 1456121431
ibr-51_ibr-56_1.txt 0 1456121431 1456121431
ibr-51_ibr-56_2.txt 0 1456121431 1456121431
ibr-51_ibr-56_3.txt 1024 1456121431 1456126010
ibr-51_ibr-56_4.txt 0 1456121431 1456121431
ibr-51_ibr-56_5.txt 1024 1456121431 1456126010
ibr-51_ibr-6_1.txt 1024 1456121431 1456122825
ibr-51_ibr-6_2.txt 1024 1456121431 1456123507
ibr-51_ibr-6_3.txt 0 1456121431 1456121431
ibr-51_ibr-6_4.txt 1024 1456121431 1456125832
ibr-51_ibr-6_5.txt 0 1456121431 1456121431
ibr-51_ibr-6_6.txt 1024 1456121431 1456125832
ibr-51_ibr-6_7.txt 0 1456121431 1456121431
ibr-51_ibr-7_1.txt 0 1456121430 1456121430
ibr-52_ibr-14_1.txt 1024 1456121431 1456122415
ibr-52_ibr-19_1.txt 1024 1456121431 1456123627
ibr-52_ibr-24_1.txt 1024 1456121431 1456125321
ibr-52_ibr-36_1.txt 0 1456121431 1456121431
ibr-52_ibr-51_1.txt 1024 1456121431 1456122535
ibr-52_ibr-54_1.txt 1024 1456121431 1456122095
ibr-53_ibr-15_1.txt 1024 1456121431 1456123521
ibr-53_ibr-2_1.txt 1024 1456121431 1456125510
ibr-53_ibr-24_1.txt 1024 1456121431 1456124880
ibr-53_ibr-26_1.txt 1024 1456121431 1456122580
ibr-53_ibr-35_1.txt 1024 1456121431 1456123731
ibr-53_ibr-36_1.txt 1024 1456121431 1456126216
ibr-53_ibr-43_1.txt 1024 1456121431 1456122736
ibr-53_ibr-45_1.txt 1024 1456121430 1456122326
ibr-53_ibr-47_1.txt 1024 1456121431 1456126415
ibr-53_ibr-51_1.txt 0 1456121432 1456121432
ibr-53_ibr-6_1.txt 1024 1456121431 1456126167
ibr-54_ibr-10_1.txt 1024 1456121430 1456123251
ibr-54_ibr-12_1.txt 1024 1456121431 1456124286
ibr-54_ibr-25_1.txt 1024 1456121431 1456123527
ibr-54_ibr-25_2.txt 1024 1456121430 1456124746
ibr-54_ibr-30_1.txt 1024 1456121431 1456125700
ibr-54_ibr-3_1.txt 1024 1456121431 1456123527
ibr-54_ibr-32_1.txt 1024 1456121430 1456123267
ibr-54_ibr-40_1.txt 1024 1456121431 1456126055
ibr-54_ibr-47_1.txt 1024 1456121431 1456125205
ibr-54_ibr-52_1.txt 1024 1456121430 1456123421
ibr-54_ibr-53_1.txt 1024 1456121431 1456123658
ibr-55_ibr-28_1.txt 1024 1456121430 1456122460
ibr-55_ibr-29_1.txt 1024 1456121431 1456126651
ibr-55_ibr-30_1.txt 0 1456121430 1456121430
ibr-55_ibr-36_1.txt 1024 1456121431 1456122901
ibr-55_ibr-37_1.txt 1024 1456121431 1456122565
ibr-55_ibr-41_1.txt 0 1456121431 1456121431
ibr-55_ibr-52_1.txt 1024 1456121431 1456124051
ibr-55_ibr-54_1.txt 0 1456121430 1456121430
ibr-56_ibr-13_1.txt 1024 1456121430 1456124256
ibr-56_ibr-16_1.txt 1024 1456121431 1456125995
ibr-56_ibr-16_2.txt 1024 1456121430 1456126793
ibr-56_ibr-17_1.txt 1024 1456121431 1456122455
ibr-56_ibr-25_1.txt 0 1456121431 1456121431
ibr-56_ibr-33_1.txt 1024 1456121430 1456122256
ibr-56_ibr-41_1.txt 1024 1456121431 1456125680
ibr-56_ibr-43_1.txt 1024 1456121430 1456125668
ibr-56_ibr-46_1.txt 1024 1456121432 1456123312
ibr-56_ibr-48_1.txt 1024 1456121431 1456122710
ibr-56_ibr-51_1.txt 1024 1456121432 1456126103
ibr-56_ibr-54_1.txt 1024 1456121431 1456123922
ibr-5_ibr-13_1.txt 1024 1456121430 1456125231
ibr-5_ibr-14_1.txt 0 1456121430 1456121430
ibr-5_ibr-19_1.txt 1024 1456121431 1456122271
ibr-5_ibr-23_1.txt 0 1456121431 1456121431
ibr-5_ibr-23_2.txt 1024 1456121431 1456124956
ibr-5_ibr-32_1.txt 1024 1456121430 1456126597
ibr-5_ibr-36_1.txt 1024 1456121431 1456122386
ibr-5_ibr-36_2.txt 0 1456121432 1456121432
ibr-5_ibr-42_1.txt 1024 1456121431 1456123187
ibr-5_ibr-43_1.txt 1024 1456121431 1456122336
ibr-5_ibr-49_1.txt 1024 1456121430 1456122756
ibr-5_ibr-49_2.txt 0 1456121430 1456121430
ibr-6_ibr-11_1.txt 1024 1456121431 1456125825
ibr-6_ibr-11_2.txt 1024 1456121430 1456126867
ibr-6_ibr-11_3.txt 0 1456121431 1456121431
ibr-6_ibr-11_4.txt 0 1456121432 1456121432
ibr-6_ibr-1_1.txt 0 1456121431 1456121431
ibr-6_ibr-1_2.txt 0 1456121432 1456121432
ibr-6_ibr-1_3.txt 0 1456121432 1456121432
ibr-6_ibr-15_1.txt 1024 1456121431 1456122130
ibr-6_ibr-16_1.txt 1024 1456121432 1456122240
ibr-6_ibr-16_2.txt 1024 1456121430 1456122426
ibr-6_ibr-16_3.txt 1024 1456121430 1456122991
ibr-6_ibr-16_4.txt 1024 1456121431 1456123081
ibr-6_ibr-16_5.txt 0 1456121432 1456121432
ibr-6_ibr-16_6.txt 0 1456121431 1456121431
ibr-6_ibr-16_7.txt 0 1456121431 1456121431
ibr-6_ibr-16_8.txt 0 1456121431 1456121431
ibr-6_ibr-21_10.txt 1024 1456121431 1456126867
ibr-6_ibr-21_1.txt 1024 1456121430 1456122340
ibr-6_ibr-21_2.txt 1024 1456121431 1456125051
ibr-6_ibr-21_3.txt 0 1456121431 1456121431
ibr-6_ibr-21_4.txt 0 1456121431 1456121431
ibr-6_ibr-21_5.txt 0 1456121431 1456121431
ibr-6_ibr-21_6.txt 0 1456121431 1456121431
ibr-6_ibr-21_7.txt 0 1456121431 1456121431
ibr-6_ibr-21_8.txt 0 1456121431 1456121431
ibr-6_ibr-21_9.txt 0 1456121431 1456121431
ibr-6_ibr-26_1.txt 0 1456121431 1456121431
ibr-6_ibr-26_2.txt 0 1456121431 1456121431
ibr-6_ibr-26_3.txt 0 1456121431 1456121431
ibr-6_ibr-26_4.txt 0 1456121431 1456121431
ibr-6_ibr-26_5.txt 0 1456121431 1456121431
ibr-6_ibr-26_6.txt 0 1456121431 1456121431
ibr-6_ibr-26_7.txt 0 1456121431 1456121431
ibr-6_ibr-28_1.txt 1024 1456121430 1456126278
ibr-6_ibr-31_1.txt 1024 1456121431 1456123085
ibr-6_ibr-31_2.txt 1024 1456121431 1456125902
ibr-6_ibr-31_3.txt 0 1456121431 1456121431
ibr-6_ibr-31_4.txt 0 1456121431 1456121431
ibr-6_ibr-31_5.txt 0 1456121431 1456121431
ibr-6_ibr-31_6.txt 1024 1456121431 1456127082
ibr-6_ibr-32_1.txt 1024 1456121430 1456124251
ibr-6_ibr-33_1.txt 1024 1456121431 1456122316
ibr-6_ibr-36_1.txt 0 1456121431 1456121431
ibr-6_ibr-36_2.txt 0 1456121431 1456121431
ibr-6_ibr-36_3.txt 0 1456121431 1456121431
ibr-6_ibr-36_4.txt 0 1456121431 1456121431
ibr-6_ibr-41_1.txt 1024 1456121430 1456122361
ibr-6_ibr-41_2.txt 0 1456121431 1456121431
ibr-6_ibr-41_3.txt 1024 1456121432 1456126901
ibr-6_ibr-41_4.txt 1024 1456121431 1456126901
ibr-6_ibr-41_5.txt 1024 1456121431 1456127245
ibr-6_ibr-41_6.txt 0 1456121431 1456121431
ibr-6_ibr-4_1.txt 0 1456121431 1456121431
ibr-6_ibr-46_1.txt 1024 1456121432 1456122145
ibr-6_ibr-46_2.txt 1024 1456121432 1456127136
ibr-6_ibr-46_3.txt 0 1456121431 1456121431
ibr-6_ibr-50_1.txt 1024 1456121431 1456125430
ibr-6_ibr-51_1.txt 1024 1456121431 1456122860
ibr-6_ibr-51_2.txt 1024 1456121430 1456122435
ibr-6_ibr-51_3.txt 0 1456121432 1456121432
ibr-6_ibr-51_4.txt 0 1456121431 1456121431
ibr-6_ibr-51_5.txt 0 1456121431 1456121431
ibr-6_ibr-51_6.txt 0 1456121431 1456121431
ibr-6_ibr-56_1.txt 0 1456121431 1456121431
ibr-6_ibr-56_2.txt 0 1456121431 1456121431
ibr-6_ibr-56_3.txt 1024 1456121431 1456127851
ibr-6_ibr-7_1.txt 0 1456121430 1456121430
ibr-7_ibr-11_1.txt 1024 1456121431 1456123736
ibr-7_ibr-11_2.txt 1024 1456121431 1456125055
ibr-7_ibr-13_1.txt 1024 1456121430 1456123042
ibr-7_ibr-24_1.txt 1024 1456121431 1456123006
ibr-7_ibr-24_2.txt 1024 1456121430 1456123641
ibr-7_ibr-24_3.txt 1024 1456121431 1456126876
ibr-7_ibr-27_1.txt 1024 1456121430 1456122956
ibr-7_ibr-36_1.txt 1024 1456121431 1456122461
ibr-7_ibr-37_1.txt 1024 1456121430 1456124461
ibr-7_ibr-38_1.txt 1024 1456121431 1456123027
ibr-7_ibr-48_1.txt 1024 1456121431 1456122345
ibr-7_ibr-56_1.txt 0 1456121431 1456121431
ibr-7_ibr-6_1.txt 1024 1456121431 1456123097
ibr-7_ibr-8_1.txt 1024 1456121430 1456126669
ibr-8_ibr-10_1.txt 1024 1456121431 1456121974
ibr-8_ibr-13_1.txt 1024 1456121431 1456126567
ibr-8_ibr-20_1.txt 1024 1456121430 1456122346
ibr-8_ibr-30_1.txt 1024 1456121431 1456123881
ibr-8_ibr-30_2.txt 1024 1456121430 1456126085
ibr-8_ibr-31_1.txt 1024 1456121431 1456126090
ibr-8_ibr-36_1.txt 1024 1456121431 1456125030
ibr-8_ibr-47_1.txt 1024 1456121430 1456123090
ibr-8_ibr-48_1.txt 1024 1456121431 1456126125
ibr-8_ibr-53_1.txt 1024 1456121430 1456122340
ibr-8_ibr-7_1.txt 1024 1456121431 1456124706
ibr-8_ibr-7_2.txt 1024 1456121430 1456124706
ibr-9_ibr-10_1.txt 1024 1456121430 1456124456
ibr-9_ibr-15_1.txt 1024 1456121431 1456124006
ibr-9_ibr-16_1.txt 1024 1456121431 1456122336
ibr-9_ibr-18_1.txt 1024 1456121430 1456126593
ibr-9_ibr-22_1.txt 1024 1456121431 1456126392
ibr-9_ibr-25_1.txt 1024 1456121430 1456124201
ibr-9_ibr-33_1.txt 0 1456121431 1456121431
ibr-9_ibr-37_1.txt 1024 1456121431 1456125798
ibr-9_ibr-43_1.txt 1024 1456121430 1456126486
ibr-9_ibr-45_1.txt 1024 1456121430 1456126122
ibr-9_ibr-49_1.txt 1024 1456121431 1456123006
ibr-9_ibr-49_2.txt 1024 1456121431 1456124371
ibr-9_ibr-56_1.txt 0 1456121431 1456121431
