# name size  create_time reach_time
ibr-10_ibr-22_1.txt 1024 1456198707 1456198707
ibr-10_ibr-23_1.txt 1024 1456199047 1456199047
ibr-10_ibr-24_1.txt 1024 1456200537 1456200537
ibr-10_ibr-28_1.txt 1024 1456199027 1456199027
ibr-10_ibr-33_1.txt 1024 1456199627 1456199627
ibr-10_ibr-40_1.txt 1024 1456199997 1456199997
ibr-10_ibr-41_1.txt 1024 1456198827 1456198827
ibr-10_ibr-41_2.txt 1024 1456199497 1456199497
ibr-10_ibr-42_1.txt 1024 1456200377 1456200377
ibr-10_ibr-49_1.txt 1024 1456198957 1456198957
ibr-10_ibr-49_2.txt 1024 1456199527 1456199527
ibr-10_ibr-49_3.txt 1024 1456199837 1456199837
ibr-10_ibr-50_1.txt 1024 1456199537 1456199537
ibr-10_ibr-50_2.txt 1024 1456200167 1456200167
ibr-10_ibr-53_1.txt 1024 1456199117 1456199117
ibr-11_ibr-1_1.txt 1024 1456199272 1456199272
ibr-11_ibr-12_1.txt 1024 1456200617 1456200617
ibr-11_ibr-1_2.txt 1024 1456199702 1456199702
ibr-11_ibr-1_3.txt 1024 1456200062 1456200062
ibr-11_ibr-14_1.txt 1024 1456199147 1456199147
ibr-11_ibr-1_4.txt 1024 1456200512 1456200512
ibr-11_ibr-1_5.txt 1024 1456201052 1456201052
ibr-11_ibr-16_1.txt 1024 1456198632 1456198632
ibr-11_ibr-16_2.txt 1024 1456199022 1456199022
ibr-11_ibr-16_3.txt 1024 1456199132 1456199132
ibr-11_ibr-16_4.txt 1024 1456199492 1456199492
ibr-11_ibr-16_5.txt 1024 1456199602 1456199602
ibr-11_ibr-16_6.txt 1024 1456199622 1456199622
ibr-11_ibr-1_6.txt 1024 1456201382 1456201382
ibr-11_ibr-1_7.txt 1024 1456201392 1456201392
ibr-11_ibr-21_1.txt 1024 1456198622 1456198622
ibr-11_ibr-21_2.txt 1024 1456198712 1456198712
ibr-11_ibr-21_3.txt 1024 1456199932 1456199932
ibr-11_ibr-21_4.txt 1024 1456199942 1456199942
ibr-11_ibr-21_5.txt 1024 1456199992 1456199992
ibr-11_ibr-21_6.txt 1024 1456200552 1456200552
ibr-11_ibr-21_7.txt 1024 1456200592 1456200592
ibr-11_ibr-21_8.txt 1024 1456201272 1456201272
ibr-11_ibr-26_1.txt 1024 1456198402 1456198402
ibr-11_ibr-26_2.txt 1024 1456198582 1456198582
ibr-11_ibr-26_3.txt 1024 1456199412 1456199412
ibr-11_ibr-26_4.txt 1024 1456199422 1456199422
ibr-11_ibr-26_5.txt 1024 1456200252 1456200252
ibr-11_ibr-26_6.txt 1024 1456200922 1456200922
ibr-11_ibr-26_7.txt 1024 1456201132 1456201132
ibr-11_ibr-28_1.txt 1024 1456201057 1456201057
ibr-11_ibr-29_1.txt 1024 1456199067 1456199067
ibr-11_ibr-30_1.txt 1024 1456200557 1456200557
ibr-11_ibr-31_1.txt 1024 1456198812 1456198812
ibr-11_ibr-31_2.txt 1024 1456198902 1456198902
ibr-11_ibr-31_3.txt 1024 1456199782 1456199782
ibr-11_ibr-31_4.txt 1024 1456199922 1456199922
ibr-11_ibr-36_1.txt 1024 1456198722 1456198722
ibr-11_ibr-36_2.txt 1024 1456198912 1456198912
ibr-11_ibr-36_3.txt 1024 1456198952 1456198952
ibr-11_ibr-36_4.txt 1024 1456199902 1456199902
ibr-11_ibr-36_5.txt 1024 1456200832 1456200832
ibr-11_ibr-40_1.txt 1024 1456198957 1456198957
ibr-11_ibr-41_1.txt 1024 1456198472 1456198472
ibr-11_ibr-41_2.txt 1024 1456198512 1456198512
ibr-11_ibr-41_3.txt 1024 1456198862 1456198862
ibr-11_ibr-41_4.txt 1024 1456199172 1456199172
ibr-11_ibr-41_5.txt 1024 1456199332 1456199332
ibr-11_ibr-41_6.txt 1024 1456200132 1456200132
ibr-11_ibr-41_7.txt 1024 1456200602 1456200602
ibr-11_ibr-44_1.txt 1024 1456199127 1456199127
ibr-11_ibr-51_1.txt 1024 1456198642 1456198642
ibr-11_ibr-51_2.txt 1024 1456198662 1456198662
ibr-11_ibr-51_3.txt 1024 1456198792 1456198792
ibr-11_ibr-51_4.txt 1024 1456199042 1456199042
ibr-11_ibr-51_5.txt 1024 1456201312 1456201312
ibr-11_ibr-53_1.txt 1024 1456199257 1456199257
ibr-11_ibr-55_1.txt 1024 1456198507 1456198507
ibr-11_ibr-56_1.txt 1024 1456198702 1456198702
ibr-11_ibr-56_2.txt 1024 1456199682 1456199682
ibr-11_ibr-56_3.txt 1024 1456200212 1456200212
ibr-11_ibr-56_4.txt 1024 1456200352 1456200352
ibr-11_ibr-56_5.txt 1024 1456200842 1456200842
ibr-11_ibr-56_6.txt 1024 1456201062 1456201062
ibr-11_ibr-56_7.txt 1024 1456201362 1456201362
ibr-11_ibr-6_1.txt 1024 1456199532 1456199532
ibr-11_ibr-6_2.txt 1024 1456200287 1456200287
ibr-11_ibr-6_3.txt 1024 1456200812 1456200812
ibr-11_ibr-6_4.txt 1024 1456201032 1456201032
ibr-12_ibr-17_1.txt 1024 1456200477 1456200477
ibr-12_ibr-19_1.txt 1024 1456201067 1456201067
ibr-12_ibr-21_1.txt 1024 1456200847 1456200847
ibr-12_ibr-23_1.txt 1024 1456199727 1456199727
ibr-12_ibr-24_1.txt 1024 1456198917 1456198917
ibr-12_ibr-25_1.txt 1024 1456200257 1456200257
ibr-12_ibr-26_1.txt 1024 1456201237 1456201237
ibr-12_ibr-56_1.txt 1024 1456198817 1456198817
ibr-13_ibr-14_1.txt 1024 1456200507 1456200507
ibr-13_ibr-22_1.txt 1024 1456199137 1456199137
ibr-13_ibr-28_1.txt 1024 1456198547 1456198547
ibr-13_ibr-29_1.txt 1024 1456201327 1456201327
ibr-13_ibr-30_1.txt 1024 1456201297 1456201297
ibr-13_ibr-36_1.txt 1024 1456200047 1456200047
ibr-13_ibr-38_1.txt 1024 1456198627 1456198627
ibr-13_ibr-40_1.txt 1024 1456198867 1456198867
ibr-13_ibr-47_1.txt 1024 1456200697 1456200697
ibr-13_ibr-47_2.txt 1024 1456200867 1456200867
ibr-13_ibr-48_1.txt 1024 1456200407 1456200407
ibr-13_ibr-8_1.txt 1024 1456199867 1456199867
ibr-14_ibr-16_1.txt 1024 1456199357 1456199357
ibr-14_ibr-29_1.txt 1024 1456199797 1456199797
ibr-14_ibr-29_2.txt 1024 1456200707 1456200707
ibr-14_ibr-3_1.txt 1024 1456198977 1456198977
ibr-15_ibr-24_1.txt 1024 1456200247 1456200247
ibr-15_ibr-38_1.txt 1024 1456200757 1456200757
ibr-15_ibr-39_1.txt 1024 1456199067 1456199067
ibr-15_ibr-43_1.txt 1024 1456199827 1456199827
ibr-15_ibr-49_1.txt 1024 1456201347 1456201347
ibr-15_ibr-5_1.txt 1024 1456200977 1456200977
ibr-15_ibr-55_1.txt 1024 1456198697 1456198697
ibr-15_ibr-6_1.txt 1024 1456199787 1456199787
ibr-16_ibr-11_1.txt 1024 1456200322 1456200322
ibr-16_ibr-11_2.txt 1024 1456200672 1456200672
ibr-16_ibr-1_1.txt 1024 1456198422 1456198422
ibr-16_ibr-12_1.txt 1024 1456201307 1456201307
ibr-16_ibr-1_2.txt 1024 1456198872 1456198872
ibr-16_ibr-1_3.txt 1024 1456200022 1456200022
ibr-16_ibr-1_4.txt 1024 1456200072 1456200072
ibr-16_ibr-15_1.txt 1024 1456199597 1456199597
ibr-16_ibr-15_2.txt 1024 1456200697 1456200697
ibr-16_ibr-1_5.txt 1024 1456200232 1456200232
ibr-16_ibr-1_6.txt 1024 1456200952 1456200952
ibr-16_ibr-1_7.txt 1024 1456200982 1456200982
ibr-16_ibr-20_1.txt 1024 1456199467 1456199467
ibr-16_ibr-21_1.txt 1024 1456198702 1456198702
ibr-16_ibr-21_2.txt 1024 1456198932 1456198932
ibr-16_ibr-21_3.txt 1024 1456199962 1456199962
ibr-16_ibr-23_1.txt 1024 1456199307 1456199307
ibr-16_ibr-26_1.txt 1024 1456199592 1456199592
ibr-16_ibr-26_2.txt 1024 1456201252 1456201252
ibr-16_ibr-31_1.txt 1024 1456201012 1456201012
ibr-16_ibr-37_1.txt 1024 1456199887 1456199887
ibr-16_ibr-40_1.txt 1024 1456198407 1456198407
ibr-16_ibr-41_10.txt 1024 1456200897 1456200897
ibr-16_ibr-41_11.txt 1024 1456201142 1456201142
ibr-16_ibr-41_1.txt 1024 1456198442 1456198442
ibr-16_ibr-41_2.txt 1024 1456198492 1456198492
ibr-16_ibr-41_3.txt 1024 1456198832 1456198832
ibr-16_ibr-41_4.txt 1024 1456199062 1456199062
ibr-16_ibr-41_5.txt 1024 1456199302 1456199302
ibr-16_ibr-41_6.txt 1024 1456200012 1456200012
ibr-16_ibr-41_7.txt 1024 1456200282 1456200282
ibr-16_ibr-41_8.txt 1024 1456200562 1456200562
ibr-16_ibr-41_9.txt 1024 1456200782 1456200782
ibr-16_ibr-44_1.txt 1024 1456199377 1456199377
ibr-16_ibr-46_1.txt 1024 1456198482 1456198482
ibr-16_ibr-46_2.txt 1024 1456198842 1456198842
ibr-16_ibr-46_3.txt 1024 1456199502 1456199502
ibr-16_ibr-46_4.txt 1024 1456199902 1456199902
ibr-16_ibr-46_5.txt 1024 1456200422 1456200422
ibr-16_ibr-46_6.txt 1024 1456200482 1456200482
ibr-16_ibr-46_7.txt 1024 1456201222 1456201222
ibr-16_ibr-51_1.txt 1024 1456198592 1456198592
ibr-16_ibr-51_2.txt 1024 1456199512 1456199512
ibr-16_ibr-51_3.txt 1024 1456200042 1456200042
ibr-16_ibr-51_4.txt 1024 1456200292 1456200292
ibr-16_ibr-51_5.txt 1024 1456200517 1456200517
ibr-16_ibr-51_6.txt 1024 1456201072 1456201072
ibr-16_ibr-51_7.txt 1024 1456201262 1456201262
ibr-16_ibr-54_1.txt 1024 1456200057 1456200057
ibr-16_ibr-56_1.txt 1024 1456198732 1456198732
ibr-16_ibr-56_2.txt 1024 1456198792 1456198792
ibr-16_ibr-56_3.txt 1024 1456198907 1456198907
ibr-16_ibr-56_4.txt 1024 1456199362 1456199362
ibr-16_ibr-56_5.txt 1024 1456200152 1456200152
ibr-16_ibr-6_10.txt 1024 1456200662 1456200662
ibr-16_ibr-6_11.txt 1024 1456201212 1456201212
ibr-16_ibr-6_12.txt 1024 1456201292 1456201292
ibr-16_ibr-6_1.txt 1024 1456198412 1456198412
ibr-16_ibr-6_2.txt 1024 1456198847 1456198847
ibr-16_ibr-6_3.txt 1024 1456198972 1456198972
ibr-16_ibr-6_4.txt 1024 1456198982 1456198982
ibr-16_ibr-6_5.txt 1024 1456199012 1456199012
ibr-16_ibr-6_6.txt 1024 1456199572 1456199572
ibr-16_ibr-6_7.txt 1024 1456199852 1456199852
ibr-16_ibr-6_8.txt 1024 1456200002 1456200002
ibr-16_ibr-6_9.txt 1024 1456200502 1456200502
ibr-16_ibr-7_1.txt 1024 1456200777 1456200777
ibr-16_ibr-7_2.txt 1024 1456200827 1456200827
ibr-16_ibr-8_1.txt 1024 1456200367 1456200367
ibr-17_ibr-10_1.txt 1024 1456199417 1456199417
ibr-17_ibr-11_1.txt 1024 1456200307 1456200307
ibr-17_ibr-12_1.txt 1024 1456199917 1456199917
ibr-17_ibr-19_1.txt 1024 1456201337 1456201337
ibr-17_ibr-2_1.txt 1024 1456200547 1456200547
ibr-17_ibr-26_1.txt 1024 1456200677 1456200677
ibr-17_ibr-28_1.txt 1024 1456199707 1456199707
ibr-17_ibr-30_1.txt 1024 1456199927 1456199927
ibr-17_ibr-3_1.txt 1024 1456199007 1456199007
ibr-17_ibr-50_1.txt 1024 1456198767 1456198767
ibr-17_ibr-50_2.txt 1024 1456199207 1456199207
ibr-17_ibr-7_1.txt 1024 1456200917 1456200917
ibr-18_ibr-15_1.txt 1024 1456200007 1456200007
ibr-18_ibr-19_1.txt 1024 1456199487 1456199487
ibr-18_ibr-21_1.txt 1024 1456199187 1456199187
ibr-18_ibr-2_1.txt 1024 1456200077 1456200077
ibr-18_ibr-24_1.txt 1024 1456201027 1456201027
ibr-18_ibr-36_1.txt 1024 1456198837 1456198837
ibr-18_ibr-39_1.txt 1024 1456200647 1456200647
ibr-18_ibr-4_1.txt 1024 1456201257 1456201257
ibr-18_ibr-51_1.txt 1024 1456200067 1456200067
ibr-18_ibr-53_1.txt 1024 1456199737 1456199737
ibr-18_ibr-54_1.txt 1024 1456200597 1456200597
ibr-18_ibr-7_1.txt 1024 1456200337 1456200337
ibr-19_ibr-12_1.txt 1024 1456200297 1456200297
ibr-19_ibr-18_1.txt 1024 1456199177 1456199177
ibr-19_ibr-22_1.txt 1024 1456198987 1456198987
ibr-19_ibr-30_1.txt 1024 1456200407 1456200407
ibr-19_ibr-35_1.txt 1024 1456201207 1456201207
ibr-19_ibr-40_1.txt 1024 1456200317 1456200317
ibr-19_ibr-44_1.txt 1024 1456200787 1456200787
ibr-19_ibr-44_2.txt 1024 1456200837 1456200837
ibr-19_ibr-46_1.txt 1024 1456199157 1456199157
ibr-19_ibr-47_1.txt 1024 1456200357 1456200357
ibr-19_ibr-55_1.txt 1024 1456199807 1456199807
ibr-19_ibr-9_1.txt 1024 1456199967 1456199967
ibr-1_ibr-11_1.txt 1024 1456198452 1456198452
ibr-1_ibr-11_2.txt 1024 1456198572 1456198572
ibr-1_ibr-11_3.txt 1024 1456199172 1456199172
ibr-1_ibr-11_4.txt 1024 1456199722 1456199722
ibr-1_ibr-11_5.txt 1024 1456200412 1456200412
ibr-1_ibr-11_6.txt 1024 1456200612 1456200612
ibr-1_ibr-11_7.txt 1024 1456201192 1456201192
ibr-1_ibr-16_1.txt 1024 1456198662 1456198662
ibr-1_ibr-16_2.txt 1024 1456199162 1456199162
ibr-1_ibr-16_3.txt 1024 1456199222 1456199222
ibr-1_ibr-16_4.txt 1024 1456199672 1456199672
ibr-1_ibr-16_5.txt 1024 1456200722 1456200722
ibr-1_ibr-21_1.txt 1024 1456198742 1456198742
ibr-1_ibr-21_2.txt 1024 1456199492 1456199492
ibr-1_ibr-21_3.txt 1024 1456199892 1456199892
ibr-1_ibr-26_1.txt 1024 1456199872 1456199872
ibr-1_ibr-26_2.txt 1024 1456200012 1456200012
ibr-1_ibr-26_3.txt 1024 1456200332 1456200332
ibr-1_ibr-26_4.txt 1024 1456200682 1456200682
ibr-1_ibr-31_1.txt 1024 1456199992 1456199992
ibr-1_ibr-31_2.txt 1024 1456200072 1456200072
ibr-1_ibr-36_1.txt 1024 1456198402 1456198402
ibr-1_ibr-36_2.txt 1024 1456199232 1456199232
ibr-1_ibr-36_3.txt 1024 1456199262 1456199262
ibr-1_ibr-36_4.txt 1024 1456200522 1456200522
ibr-1_ibr-41_1.txt 1024 1456199642 1456199642
ibr-1_ibr-41_2.txt 1024 1456200202 1456200202
ibr-1_ibr-41_3.txt 1024 1456200742 1456200742
ibr-1_ibr-46_1.txt 1024 1456199152 1456199152
ibr-1_ibr-46_2.txt 1024 1456199942 1456199942
ibr-1_ibr-46_3.txt 1024 1456200002 1456200002
ibr-1_ibr-46_4.txt 1024 1456201302 1456201302
ibr-1_ibr-51_1.txt 1024 1456200142 1456200142
ibr-1_ibr-51_2.txt 1024 1456200152 1456200152
ibr-1_ibr-56_1.txt 1024 1456199082 1456199082
ibr-1_ibr-56_2.txt 1024 1456199582 1456199582
ibr-1_ibr-56_3.txt 1024 1456199652 1456199652
ibr-1_ibr-56_4.txt 1024 1456199662 1456199662
ibr-1_ibr-56_5.txt 1024 1456199832 1456199832
ibr-1_ibr-56_6.txt 1024 1456200392 1456200392
ibr-1_ibr-56_7.txt 1024 1456200652 1456200652
ibr-1_ibr-6_1.txt 1024 1456198862 1456198862
ibr-1_ibr-6_2.txt 1024 1456199242 1456199242
ibr-1_ibr-6_3.txt 1024 1456199362 1456199362
ibr-1_ibr-6_4.txt 1024 1456199522 1456199522
ibr-1_ibr-6_5.txt 1024 1456199842 1456199842
ibr-1_ibr-6_6.txt 1024 1456201022 1456201022
ibr-1_ibr-6_7.txt 1024 1456201372 1456201372
ibr-20_ibr-10_1.txt 1024 1456200907 1456200907
ibr-20_ibr-15_1.txt 1024 1456199087 1456199087
ibr-20_ibr-17_1.txt 1024 1456199107 1456199107
ibr-20_ibr-17_2.txt 1024 1456201077 1456201077
ibr-20_ibr-23_1.txt 1024 1456200077 1456200077
ibr-20_ibr-28_1.txt 1024 1456200577 1456200577
ibr-20_ibr-31_1.txt 1024 1456199847 1456199847
ibr-20_ibr-3_1.txt 1024 1456200967 1456200967
ibr-20_ibr-34_1.txt 1024 1456198817 1456198817
ibr-20_ibr-4_1.txt 1024 1456198597 1456198597
ibr-20_ibr-47_1.txt 1024 1456199207 1456199207
ibr-20_ibr-47_2.txt 1024 1456199427 1456199427
ibr-20_ibr-50_1.txt 1024 1456198747 1456198747
ibr-20_ibr-52_1.txt 1024 1456199137 1456199137
ibr-20_ibr-55_1.txt 1024 1456198837 1456198837
ibr-20_ibr-56_1.txt 1024 1456199637 1456199637
ibr-21_ibr-11_1.txt 1024 1456198902 1456198902
ibr-21_ibr-11_2.txt 1024 1456199382 1456199382
ibr-21_ibr-11_3.txt 1024 1456200472 1456200472
ibr-21_ibr-11_4.txt 1024 1456200692 1456200692
ibr-21_ibr-1_1.txt 1024 1456198682 1456198682
ibr-21_ibr-1_2.txt 1024 1456199952 1456199952
ibr-21_ibr-1_3.txt 1024 1456200302 1456200302
ibr-21_ibr-14_1.txt 1024 1456200237 1456200237
ibr-21_ibr-1_4.txt 1024 1456200532 1456200532
ibr-21_ibr-1_5.txt 1024 1456200642 1456200642
ibr-21_ibr-16_1.txt 1024 1456199112 1456199112
ibr-21_ibr-16_2.txt 1024 1456199252 1456199252
ibr-21_ibr-16_3.txt 1024 1456199612 1456199612
ibr-21_ibr-16_4.txt 1024 1456199712 1456199712
ibr-21_ibr-16_5.txt 1024 1456199882 1456199882
ibr-21_ibr-16_6.txt 1024 1456199962 1456199962
ibr-21_ibr-16_7.txt 1024 1456200192 1456200192
ibr-21_ibr-16_8.txt 1024 1456200807 1456200807
ibr-21_ibr-16_9.txt 1024 1456200912 1456200912
ibr-21_ibr-1_6.txt 1024 1456200812 1456200812
ibr-21_ibr-18_1.txt 1024 1456200217 1456200217
ibr-21_ibr-26_1.txt 1024 1456198932 1456198932
ibr-21_ibr-26_2.txt 1024 1456200442 1456200442
ibr-21_ibr-26_3.txt 1024 1456200512 1456200512
ibr-21_ibr-26_4.txt 1024 1456200672 1456200672
ibr-21_ibr-31_1.txt 1024 1456198542 1456198542
ibr-21_ibr-31_2.txt 1024 1456198797 1456198797
ibr-21_ibr-31_3.txt 1024 1456199052 1456199052
ibr-21_ibr-31_4.txt 1024 1456199142 1456199142
ibr-21_ibr-31_5.txt 1024 1456200542 1456200542
ibr-21_ibr-31_6.txt 1024 1456200762 1456200762
ibr-21_ibr-31_7.txt 1024 1456201152 1456201152
ibr-21_ibr-34_1.txt 1024 1456200117 1456200117
ibr-21_ibr-36_1.txt 1024 1456198962 1456198962
ibr-21_ibr-36_2.txt 1024 1456199082 1456199082
ibr-21_ibr-36_3.txt 1024 1456199652 1456199652
ibr-21_ibr-36_4.txt 1024 1456199862 1456199862
ibr-21_ibr-36_5.txt 1024 1456199892 1456199892
ibr-21_ibr-36_6.txt 1024 1456200182 1456200182
ibr-21_ibr-36_7.txt 1024 1456200587 1456200587
ibr-21_ibr-39_1.txt 1024 1456200197 1456200197
ibr-21_ibr-41_1.txt 1024 1456198852 1456198852
ibr-21_ibr-41_2.txt 1024 1456199062 1456199062
ibr-21_ibr-41_3.txt 1024 1456199372 1456199372
ibr-21_ibr-41_4.txt 1024 1456201082 1456201082
ibr-21_ibr-41_5.txt 1024 1456201122 1456201122
ibr-21_ibr-46_1.txt 1024 1456198602 1456198602
ibr-21_ibr-46_2.txt 1024 1456198882 1456198882
ibr-21_ibr-46_3.txt 1024 1456198992 1456198992
ibr-21_ibr-46_4.txt 1024 1456200702 1456200702
ibr-21_ibr-46_5.txt 1024 1456200862 1456200862
ibr-21_ibr-46_6.txt 1024 1456200872 1456200872
ibr-21_ibr-46_7.txt 1024 1456201117 1456201117
ibr-21_ibr-47_1.txt 1024 1456198467 1456198467
ibr-21_ibr-51_1.txt 1024 1456198942 1456198942
ibr-21_ibr-51_2.txt 1024 1456199572 1456199572
ibr-21_ibr-51_3.txt 1024 1456199592 1456199592
ibr-21_ibr-5_1.txt 1024 1456199767 1456199767
ibr-21_ibr-55_1.txt 1024 1456199127 1456199127
ibr-21_ibr-56_1.txt 1024 1456198412 1456198412
ibr-21_ibr-56_2.txt 1024 1456198632 1456198632
ibr-21_ibr-56_3.txt 1024 1456199702 1456199702
ibr-21_ibr-56_4.txt 1024 1456200242 1456200242
ibr-21_ibr-56_5.txt 1024 1456200662 1456200662
ibr-21_ibr-56_6.txt 1024 1456201242 1456201242
ibr-21_ibr-6_1.txt 1024 1456198462 1456198462
ibr-21_ibr-6_2.txt 1024 1456198482 1456198482
ibr-21_ibr-6_3.txt 1024 1456199452 1456199452
ibr-21_ibr-6_4.txt 1024 1456199812 1456199812
ibr-21_ibr-6_5.txt 1024 1456201042 1456201042
ibr-21_ibr-8_1.txt 1024 1456198427 1456198427
ibr-22_ibr-15_1.txt 1024 1456200437 1456200437
ibr-22_ibr-19_1.txt 1024 1456201137 1456201137
ibr-22_ibr-2_1.txt 1024 1456199887 1456199887
ibr-22_ibr-24_1.txt 1024 1456200377 1456200377
ibr-22_ibr-25_1.txt 1024 1456201247 1456201247
ibr-22_ibr-35_1.txt 1024 1456200567 1456200567
ibr-22_ibr-40_1.txt 1024 1456198747 1456198747
ibr-22_ibr-40_2.txt 1024 1456200787 1456200787
ibr-22_ibr-4_1.txt 1024 1456201097 1456201097
ibr-22_ibr-47_1.txt 1024 1456201027 1456201027
ibr-22_ibr-49_1.txt 1024 1456200727 1456200727
ibr-22_ibr-52_1.txt 1024 1456201237 1456201237
ibr-22_ibr-9_1.txt 1024 1456198437 1456198437
ibr-23_ibr-16_1.txt 1024 1456198447 1456198447
ibr-23_ibr-19_1.txt 1024 1456199517 1456199517
ibr-23_ibr-21_1.txt 1024 1456200517 1456200517
ibr-23_ibr-25_1.txt 1024 1456199637 1456199637
ibr-23_ibr-30_1.txt 1024 1456200747 1456200747
ibr-23_ibr-31_1.txt 1024 1456199507 1456199507
ibr-23_ibr-31_2.txt 1024 1456201387 1456201387
ibr-23_ibr-34_1.txt 1024 1456198557 1456198557
ibr-23_ibr-44_1.txt 1024 1456199897 1456199897
ibr-23_ibr-47_1.txt 1024 1456199497 1456199497
ibr-23_ibr-49_1.txt 1024 1456200937 1456200937
ibr-23_ibr-51_1.txt 1024 1456200147 1456200147
ibr-23_ibr-52_1.txt 1024 1456198797 1456198797
ibr-24_ibr-16_1.txt 1024 1456200107 1456200107
ibr-24_ibr-22_1.txt 1024 1456199177 1456199177
ibr-24_ibr-26_1.txt 1024 1456198567 1456198567
ibr-24_ibr-32_1.txt 1024 1456200167 1456200167
ibr-24_ibr-36_1.txt 1024 1456198677 1456198677
ibr-24_ibr-38_1.txt 1024 1456200097 1456200097
ibr-24_ibr-41_1.txt 1024 1456199427 1456199427
ibr-24_ibr-41_2.txt 1024 1456199647 1456199647
ibr-24_ibr-4_1.txt 1024 1456198827 1456198827
ibr-24_ibr-9_1.txt 1024 1456199367 1456199367
ibr-25_ibr-13_1.txt 1024 1456201277 1456201277
ibr-25_ibr-23_1.txt 1024 1456200527 1456200527
ibr-25_ibr-24_1.txt 1024 1456199947 1456199947
ibr-25_ibr-29_1.txt 1024 1456198567 1456198567
ibr-25_ibr-29_2.txt 1024 1456198767 1456198767
ibr-25_ibr-40_1.txt 1024 1456200437 1456200437
ibr-25_ibr-42_1.txt 1024 1456200117 1456200117
ibr-25_ibr-53_1.txt 1024 1456198717 1456198717
ibr-25_ibr-53_2.txt 1024 1456199747 1456199747
ibr-25_ibr-53_3.txt 1024 1456200147 1456200147
ibr-25_ibr-54_1.txt 1024 1456199757 1456199757
ibr-25_ibr-55_1.txt 1024 1456199367 1456199367
ibr-25_ibr-55_2.txt 1024 1456200037 1456200037
ibr-25_ibr-56_1.txt 1024 1456198617 1456198617
ibr-25_ibr-56_2.txt 1024 1456198637 1456198637
ibr-25_ibr-6_1.txt 1024 1456199667 1456199667
ibr-25_ibr-7_1.txt 1024 1456199817 1456199817
ibr-26_ibr-11_1.txt 1024 1456198572 1456198572
ibr-26_ibr-11_2.txt 1024 1456199462 1456199462
ibr-26_ibr-11_3.txt 1024 1456200362 1456200362
ibr-26_ibr-11_4.txt 1024 1456200422 1456200422
ibr-26_ibr-11_5.txt 1024 1456200492 1456200492
ibr-26_ibr-1_1.txt 1024 1456201212 1456201212
ibr-26_ibr-16_1.txt 1024 1456199092 1456199092
ibr-26_ibr-16_2.txt 1024 1456199432 1456199432
ibr-26_ibr-16_3.txt 1024 1456199442 1456199442
ibr-26_ibr-16_4.txt 1024 1456199582 1456199582
ibr-26_ibr-16_5.txt 1024 1456200222 1456200222
ibr-26_ibr-16_6.txt 1024 1456200722 1456200722
ibr-26_ibr-16_7.txt 1024 1456200902 1456200902
ibr-26_ibr-16_8.txt 1024 1456201112 1456201112
ibr-26_ibr-17_1.txt 1024 1456199447 1456199447
ibr-26_ibr-19_1.txt 1024 1456199717 1456199717
ibr-26_ibr-20_1.txt 1024 1456199587 1456199587
ibr-26_ibr-21_1.txt 1024 1456198742 1456198742
ibr-26_ibr-21_2.txt 1024 1456199072 1456199072
ibr-26_ibr-21_3.txt 1024 1456199292 1456199292
ibr-26_ibr-21_4.txt 1024 1456199452 1456199452
ibr-26_ibr-21_5.txt 1024 1456199932 1456199932
ibr-26_ibr-21_6.txt 1024 1456200762 1456200762
ibr-26_ibr-21_7.txt 1024 1456201222 1456201222
ibr-26_ibr-23_1.txt 1024 1456201377 1456201377
ibr-26_ibr-31_1.txt 1024 1456198722 1456198722
ibr-26_ibr-31_2.txt 1024 1456199142 1456199142
ibr-26_ibr-31_3.txt 1024 1456199287 1456199287
ibr-26_ibr-31_4.txt 1024 1456199312 1456199312
ibr-26_ibr-31_5.txt 1024 1456199752 1456199752
ibr-26_ibr-31_6.txt 1024 1456201182 1456201182
ibr-26_ibr-35_1.txt 1024 1456198497 1456198497
ibr-26_ibr-36_1.txt 1024 1456198982 1456198982
ibr-26_ibr-36_2.txt 1024 1456200472 1456200472
ibr-26_ibr-36_3.txt 1024 1456200882 1456200882
ibr-26_ibr-36_4.txt 1024 1456201022 1456201022
ibr-26_ibr-37_1.txt 1024 1456198937 1456198937
ibr-26_ibr-41_1.txt 1024 1456198522 1456198522
ibr-26_ibr-41_2.txt 1024 1456198532 1456198532
ibr-26_ibr-41_3.txt 1024 1456198772 1456198772
ibr-26_ibr-41_4.txt 1024 1456198962 1456198962
ibr-26_ibr-41_5.txt 1024 1456199772 1456199772
ibr-26_ibr-41_6.txt 1024 1456200572 1456200572
ibr-26_ibr-41_7.txt 1024 1456200607 1456200607
ibr-26_ibr-41_8.txt 1024 1456200642 1456200642
ibr-26_ibr-42_1.txt 1024 1456199547 1456199547
ibr-26_ibr-46_1.txt 1024 1456198642 1456198642
ibr-26_ibr-46_2.txt 1024 1456198992 1456198992
ibr-26_ibr-46_3.txt 1024 1456199732 1456199732
ibr-26_ibr-46_4.txt 1024 1456200582 1456200582
ibr-26_ibr-47_1.txt 1024 1456200107 1456200107
ibr-26_ibr-48_1.txt 1024 1456198967 1456198967
ibr-26_ibr-51_1.txt 1024 1456199192 1456199192
ibr-26_ibr-51_2.txt 1024 1456199862 1456199862
ibr-26_ibr-51_3.txt 1024 1456200272 1456200272
ibr-26_ibr-51_4.txt 1024 1456200852 1456200852
ibr-26_ibr-51_5.txt 1024 1456200942 1456200942
ibr-26_ibr-51_6.txt 1024 1456201082 1456201082
ibr-26_ibr-52_1.txt 1024 1456199007 1456199007
ibr-26_ibr-52_2.txt 1024 1456199877 1456199877
ibr-26_ibr-53_1.txt 1024 1456200687 1456200687
ibr-26_ibr-56_1.txt 1024 1456198762 1456198762
ibr-26_ibr-56_2.txt 1024 1456200312 1456200312
ibr-26_ibr-56_3.txt 1024 1456200752 1456200752
ibr-26_ibr-6_1.txt 1024 1456199762 1456199762
ibr-26_ibr-6_2.txt 1024 1456200172 1456200172
ibr-26_ibr-6_3.txt 1024 1456200742 1456200742
ibr-26_ibr-6_4.txt 1024 1456201172 1456201172
ibr-26_ibr-6_5.txt 1024 1456201342 1456201342
ibr-26_ibr-6_6.txt 1024 1456201392 1456201392
ibr-26_ibr-8_1.txt 1024 1456198477 1456198477
ibr-27_ibr-16_1.txt 1024 1456199557 1456199557
ibr-27_ibr-33_1.txt 1024 1456199097 1456199097
ibr-27_ibr-33_2.txt 1024 1456200307 1456200307
ibr-27_ibr-37_1.txt 1024 1456200727 1456200727
ibr-27_ibr-47_1.txt 1024 1456199577 1456199577
ibr-27_ibr-51_1.txt 1024 1456201107 1456201107
ibr-28_ibr-10_1.txt 1024 1456201367 1456201367
ibr-28_ibr-17_1.txt 1024 1456199477 1456199477
ibr-28_ibr-18_1.txt 1024 1456200877 1456200877
ibr-28_ibr-27_1.txt 1024 1456201197 1456201197
ibr-28_ibr-3_1.txt 1024 1456199807 1456199807
ibr-28_ibr-34_1.txt 1024 1456201387 1456201387
ibr-28_ibr-4_1.txt 1024 1456200357 1456200357
ibr-28_ibr-42_1.txt 1024 1456198947 1456198947
ibr-28_ibr-42_2.txt 1024 1456200227 1456200227
ibr-28_ibr-48_1.txt 1024 1456201157 1456201157
ibr-28_ibr-51_1.txt 1024 1456199877 1456199877
ibr-28_ibr-56_1.txt 1024 1456200987 1456200987
ibr-28_ibr-9_1.txt 1024 1456201287 1456201287
ibr-29_ibr-20_1.txt 1024 1456201207 1456201207
ibr-29_ibr-2_1.txt 1024 1456199087 1456199087
ibr-29_ibr-39_1.txt 1024 1456200297 1456200297
ibr-29_ibr-47_1.txt 1024 1456200257 1456200257
ibr-29_ibr-5_1.txt 1024 1456198997 1456198997
ibr-29_ibr-52_1.txt 1024 1456199287 1456199287
ibr-29_ibr-52_2.txt 1024 1456199727 1456199727
ibr-2_ibr-14_1.txt 1024 1456199297 1456199297
ibr-2_ibr-29_1.txt 1024 1456198937 1456198937
ibr-2_ibr-30_1.txt 1024 1456199027 1456199027
ibr-2_ibr-42_1.txt 1024 1456199347 1456199347
ibr-2_ibr-48_1.txt 1024 1456199437 1456199437
ibr-2_ibr-48_2.txt 1024 1456199657 1456199657
ibr-2_ibr-50_1.txt 1024 1456198917 1456198917
ibr-2_ibr-53_1.txt 1024 1456199017 1456199017
ibr-2_ibr-54_1.txt 1024 1456199257 1456199257
ibr-2_ibr-7_1.txt 1024 1456200157 1456200157
ibr-2_ibr-7_2.txt 1024 1456200977 1456200977
ibr-30_ibr-17_1.txt 1024 1456199077 1456199077
ibr-30_ibr-18_1.txt 1024 1456198507 1456198507
ibr-30_ibr-24_1.txt 1024 1456201277 1456201277
ibr-30_ibr-36_1.txt 1024 1456199937 1456199937
ibr-30_ibr-40_1.txt 1024 1456199037 1456199037
ibr-30_ibr-41_1.txt 1024 1456200217 1456200217
ibr-30_ibr-44_1.txt 1024 1456199627 1456199627
ibr-30_ibr-45_1.txt 1024 1456200027 1456200027
ibr-30_ibr-50_1.txt 1024 1456199987 1456199987
ibr-30_ibr-50_2.txt 1024 1456201337 1456201337
ibr-31_ibr-11_1.txt 1024 1456199212 1456199212
ibr-31_ibr-11_2.txt 1024 1456200032 1456200032
ibr-31_ibr-11_3.txt 1024 1456200992 1456200992
ibr-31_ibr-11_4.txt 1024 1456201362 1456201362
ibr-31_ibr-1_1.txt 1024 1456198472 1456198472
ibr-31_ibr-1_2.txt 1024 1456199422 1456199422
ibr-31_ibr-1_3.txt 1024 1456199882 1456199882
ibr-31_ibr-1_4.txt 1024 1456200482 1456200482
ibr-31_ibr-1_5.txt 1024 1456200712 1456200712
ibr-31_ibr-16_1.txt 1024 1456199612 1456199612
ibr-31_ibr-16_2.txt 1024 1456199912 1456199912
ibr-31_ibr-16_3.txt 1024 1456201162 1456201162
ibr-31_ibr-20_1.txt 1024 1456198607 1456198607
ibr-31_ibr-20_2.txt 1024 1456199897 1456199897
ibr-31_ibr-21_1.txt 1024 1456199092 1456199092
ibr-31_ibr-21_2.txt 1024 1456200042 1456200042
ibr-31_ibr-21_3.txt 1024 1456200092 1456200092
ibr-31_ibr-21_4.txt 1024 1456201342 1456201342
ibr-31_ibr-26_1.txt 1024 1456198772 1456198772
ibr-31_ibr-26_2.txt 1024 1456198922 1456198922
ibr-31_ibr-26_3.txt 1024 1456199217 1456199217
ibr-31_ibr-26_4.txt 1024 1456199332 1456199332
ibr-31_ibr-26_5.txt 1024 1456199502 1456199502
ibr-31_ibr-26_6.txt 1024 1456200462 1456200462
ibr-31_ibr-26_7.txt 1024 1456200552 1456200552
ibr-31_ibr-26_8.txt 1024 1456201112 1456201112
ibr-31_ibr-26_9.txt 1024 1456201272 1456201272
ibr-31_ibr-33_1.txt 1024 1456198557 1456198557
ibr-31_ibr-34_1.txt 1024 1456198867 1456198867
ibr-31_ibr-35_1.txt 1024 1456200817 1456200817
ibr-31_ibr-36_1.txt 1024 1456198752 1456198752
ibr-31_ibr-36_2.txt 1024 1456198882 1456198882
ibr-31_ibr-36_3.txt 1024 1456199122 1456199122
ibr-31_ibr-36_4.txt 1024 1456200382 1456200382
ibr-31_ibr-36_5.txt 1024 1456200922 1456200922
ibr-31_ibr-36_6.txt 1024 1456201352 1456201352
ibr-31_ibr-38_1.txt 1024 1456200797 1456200797
ibr-31_ibr-41_10.txt 1024 1456201332 1456201332
ibr-31_ibr-41_1.txt 1024 1456198447 1456198447
ibr-31_ibr-41_2.txt 1024 1456198492 1456198492
ibr-31_ibr-41_3.txt 1024 1456199042 1456199042
ibr-31_ibr-41_4.txt 1024 1456199322 1456199322
ibr-31_ibr-41_5.txt 1024 1456199562 1456199562
ibr-31_ibr-41_6.txt 1024 1456200122 1456200122
ibr-31_ibr-41_7.txt 1024 1456200652 1456200652
ibr-31_ibr-41_8.txt 1024 1456200862 1456200862
ibr-31_ibr-41_9.txt 1024 1456201002 1456201002
ibr-31_ibr-46_1.txt 1024 1456198732 1456198732
ibr-31_ibr-46_2.txt 1024 1456198892 1456198892
ibr-31_ibr-46_3.txt 1024 1456199352 1456199352
ibr-31_ibr-46_4.txt 1024 1456199402 1456199402
ibr-31_ibr-46_5.txt 1024 1456199462 1456199462
ibr-31_ibr-46_6.txt 1024 1456199542 1456199542
ibr-31_ibr-46_7.txt 1024 1456199972 1456199972
ibr-31_ibr-46_8.txt 1024 1456200342 1456200342
ibr-31_ibr-46_9.txt 1024 1456200612 1456200612
ibr-31_ibr-51_1.txt 1024 1456200532 1456200532
ibr-31_ibr-54_1.txt 1024 1456199227 1456199227
ibr-31_ibr-56_1.txt 1024 1456198852 1456198852
ibr-31_ibr-56_2.txt 1024 1456199312 1456199312
ibr-31_ibr-56_3.txt 1024 1456199607 1456199607
ibr-31_ibr-56_4.txt 1024 1456200232 1456200232
ibr-31_ibr-6_1.txt 1024 1456198612 1456198612
ibr-31_ibr-6_2.txt 1024 1456198672 1456198672
ibr-31_ibr-6_3.txt 1024 1456199382 1456199382
ibr-31_ibr-6_4.txt 1024 1456199552 1456199552
ibr-31_ibr-6_5.txt 1024 1456200132 1456200132
ibr-31_ibr-6_6.txt 1024 1456201262 1456201262
ibr-32_ibr-12_1.txt 1024 1456200567 1456200567
ibr-32_ibr-16_1.txt 1024 1456199817 1456199817
ibr-32_ibr-19_1.txt 1024 1456199937 1456199937
ibr-32_ibr-21_1.txt 1024 1456198927 1456198927
ibr-32_ibr-40_1.txt 1024 1456198417 1456198417
ibr-32_ibr-50_1.txt 1024 1456200017 1456200017
ibr-32_ibr-54_1.txt 1024 1456199757 1456199757
ibr-33_ibr-13_1.txt 1024 1456201157 1456201157
ibr-33_ibr-14_1.txt 1024 1456200127 1456200127
ibr-33_ibr-19_1.txt 1024 1456199737 1456199737
ibr-33_ibr-20_1.txt 1024 1456198977 1456198977
ibr-33_ibr-22_1.txt 1024 1456198727 1456198727
ibr-33_ibr-31_1.txt 1024 1456199797 1456199797
ibr-33_ibr-34_1.txt 1024 1456201077 1456201077
ibr-33_ibr-39_1.txt 1024 1456200617 1456200617
ibr-33_ibr-4_1.txt 1024 1456200197 1456200197
ibr-33_ibr-43_1.txt 1024 1456198577 1456198577
ibr-33_ibr-46_1.txt 1024 1456200537 1456200537
ibr-33_ibr-47_1.txt 1024 1456201267 1456201267
ibr-33_ibr-48_1.txt 1024 1456200487 1456200487
ibr-33_ibr-49_1.txt 1024 1456200807 1456200807
ibr-33_ibr-53_1.txt 1024 1456198787 1456198787
ibr-33_ibr-56_1.txt 1024 1456198487 1456198487
ibr-34_ibr-18_1.txt 1024 1456201367 1456201367
ibr-34_ibr-20_1.txt 1024 1456198727 1456198727
ibr-34_ibr-20_2.txt 1024 1456200927 1456200927
ibr-34_ibr-22_1.txt 1024 1456199777 1456199777
ibr-34_ibr-23_1.txt 1024 1456199597 1456199597
ibr-34_ibr-25_1.txt 1024 1456200447 1456200447
ibr-34_ibr-26_1.txt 1024 1456198607 1456198607
ibr-34_ibr-38_1.txt 1024 1456200317 1456200317
ibr-34_ibr-39_1.txt 1024 1456199997 1456199997
ibr-34_ibr-4_1.txt 1024 1456200597 1456200597
ibr-34_ibr-48_1.txt 1024 1456199677 1456199677
ibr-34_ibr-50_1.txt 1024 1456200087 1456200087
ibr-34_ibr-9_1.txt 1024 1456200127 1456200127
ibr-35_ibr-10_1.txt 1024 1456198657 1456198657
ibr-35_ibr-17_1.txt 1024 1456201257 1456201257
ibr-35_ibr-23_1.txt 1024 1456198577 1456198577
ibr-35_ibr-29_1.txt 1024 1456199957 1456199957
ibr-35_ibr-33_1.txt 1024 1456198407 1456198407
ibr-35_ibr-8_1.txt 1024 1456200497 1456200497
ibr-36_ibr-10_1.txt 1024 1456198777 1456198777
ibr-36_ibr-11_1.txt 1024 1456199222 1456199222
ibr-36_ibr-11_2.txt 1024 1456199832 1456199832
ibr-36_ibr-11_3.txt 1024 1456200022 1456200022
ibr-36_ibr-11_4.txt 1024 1456200267 1456200267
ibr-36_ibr-11_5.txt 1024 1456200772 1456200772
ibr-36_ibr-1_1.txt 1024 1456199202 1456199202
ibr-36_ibr-1_2.txt 1024 1456200082 1456200082
ibr-36_ibr-1_3.txt 1024 1456200602 1456200602
ibr-36_ibr-1_4.txt 1024 1456201292 1456201292
ibr-36_ibr-16_1.txt 1024 1456199122 1456199122
ibr-36_ibr-16_2.txt 1024 1456199262 1456199262
ibr-36_ibr-16_3.txt 1024 1456199722 1456199722
ibr-36_ibr-16_4.txt 1024 1456200802 1456200802
ibr-36_ibr-16_5.txt 1024 1456200822 1456200822
ibr-36_ibr-16_6.txt 1024 1456200997 1456200997
ibr-36_ibr-16_7.txt 1024 1456201162 1456201162
ibr-36_ibr-21_1.txt 1024 1456199387 1456199387
ibr-36_ibr-21_2.txt 1024 1456201042 1456201042
ibr-36_ibr-21_3.txt 1024 1456201182 1456201182
ibr-36_ibr-25_1.txt 1024 1456201007 1456201007
ibr-36_ibr-26_1.txt 1024 1456198502 1456198502
ibr-36_ibr-26_2.txt 1024 1456198872 1456198872
ibr-36_ibr-26_3.txt 1024 1456198922 1456198922
ibr-36_ibr-26_4.txt 1024 1456200952 1456200952
ibr-36_ibr-31_1.txt 1024 1456199212 1456199212
ibr-36_ibr-31_2.txt 1024 1456199512 1456199512
ibr-36_ibr-31_3.txt 1024 1456199822 1456199822
ibr-36_ibr-31_4.txt 1024 1456200202 1456200202
ibr-36_ibr-31_5.txt 1024 1456200462 1456200462
ibr-36_ibr-31_6.txt 1024 1456201312 1456201312
ibr-36_ibr-41_1.txt 1024 1456198562 1456198562
ibr-36_ibr-41_2.txt 1024 1456199182 1456199182
ibr-36_ibr-41_3.txt 1024 1456199292 1456199292
ibr-36_ibr-41_4.txt 1024 1456200682 1456200682
ibr-36_ibr-42_1.txt 1024 1456198757 1456198757
ibr-36_ibr-46_1.txt 1024 1456198782 1456198782
ibr-36_ibr-46_2.txt 1024 1456200052 1456200052
ibr-36_ibr-46_3.txt 1024 1456200707 1456200707
ibr-36_ibr-46_4.txt 1024 1456200792 1456200792
ibr-36_ibr-46_5.txt 1024 1456200882 1456200882
ibr-36_ibr-46_6.txt 1024 1456200892 1456200892
ibr-36_ibr-50_1.txt 1024 1456201017 1456201017
ibr-36_ibr-51_1.txt 1024 1456199272 1456199272
ibr-36_ibr-51_2.txt 1024 1456199482 1456199482
ibr-36_ibr-51_3.txt 1024 1456199632 1456199632
ibr-36_ibr-51_4.txt 1024 1456200242 1456200242
ibr-36_ibr-51_5.txt 1024 1456200492 1456200492
ibr-36_ibr-51_6.txt 1024 1456200932 1456200932
ibr-36_ibr-51_7.txt 1024 1456200962 1456200962
ibr-36_ibr-51_8.txt 1024 1456201322 1456201322
ibr-36_ibr-53_1.txt 1024 1456198677 1456198677
ibr-36_ibr-56_1.txt 1024 1456198652 1456198652
ibr-36_ibr-56_2.txt 1024 1456198762 1456198762
ibr-36_ibr-56_3.txt 1024 1456198842 1456198842
ibr-36_ibr-56_4.txt 1024 1456198942 1456198942
ibr-36_ibr-56_5.txt 1024 1456199002 1456199002
ibr-36_ibr-56_6.txt 1024 1456199342 1456199342
ibr-36_ibr-56_7.txt 1024 1456199692 1456199692
ibr-36_ibr-56_8.txt 1024 1456199792 1456199792
ibr-36_ibr-56_9.txt 1024 1456201062 1456201062
ibr-36_ibr-6_1.txt 1024 1456198422 1456198422
ibr-36_ibr-6_2.txt 1024 1456200402 1456200402
ibr-36_ibr-6_3.txt 1024 1456201092 1456201092
ibr-37_ibr-11_1.txt 1024 1456199707 1456199707
ibr-37_ibr-19_1.txt 1024 1456199047 1456199047
ibr-37_ibr-23_1.txt 1024 1456199987 1456199987
ibr-37_ibr-41_1.txt 1024 1456200187 1456200187
ibr-37_ibr-4_1.txt 1024 1456199857 1456199857
ibr-37_ibr-42_1.txt 1024 1456199377 1456199377
ibr-37_ibr-7_1.txt 1024 1456199957 1456199957
ibr-38_ibr-12_1.txt 1024 1456200387 1456200387
ibr-38_ibr-20_1.txt 1024 1456199557 1456199557
ibr-38_ibr-32_1.txt 1024 1456199247 1456199247
ibr-38_ibr-39_1.txt 1024 1456198537 1456198537
ibr-38_ibr-42_1.txt 1024 1456199977 1456199977
ibr-38_ibr-45_1.txt 1024 1456199147 1456199147
ibr-38_ibr-45_2.txt 1024 1456200627 1456200627
ibr-38_ibr-46_1.txt 1024 1456199097 1456199097
ibr-38_ibr-47_1.txt 1024 1456200187 1456200187
ibr-38_ibr-48_1.txt 1024 1456199277 1456199277
ibr-38_ibr-51_1.txt 1024 1456200947 1456200947
ibr-38_ibr-55_1.txt 1024 1456200857 1456200857
ibr-39_ibr-13_1.txt 1024 1456200957 1456200957
ibr-39_ibr-15_1.txt 1024 1456199117 1456199117
ibr-39_ibr-23_1.txt 1024 1456199667 1456199667
ibr-39_ibr-29_1.txt 1024 1456201167 1456201167
ibr-39_ibr-41_1.txt 1024 1456199467 1456199467
ibr-39_ibr-50_1.txt 1024 1456200837 1456200837
ibr-39_ibr-52_1.txt 1024 1456199247 1456199247
ibr-39_ibr-54_1.txt 1024 1456199647 1456199647
ibr-39_ibr-6_1.txt 1024 1456200507 1456200507
ibr-39_ibr-6_2.txt 1024 1456200587 1456200587
ibr-3_ibr-10_1.txt 1024 1456200737 1456200737
ibr-3_ibr-12_1.txt 1024 1456198617 1456198617
ibr-3_ibr-18_1.txt 1024 1456201097 1456201097
ibr-3_ibr-39_1.txt 1024 1456200417 1456200417
ibr-3_ibr-4_1.txt 1024 1456199107 1456199107
ibr-3_ibr-45_1.txt 1024 1456201127 1456201127
ibr-3_ibr-49_1.txt 1024 1456200607 1456200607
ibr-3_ibr-5_1.txt 1024 1456199617 1456199617
ibr-40_ibr-14_1.txt 1024 1456198627 1456198627
ibr-40_ibr-26_1.txt 1024 1456198497 1456198497
ibr-40_ibr-27_1.txt 1024 1456199687 1456199687
ibr-40_ibr-31_1.txt 1024 1456200347 1456200347
ibr-40_ibr-3_1.txt 1024 1456199037 1456199037
ibr-40_ibr-32_1.txt 1024 1456200947 1456200947
ibr-40_ibr-34_1.txt 1024 1456200447 1456200447
ibr-40_ibr-35_1.txt 1024 1456198807 1456198807
ibr-40_ibr-37_1.txt 1024 1456200457 1456200457
ibr-40_ibr-38_1.txt 1024 1456200277 1456200277
ibr-40_ibr-39_1.txt 1024 1456200417 1456200417
ibr-40_ibr-4_1.txt 1024 1456199867 1456199867
ibr-40_ibr-42_1.txt 1024 1456200857 1456200857
ibr-40_ibr-48_1.txt 1024 1456198907 1456198907
ibr-41_ibr-10_1.txt 1024 1456198647 1456198647
ibr-41_ibr-10_2.txt 1024 1456201087 1456201087
ibr-41_ibr-11_1.txt 1024 1456198692 1456198692
ibr-41_ibr-11_2.txt 1024 1456199822 1456199822
ibr-41_ibr-11_3.txt 1024 1456201032 1456201032
ibr-41_ibr-11_4.txt 1024 1456201142 1456201142
ibr-41_ibr-1_1.txt 1024 1456199232 1456199232
ibr-41_ibr-1_2.txt 1024 1456199522 1456199522
ibr-41_ibr-1_3.txt 1024 1456200972 1456200972
ibr-41_ibr-1_4.txt 1024 1456201072 1456201072
ibr-41_ibr-16_1.txt 1024 1456200052 1456200052
ibr-41_ibr-16_2.txt 1024 1456200122 1456200122
ibr-41_ibr-16_3.txt 1024 1456200182 1456200182
ibr-41_ibr-16_4.txt 1024 1456201242 1456201242
ibr-41_ibr-16_5.txt 1024 1456201382 1456201382
ibr-41_ibr-19_1.txt 1024 1456199157 1456199157
ibr-41_ibr-21_1.txt 1024 1456198512 1456198512
ibr-41_ibr-21_2.txt 1024 1456198752 1456198752
ibr-41_ibr-21_3.txt 1024 1456198802 1456198802
ibr-41_ibr-21_4.txt 1024 1456199852 1456199852
ibr-41_ibr-21_5.txt 1024 1456200162 1456200162
ibr-41_ibr-21_6.txt 1024 1456200262 1456200262
ibr-41_ibr-21_7.txt 1024 1456200732 1456200732
ibr-41_ibr-21_8.txt 1024 1456200892 1456200892
ibr-41_ibr-25_1.txt 1024 1456201317 1456201317
ibr-41_ibr-30_1.txt 1024 1456200657 1456200657
ibr-41_ibr-31_1.txt 1024 1456199622 1456199622
ibr-41_ibr-31_2.txt 1024 1456199752 1456199752
ibr-41_ibr-31_3.txt 1024 1456199782 1456199782
ibr-41_ibr-36_1.txt 1024 1456199342 1456199342
ibr-41_ibr-36_2.txt 1024 1456199542 1456199542
ibr-41_ibr-36_3.txt 1024 1456201002 1456201002
ibr-41_ibr-37_1.txt 1024 1456199927 1456199927
ibr-41_ibr-43_1.txt 1024 1456199297 1456199297
ibr-41_ibr-46_1.txt 1024 1456198452 1456198452
ibr-41_ibr-46_2.txt 1024 1456198532 1456198532
ibr-41_ibr-46_3.txt 1024 1456199392 1456199392
ibr-41_ibr-46_4.txt 1024 1456199552 1456199552
ibr-41_ibr-46_5.txt 1024 1456200092 1456200092
ibr-41_ibr-46_6.txt 1024 1456200632 1456200632
ibr-41_ibr-51_1.txt 1024 1456199252 1456199252
ibr-41_ibr-51_2.txt 1024 1456200112 1456200112
ibr-41_ibr-51_3.txt 1024 1456200412 1456200412
ibr-41_ibr-51_4.txt 1024 1456200432 1456200432
ibr-41_ibr-51_5.txt 1024 1456201372 1456201372
ibr-41_ibr-56_1.txt 1024 1456198582 1456198582
ibr-41_ibr-56_2.txt 1024 1456198672 1456198672
ibr-41_ibr-56_3.txt 1024 1456199282 1456199282
ibr-41_ibr-56_4.txt 1024 1456200322 1456200322
ibr-41_ibr-56_5.txt 1024 1456200392 1456200392
ibr-41_ibr-56_6.txt 1024 1456200622 1456200622
ibr-41_ibr-56_7.txt 1024 1456201047 1456201047
ibr-41_ibr-56_8.txt 1024 1456201102 1456201102
ibr-41_ibr-6_1.txt 1024 1456199302 1456199302
ibr-41_ibr-6_2.txt 1024 1456199412 1456199412
ibr-41_ibr-6_3.txt 1024 1456200752 1456200752
ibr-41_ibr-6_4.txt 1024 1456201232 1456201232
ibr-42_ibr-14_1.txt 1024 1456198757 1456198757
ibr-42_ibr-24_1.txt 1024 1456199587 1456199587
ibr-42_ibr-25_1.txt 1024 1456199777 1456199777
ibr-42_ibr-26_1.txt 1024 1456201197 1456201197
ibr-42_ibr-29_1.txt 1024 1456200397 1456200397
ibr-42_ibr-33_1.txt 1024 1456200237 1456200237
ibr-42_ibr-35_1.txt 1024 1456199517 1456199517
ibr-42_ibr-37_1.txt 1024 1456200987 1456200987
ibr-42_ibr-44_1.txt 1024 1456198477 1456198477
ibr-42_ibr-44_2.txt 1024 1456199167 1456199167
ibr-42_ibr-50_1.txt 1024 1456200827 1456200827
ibr-42_ibr-5_1.txt 1024 1456199677 1456199677
ibr-43_ibr-12_1.txt 1024 1456201247 1456201247
ibr-43_ibr-19_1.txt 1024 1456198887 1456198887
ibr-43_ibr-28_1.txt 1024 1456199917 1456199917
ibr-43_ibr-4_1.txt 1024 1456200267 1456200267
ibr-43_ibr-42_1.txt 1024 1456200677 1456200677
ibr-43_ibr-48_1.txt 1024 1456200897 1456200897
ibr-43_ibr-55_1.txt 1024 1456199197 1456199197
ibr-43_ibr-7_1.txt 1024 1456201307 1456201307
ibr-44_ibr-12_1.txt 1024 1456198657 1456198657
ibr-44_ibr-15_1.txt 1024 1456201287 1456201287
ibr-44_ibr-19_1.txt 1024 1456199057 1456199057
ibr-44_ibr-21_1.txt 1024 1456201147 1456201147
ibr-44_ibr-23_1.txt 1024 1456198737 1456198737
ibr-44_ibr-27_1.txt 1024 1456199437 1456199437
ibr-44_ibr-35_1.txt 1024 1456199657 1456199657
ibr-44_ibr-36_1.txt 1024 1456199337 1456199337
ibr-44_ibr-39_1.txt 1024 1456199457 1456199457
ibr-44_ibr-4_1.txt 1024 1456200327 1456200327
ibr-44_ibr-4_2.txt 1024 1456200687 1456200687
ibr-44_ibr-51_1.txt 1024 1456201377 1456201377
ibr-44_ibr-53_1.txt 1024 1456201017 1456201017
ibr-45_ibr-17_1.txt 1024 1456201177 1456201177
ibr-45_ibr-22_1.txt 1024 1456200907 1456200907
ibr-45_ibr-31_1.txt 1024 1456198697 1456198697
ibr-45_ibr-32_1.txt 1024 1456199447 1456199447
ibr-45_ibr-32_2.txt 1024 1456200277 1456200277
ibr-45_ibr-35_1.txt 1024 1456199397 1456199397
ibr-45_ibr-44_1.txt 1024 1456199947 1456199947
ibr-45_ibr-47_1.txt 1024 1456200457 1456200457
ibr-45_ibr-8_1.txt 1024 1456199317 1456199317
ibr-46_ibr-11_1.txt 1024 1456199002 1456199002
ibr-46_ibr-11_2.txt 1024 1456199812 1456199812
ibr-46_ibr-11_3.txt 1024 1456200102 1456200102
ibr-46_ibr-11_4.txt 1024 1456200272 1456200272
ibr-46_ibr-11_5.txt 1024 1456200992 1456200992
ibr-46_ibr-1_1.txt 1024 1456199432 1456199432
ibr-46_ibr-1_2.txt 1024 1456199772 1456199772
ibr-46_ibr-1_3.txt 1024 1456200372 1456200372
ibr-46_ibr-1_4.txt 1024 1456201152 1456201152
ibr-46_ibr-16_1.txt 1024 1456198682 1456198682
ibr-46_ibr-16_2.txt 1024 1456199202 1456199202
ibr-46_ibr-21_1.txt 1024 1456199152 1456199152
ibr-46_ibr-21_2.txt 1024 1456199242 1456199242
ibr-46_ibr-21_3.txt 1024 1456199742 1456199742
ibr-46_ibr-21_4.txt 1024 1456200112 1456200112
ibr-46_ibr-21_5.txt 1024 1456200402 1456200402
ibr-46_ibr-21_6.txt 1024 1456200442 1456200442
ibr-46_ibr-21_7.txt 1024 1456200962 1456200962
ibr-46_ibr-26_1.txt 1024 1456198527 1456198527
ibr-46_ibr-26_2.txt 1024 1456198552 1456198552
ibr-46_ibr-26_3.txt 1024 1456199032 1456199032
ibr-46_ibr-26_4.txt 1024 1456199182 1456199182
ibr-46_ibr-26_5.txt 1024 1456199372 1456199372
ibr-46_ibr-26_6.txt 1024 1456200852 1456200852
ibr-46_ibr-26_7.txt 1024 1456201332 1456201332
ibr-46_ibr-30_1.txt 1024 1456198467 1456198467
ibr-46_ibr-31_1.txt 1024 1456199112 1456199112
ibr-46_ibr-31_2.txt 1024 1456199162 1456199162
ibr-46_ibr-31_3.txt 1024 1456200432 1456200432
ibr-46_ibr-31_4.txt 1024 1456201122 1456201122
ibr-46_ibr-31_5.txt 1024 1456201172 1456201172
ibr-46_ibr-36_10.txt 1024 1456201232 1456201232
ibr-46_ibr-36_1.txt 1024 1456198692 1456198692
ibr-46_ibr-36_2.txt 1024 1456198812 1456198812
ibr-46_ibr-36_3.txt 1024 1456199022 1456199022
ibr-46_ibr-36_4.txt 1024 1456199132 1456199132
ibr-46_ibr-36_5.txt 1024 1456199642 1456199642
ibr-46_ibr-36_6.txt 1024 1456199762 1456199762
ibr-46_ibr-36_7.txt 1024 1456200212 1456200212
ibr-46_ibr-36_8.txt 1024 1456200772 1456200772
ibr-46_ibr-36_9.txt 1024 1456201192 1456201192
ibr-46_ibr-39_1.txt 1024 1456198457 1456198457
ibr-46_ibr-41_1.txt 1024 1456199102 1456199102
ibr-46_ibr-41_2.txt 1024 1456199392 1456199392
ibr-46_ibr-41_3.txt 1024 1456199532 1456199532
ibr-46_ibr-41_4.txt 1024 1456199792 1456199792
ibr-46_ibr-41_5.txt 1024 1456199982 1456199982
ibr-46_ibr-43_1.txt 1024 1456201357 1456201357
ibr-46_ibr-48_1.txt 1024 1456198587 1456198587
ibr-46_ibr-51_1.txt 1024 1456198462 1456198462
ibr-46_ibr-51_2.txt 1024 1456198522 1456198522
ibr-46_ibr-51_3.txt 1024 1456199072 1456199072
ibr-46_ibr-51_4.txt 1024 1456200282 1456200282
ibr-46_ibr-51_5.txt 1024 1456200452 1456200452
ibr-46_ibr-55_1.txt 1024 1456199327 1456199327
ibr-46_ibr-56_1.txt 1024 1456199682 1456199682
ibr-46_ibr-56_2.txt 1024 1456200582 1456200582
ibr-46_ibr-6_1.txt 1024 1456198832 1456198832
ibr-46_ibr-6_2.txt 1024 1456199787 1456199787
ibr-46_ibr-6_3.txt 1024 1456200332 1456200332
ibr-46_ibr-6_4.txt 1024 1456200622 1456200622
ibr-46_ibr-6_5.txt 1024 1456200972 1456200972
ibr-46_ibr-6_6.txt 1024 1456201202 1456201202
ibr-47_ibr-13_1.txt 1024 1456200767 1456200767
ibr-47_ibr-16_1.txt 1024 1456199527 1456199527
ibr-47_ibr-17_1.txt 1024 1456199237 1456199237
ibr-47_ibr-20_1.txt 1024 1456198457 1456198457
ibr-47_ibr-27_1.txt 1024 1456199017 1456199017
ibr-47_ibr-27_2.txt 1024 1456200467 1456200467
ibr-47_ibr-4_1.txt 1024 1456200137 1456200137
ibr-47_ibr-46_1.txt 1024 1456199547 1456199547
ibr-47_ibr-46_2.txt 1024 1456201167 1456201167
ibr-48_ibr-13_1.txt 1024 1456199057 1456199057
ibr-48_ibr-19_1.txt 1024 1456200157 1456200157
ibr-48_ibr-2_1.txt 1024 1456199307 1456199307
ibr-48_ibr-27_1.txt 1024 1456200207 1456200207
ibr-48_ibr-3_1.txt 1024 1456201137 1456201137
ibr-48_ibr-32_1.txt 1024 1456200717 1456200717
ibr-48_ibr-34_1.txt 1024 1456201297 1456201297
ibr-48_ibr-37_1.txt 1024 1456198897 1456198897
ibr-48_ibr-38_1.txt 1024 1456199267 1456199267
ibr-48_ibr-45_1.txt 1024 1456201327 1456201327
ibr-48_ibr-47_1.txt 1024 1456199967 1456199967
ibr-48_ibr-8_1.txt 1024 1456201087 1456201087
ibr-49_ibr-16_1.txt 1024 1456201187 1456201187
ibr-49_ibr-22_1.txt 1024 1456198517 1456198517
ibr-49_ibr-29_1.txt 1024 1456199567 1456199567
ibr-49_ibr-34_1.txt 1024 1456201047 1456201047
ibr-49_ibr-35_1.txt 1024 1456200577 1456200577
ibr-49_ibr-37_1.txt 1024 1456198987 1456198987
ibr-49_ibr-40_1.txt 1024 1456200547 1456200547
ibr-49_ibr-5_1.txt 1024 1456199537 1456199537
ibr-49_ibr-52_1.txt 1024 1456198687 1456198687
ibr-49_ibr-53_1.txt 1024 1456200017 1456200017
ibr-49_ibr-54_1.txt 1024 1456200667 1456200667
ibr-4_ibr-15_1.txt 1024 1456200847 1456200847
ibr-4_ibr-26_1.txt 1024 1456200057 1456200057
ibr-4_ibr-38_1.txt 1024 1456201217 1456201217
ibr-4_ibr-40_1.txt 1024 1456199317 1456199317
ibr-4_ibr-42_1.txt 1024 1456199977 1456199977
ibr-4_ibr-56_1.txt 1024 1456200387 1456200387
ibr-4_ibr-9_1.txt 1024 1456199357 1456199357
ibr-50_ibr-11_1.txt 1024 1456199077 1456199077
ibr-50_ibr-16_1.txt 1024 1456201037 1456201037
ibr-50_ibr-20_1.txt 1024 1456200007 1456200007
ibr-50_ibr-24_1.txt 1024 1456200177 1456200177
ibr-50_ibr-25_1.txt 1024 1456199337 1456199337
ibr-50_ibr-30_1.txt 1024 1456201147 1456201147
ibr-50_ibr-31_1.txt 1024 1456199747 1456199747
ibr-50_ibr-31_2.txt 1024 1456200287 1456200287
ibr-50_ibr-3_1.txt 1024 1456199397 1456199397
ibr-50_ibr-32_1.txt 1024 1456200997 1456200997
ibr-50_ibr-34_1.txt 1024 1456201347 1456201347
ibr-50_ibr-37_1.txt 1024 1456200337 1456200337
ibr-50_ibr-4_1.txt 1024 1456199577 1456199577
ibr-50_ibr-42_1.txt 1024 1456198847 1456198847
ibr-50_ibr-43_1.txt 1024 1456200087 1456200087
ibr-50_ibr-47_1.txt 1024 1456198927 1456198927
ibr-50_ibr-49_1.txt 1024 1456201107 1456201107
ibr-50_ibr-5_1.txt 1024 1456200747 1456200747
ibr-50_ibr-8_1.txt 1024 1456199857 1456199857
ibr-51_ibr-11_1.txt 1024 1456198432 1456198432
ibr-51_ibr-11_2.txt 1024 1456199602 1456199602
ibr-51_ibr-11_3.txt 1024 1456199672 1456199672
ibr-51_ibr-11_4.txt 1024 1456200032 1456200032
ibr-51_ibr-11_5.txt 1024 1456200162 1456200162
ibr-51_ibr-11_6.txt 1024 1456200802 1456200802
ibr-51_ibr-11_7.txt 1024 1456200842 1456200842
ibr-51_ibr-1_1.txt 1024 1456200452 1456200452
ibr-51_ibr-1_2.txt 1024 1456200792 1456200792
ibr-51_ibr-1_3.txt 1024 1456200872 1456200872
ibr-51_ibr-1_4.txt 1024 1456201102 1456201102
ibr-51_ibr-1_5.txt 1024 1456201322 1456201322
ibr-51_ibr-16_1.txt 1024 1456198562 1456198562
ibr-51_ibr-16_2.txt 1024 1456199032 1456199032
ibr-51_ibr-16_3.txt 1024 1456199442 1456199442
ibr-51_ibr-16_4.txt 1024 1456199662 1456199662
ibr-51_ibr-16_5.txt 1024 1456199872 1456199872
ibr-51_ibr-16_6.txt 1024 1456200562 1456200562
ibr-51_ibr-16_7.txt 1024 1456201092 1456201092
ibr-51_ibr-16_8.txt 1024 1456201302 1456201302
ibr-51_ibr-17_1.txt 1024 1456200477 1456200477
ibr-51_ibr-21_1.txt 1024 1456198782 1456198782
ibr-51_ibr-21_2.txt 1024 1456198912 1456198912
ibr-51_ibr-21_3.txt 1024 1456199052 1456199052
ibr-51_ibr-21_4.txt 1024 1456199192 1456199192
ibr-51_ibr-21_5.txt 1024 1456199802 1456199802
ibr-51_ibr-21_6.txt 1024 1456200902 1456200902
ibr-51_ibr-26_1.txt 1024 1456199402 1456199402
ibr-51_ibr-26_2.txt 1024 1456199952 1456199952
ibr-51_ibr-31_1.txt 1024 1456198502 1456198502
ibr-51_ibr-31_2.txt 1024 1456198622 1456198622
ibr-51_ibr-31_3.txt 1024 1456198712 1456198712
ibr-51_ibr-31_4.txt 1024 1456198802 1456198802
ibr-51_ibr-31_5.txt 1024 1456199912 1456199912
ibr-51_ibr-31_6.txt 1024 1456199982 1456199982
ibr-51_ibr-31_7.txt 1024 1456200522 1456200522
ibr-51_ibr-31_8.txt 1024 1456200572 1456200572
ibr-51_ibr-31_9.txt 1024 1456200822 1456200822
ibr-51_ibr-33_1.txt 1024 1456201117 1456201117
ibr-51_ibr-36_1.txt 1024 1456200292 1456200292
ibr-51_ibr-36_2.txt 1024 1456200927 1456200927
ibr-51_ibr-36_3.txt 1024 1456201052 1456201052
ibr-51_ibr-41_1.txt 1024 1456198442 1456198442
ibr-51_ibr-41_2.txt 1024 1456199352 1456199352
ibr-51_ibr-41_3.txt 1024 1456200932 1456200932
ibr-51_ibr-46_1.txt 1024 1456198822 1456198822
ibr-51_ibr-46_2.txt 1024 1456201282 1456201282
ibr-51_ibr-56_1.txt 1024 1456199472 1456199472
ibr-51_ibr-56_2.txt 1024 1456199712 1456199712
ibr-51_ibr-56_3.txt 1024 1456199742 1456199742
ibr-51_ibr-56_4.txt 1024 1456200542 1456200542
ibr-51_ibr-56_5.txt 1024 1456201352 1456201352
ibr-51_ibr-6_1.txt 1024 1456198892 1456198892
ibr-51_ibr-6_2.txt 1024 1456199282 1456199282
ibr-51_ibr-6_3.txt 1024 1456199692 1456199692
ibr-51_ibr-6_4.txt 1024 1456199732 1456199732
ibr-51_ibr-6_5.txt 1024 1456200142 1456200142
ibr-51_ibr-6_6.txt 1024 1456200372 1456200372
ibr-51_ibr-6_7.txt 1024 1456200382 1456200382
ibr-51_ibr-7_1.txt 1024 1456200487 1456200487
ibr-52_ibr-14_1.txt 1024 1456198687 1456198687
ibr-52_ibr-19_1.txt 1024 1456199697 1456199697
ibr-52_ibr-24_1.txt 1024 1456201227 1456201227
ibr-52_ibr-36_1.txt 1024 1456200527 1456200527
ibr-52_ibr-51_1.txt 1024 1456198947 1456198947
ibr-52_ibr-54_1.txt 1024 1456198527 1456198527
ibr-53_ibr-15_1.txt 1024 1456199167 1456199167
ibr-53_ibr-2_1.txt 1024 1456200627 1456200627
ibr-53_ibr-24_1.txt 1024 1456201227 1456201227
ibr-53_ibr-26_1.txt 1024 1456198777 1456198777
ibr-53_ibr-35_1.txt 1024 1456199847 1456199847
ibr-53_ibr-36_1.txt 1024 1456201357 1456201357
ibr-53_ibr-43_1.txt 1024 1456198717 1456198717
ibr-53_ibr-45_1.txt 1024 1456198637 1456198637
ibr-53_ibr-47_1.txt 1024 1456201007 1456201007
ibr-53_ibr-51_1.txt 1024 1456200667 1456200667
ibr-53_ibr-6_1.txt 1024 1456201217 1456201217
ibr-54_ibr-10_1.txt 1024 1456198887 1456198887
ibr-54_ibr-12_1.txt 1024 1456200637 1456200637
ibr-54_ibr-25_1.txt 1024 1456199837 1456199837
ibr-54_ibr-25_2.txt 1024 1456200717 1456200717
ibr-54_ibr-30_1.txt 1024 1456201037 1456201037
ibr-54_ibr-3_1.txt 1024 1456199507 1456199507
ibr-54_ibr-32_1.txt 1024 1456199567 1456199567
ibr-54_ibr-40_1.txt 1024 1456200467 1456200467
ibr-54_ibr-47_1.txt 1024 1456200917 1456200917
ibr-54_ibr-52_1.txt 1024 1456199827 1456199827
ibr-54_ibr-53_1.txt 1024 1456199697 1456199697
ibr-55_ibr-28_1.txt 1024 1456198807 1456198807
ibr-55_ibr-29_1.txt 1024 1456200737 1456200737
ibr-55_ibr-30_1.txt 1024 1456200497 1456200497
ibr-55_ibr-36_1.txt 1024 1456199187 1456199187
ibr-55_ibr-37_1.txt 1024 1456198737 1456198737
ibr-55_ibr-41_1.txt 1024 1456199617 1456199617
ibr-55_ibr-52_1.txt 1024 1456200327 1456200327
ibr-55_ibr-54_1.txt 1024 1456199907 1456199907
ibr-56_ibr-13_1.txt 1024 1456200227 1456200227
ibr-56_ibr-16_1.txt 1024 1456199607 1456199607
ibr-56_ibr-16_2.txt 1024 1456200557 1456200557
ibr-56_ibr-17_1.txt 1024 1456198707 1456198707
ibr-56_ibr-25_1.txt 1024 1456200887 1456200887
ibr-56_ibr-33_1.txt 1024 1456198417 1456198417
ibr-56_ibr-41_1.txt 1024 1456200777 1456200777
ibr-56_ibr-43_1.txt 1024 1456200427 1456200427
ibr-56_ibr-46_1.txt 1024 1456198967 1456198967
ibr-56_ibr-48_1.txt 1024 1456198877 1456198877
ibr-56_ibr-51_1.txt 1024 1456200867 1456200867
ibr-56_ibr-54_1.txt 1024 1456199407 1456199407
ibr-5_ibr-13_1.txt 1024 1456200767 1456200767
ibr-5_ibr-14_1.txt 1024 1456200657 1456200657
ibr-5_ibr-19_1.txt 1024 1456198427 1456198427
ibr-5_ibr-23_1.txt 1024 1456200367 1456200367
ibr-5_ibr-23_2.txt 1024 1456200397 1456200397
ibr-5_ibr-32_1.txt 1024 1456200067 1456200067
ibr-5_ibr-36_1.txt 1024 1456198487 1456198487
ibr-5_ibr-36_2.txt 1024 1456199907 1456199907
ibr-5_ibr-42_1.txt 1024 1456199237 1456199237
ibr-5_ibr-43_1.txt 1024 1456198547 1456198547
ibr-5_ibr-49_1.txt 1024 1456198667 1456198667
ibr-5_ibr-49_2.txt 1024 1456199407 1456199407
ibr-6_ibr-11_1.txt 1024 1456200027 1456200027
ibr-6_ibr-11_2.txt 1024 1456200082 1456200082
ibr-6_ibr-11_3.txt 1024 1456200102 1456200102
ibr-6_ibr-11_4.txt 1024 1456200312 1456200312
ibr-6_ibr-1_1.txt 1024 1456199012 1456199012
ibr-6_ibr-1_2.txt 1024 1456200172 1456200172
ibr-6_ibr-1_3.txt 1024 1456200692 1456200692
ibr-6_ibr-15_1.txt 1024 1456198517 1456198517
ibr-6_ibr-16_1.txt 1024 1456198602 1456198602
ibr-6_ibr-16_2.txt 1024 1456198652 1456198652
ibr-6_ibr-16_3.txt 1024 1456198997 1456198997
ibr-6_ibr-16_4.txt 1024 1456199197 1456199197
ibr-6_ibr-16_5.txt 1024 1456199472 1456199472
ibr-6_ibr-16_6.txt 1024 1456199842 1456199842
ibr-6_ibr-16_7.txt 1024 1456199972 1456199972
ibr-6_ibr-16_8.txt 1024 1456200342 1456200342
ibr-6_ibr-21_10.txt 1024 1456201317 1456201317
ibr-6_ibr-21_1.txt 1024 1456198552 1456198552
ibr-6_ibr-21_2.txt 1024 1456198972 1456198972
ibr-6_ibr-21_3.txt 1024 1456199327 1456199327
ibr-6_ibr-21_4.txt 1024 1456199347 1456199347
ibr-6_ibr-21_5.txt 1024 1456199562 1456199562
ibr-6_ibr-21_6.txt 1024 1456199632 1456199632
ibr-6_ibr-21_7.txt 1024 1456200502 1456200502
ibr-6_ibr-21_8.txt 1024 1456200942 1456200942
ibr-6_ibr-21_9.txt 1024 1456201252 1456201252
ibr-6_ibr-26_1.txt 1024 1456199322 1456199322
ibr-6_ibr-26_2.txt 1024 1456199482 1456199482
ibr-6_ibr-26_3.txt 1024 1456200362 1456200362
ibr-6_ibr-26_4.txt 1024 1456200832 1456200832
ibr-6_ibr-26_5.txt 1024 1456200877 1456200877
ibr-6_ibr-26_6.txt 1024 1456200912 1456200912
ibr-6_ibr-26_7.txt 1024 1456201202 1456201202
ibr-6_ibr-28_1.txt 1024 1456199267 1456199267
ibr-6_ibr-31_1.txt 1024 1456199102 1456199102
ibr-6_ibr-31_2.txt 1024 1456199922 1456199922
ibr-6_ibr-31_3.txt 1024 1456200192 1456200192
ibr-6_ibr-31_4.txt 1024 1456200262 1456200262
ibr-6_ibr-31_5.txt 1024 1456200632 1456200632
ibr-6_ibr-31_6.txt 1024 1456200732 1456200732
ibr-6_ibr-32_1.txt 1024 1456199227 1456199227
ibr-6_ibr-33_1.txt 1024 1456198597 1456198597
ibr-6_ibr-36_1.txt 1024 1456198822 1456198822
ibr-6_ibr-36_2.txt 1024 1456200712 1456200712
ibr-6_ibr-36_3.txt 1024 1456200782 1456200782
ibr-6_ibr-36_4.txt 1024 1456200982 1456200982
ibr-6_ibr-41_1.txt 1024 1456198542 1456198542
ibr-6_ibr-41_2.txt 1024 1456198952 1456198952
ibr-6_ibr-41_3.txt 1024 1456200062 1456200062
ibr-6_ibr-41_4.txt 1024 1456200097 1456200097
ibr-6_ibr-41_5.txt 1024 1456200252 1456200252
ibr-6_ibr-41_6.txt 1024 1456200702 1456200702
ibr-6_ibr-4_1.txt 1024 1456199277 1456199277
ibr-6_ibr-46_1.txt 1024 1456198432 1456198432
ibr-6_ibr-46_2.txt 1024 1456200222 1456200222
ibr-6_ibr-46_3.txt 1024 1456200302 1456200302
ibr-6_ibr-50_1.txt 1024 1456199217 1456199217
ibr-6_ibr-51_1.txt 1024 1456198592 1456198592
ibr-6_ibr-51_2.txt 1024 1456198612 1456198612
ibr-6_ibr-51_3.txt 1024 1456200352 1456200352
ibr-6_ibr-51_4.txt 1024 1456200592 1456200592
ibr-6_ibr-51_5.txt 1024 1456201012 1456201012
ibr-6_ibr-51_6.txt 1024 1456201057 1456201057
ibr-6_ibr-56_1.txt 1024 1456199802 1456199802
ibr-6_ibr-56_2.txt 1024 1456201132 1456201132
ibr-6_ibr-56_3.txt 1024 1456201282 1456201282
ibr-6_ibr-7_1.txt 1024 1456200957 1456200957
ibr-7_ibr-11_1.txt 1024 1456199717 1456199717
ibr-7_ibr-11_2.txt 1024 1456201127 1456201127
ibr-7_ibr-13_1.txt 1024 1456199417 1456199417
ibr-7_ibr-24_1.txt 1024 1456198877 1456198877
ibr-7_ibr-24_2.txt 1024 1456199687 1456199687
ibr-7_ibr-24_3.txt 1024 1456200757 1456200757
ibr-7_ibr-27_1.txt 1024 1456198857 1456198857
ibr-7_ibr-36_1.txt 1024 1456198787 1456198787
ibr-7_ibr-37_1.txt 1024 1456200647 1456200647
ibr-7_ibr-38_1.txt 1024 1456199457 1456199457
ibr-7_ibr-48_1.txt 1024 1456198587 1456198587
ibr-7_ibr-56_1.txt 1024 1456200047 1456200047
ibr-7_ibr-6_1.txt 1024 1456199477 1456199477
ibr-7_ibr-8_1.txt 1024 1456200207 1456200207
ibr-8_ibr-10_1.txt 1024 1456198437 1456198437
ibr-8_ibr-13_1.txt 1024 1456201067 1456201067
ibr-8_ibr-20_1.txt 1024 1456198667 1456198667
ibr-8_ibr-30_1.txt 1024 1456199387 1456199387
ibr-8_ibr-30_2.txt 1024 1456200427 1456200427
ibr-8_ibr-31_1.txt 1024 1456200137 1456200137
ibr-8_ibr-36_1.txt 1024 1456200347 1456200347
ibr-8_ibr-47_1.txt 1024 1456198897 1456198897
ibr-8_ibr-48_1.txt 1024 1456201187 1456201187
ibr-8_ibr-53_1.txt 1024 1456198537 1456198537
ibr-8_ibr-7_1.txt 1024 1456200887 1456200887
ibr-8_ibr-7_2.txt 1024 1456200937 1456200937
ibr-9_ibr-10_1.txt 1024 1456200817 1456200817
ibr-9_ibr-15_1.txt 1024 1456199487 1456199487
ibr-9_ibr-16_1.txt 1024 1456198647 1456198647
ibr-9_ibr-18_1.txt 1024 1456200797 1456200797
ibr-9_ibr-22_1.txt 1024 1456201177 1456201177
ibr-9_ibr-25_1.txt 1024 1456200037 1456200037
ibr-9_ibr-33_1.txt 1024 1456200637 1456200637
ibr-9_ibr-37_1.txt 1024 1456200967 1456200967
ibr-9_ibr-43_1.txt 1024 1456201267 1456201267
ibr-9_ibr-45_1.txt 1024 1456200177 1456200177
ibr-9_ibr-49_1.txt 1024 1456198857 1456198857
ibr-9_ibr-49_2.txt 1024 1456199767 1456199767
ibr-9_ibr-56_1.txt 1024 1456200247 1456200247
