# name size  create_time reach_time
ibr-10_ibr-22_1.txt 1024 1456122244 1456122244
ibr-10_ibr-23_1.txt 1024 1456122584 1456122584
ibr-10_ibr-24_1.txt 1024 1456124074 1456124074
ibr-10_ibr-28_1.txt 1024 1456122564 1456122564
ibr-10_ibr-33_1.txt 1024 1456123164 1456123164
ibr-10_ibr-40_1.txt 1024 1456123534 1456123534
ibr-10_ibr-41_1.txt 1024 1456122364 1456122364
ibr-10_ibr-41_2.txt 1024 1456123034 1456123034
ibr-10_ibr-42_1.txt 1024 1456123914 1456123914
ibr-10_ibr-49_1.txt 1024 1456122494 1456122494
ibr-10_ibr-49_2.txt 1024 1456123064 1456123064
ibr-10_ibr-49_3.txt 1024 1456123374 1456123374
ibr-10_ibr-50_1.txt 1024 1456123074 1456123074
ibr-10_ibr-50_2.txt 1024 1456123704 1456123704
ibr-10_ibr-53_1.txt 1024 1456122654 1456122654
ibr-11_ibr-1_1.txt 1024 1456122809 1456122809
ibr-11_ibr-12_1.txt 1024 1456124154 1456124154
ibr-11_ibr-1_2.txt 1024 1456123239 1456123239
ibr-11_ibr-1_3.txt 1024 1456123599 1456123599
ibr-11_ibr-14_1.txt 1024 1456122684 1456122684
ibr-11_ibr-1_4.txt 1024 1456124049 1456124049
ibr-11_ibr-1_5.txt 1024 1456124589 1456124589
ibr-11_ibr-16_1.txt 1024 1456122169 1456122169
ibr-11_ibr-16_2.txt 1024 1456122559 1456122559
ibr-11_ibr-16_3.txt 1024 1456122669 1456122669
ibr-11_ibr-16_4.txt 1024 1456123029 1456123029
ibr-11_ibr-16_5.txt 1024 1456123139 1456123139
ibr-11_ibr-16_6.txt 1024 1456123159 1456123159
ibr-11_ibr-1_6.txt 1024 1456124919 1456124919
ibr-11_ibr-1_7.txt 1024 1456124929 1456124929
ibr-11_ibr-21_1.txt 1024 1456122159 1456122159
ibr-11_ibr-21_2.txt 1024 1456122249 1456122249
ibr-11_ibr-21_3.txt 1024 1456123469 1456123469
ibr-11_ibr-21_4.txt 1024 1456123479 1456123479
ibr-11_ibr-21_5.txt 1024 1456123529 1456123529
ibr-11_ibr-21_6.txt 1024 1456124089 1456124089
ibr-11_ibr-21_7.txt 1024 1456124129 1456124129
ibr-11_ibr-21_8.txt 1024 1456124809 1456124809
ibr-11_ibr-26_1.txt 1024 1456121939 1456121939
ibr-11_ibr-26_2.txt 1024 1456122119 1456122119
ibr-11_ibr-26_3.txt 1024 1456122949 1456122949
ibr-11_ibr-26_4.txt 1024 1456122959 1456122959
ibr-11_ibr-26_5.txt 1024 1456123789 1456123789
ibr-11_ibr-26_6.txt 1024 1456124459 1456124459
ibr-11_ibr-26_7.txt 1024 1456124669 1456124669
ibr-11_ibr-28_1.txt 1024 1456124594 1456124594
ibr-11_ibr-29_1.txt 1024 1456122604 1456122604
ibr-11_ibr-30_1.txt 1024 1456124094 1456124094
ibr-11_ibr-31_1.txt 1024 1456122349 1456122349
ibr-11_ibr-31_2.txt 1024 1456122439 1456122439
ibr-11_ibr-31_3.txt 1024 1456123319 1456123319
ibr-11_ibr-31_4.txt 1024 1456123459 1456123459
ibr-11_ibr-36_1.txt 1024 1456122259 1456122259
ibr-11_ibr-36_2.txt 1024 1456122449 1456122449
ibr-11_ibr-36_3.txt 1024 1456122489 1456122489
ibr-11_ibr-36_4.txt 1024 1456123439 1456123439
ibr-11_ibr-36_5.txt 1024 1456124369 1456124369
ibr-11_ibr-40_1.txt 1024 1456122494 1456122494
ibr-11_ibr-41_1.txt 1024 1456122009 1456122009
ibr-11_ibr-41_2.txt 1024 1456122049 1456122049
ibr-11_ibr-41_3.txt 1024 1456122399 1456122399
ibr-11_ibr-41_4.txt 1024 1456122709 1456122709
ibr-11_ibr-41_5.txt 1024 1456122869 1456122869
ibr-11_ibr-41_6.txt 1024 1456123669 1456123669
ibr-11_ibr-41_7.txt 1024 1456124139 1456124139
ibr-11_ibr-44_1.txt 1024 1456122664 1456122664
ibr-11_ibr-51_1.txt 1024 1456122179 1456122179
ibr-11_ibr-51_2.txt 1024 1456122199 1456122199
ibr-11_ibr-51_3.txt 1024 1456122329 1456122329
ibr-11_ibr-51_4.txt 1024 1456122579 1456122579
ibr-11_ibr-51_5.txt 1024 1456124849 1456124849
ibr-11_ibr-53_1.txt 1024 1456122794 1456122794
ibr-11_ibr-55_1.txt 1024 1456122044 1456122044
ibr-11_ibr-56_1.txt 1024 1456122239 1456122239
ibr-11_ibr-56_2.txt 1024 1456123219 1456123219
ibr-11_ibr-56_3.txt 1024 1456123749 1456123749
ibr-11_ibr-56_4.txt 1024 1456123890 1456123890
ibr-11_ibr-56_5.txt 1024 1456124379 1456124379
ibr-11_ibr-56_6.txt 1024 1456124599 1456124599
ibr-11_ibr-56_7.txt 1024 1456124899 1456124899
ibr-11_ibr-6_1.txt 1024 1456123069 1456123069
ibr-11_ibr-6_2.txt 1024 1456123824 1456123824
ibr-11_ibr-6_3.txt 1024 1456124349 1456124349
ibr-11_ibr-6_4.txt 1024 1456124569 1456124569
ibr-12_ibr-17_1.txt 1024 1456124014 1456124014
ibr-12_ibr-19_1.txt 1024 1456124604 1456124604
ibr-12_ibr-21_1.txt 1024 1456124384 1456124384
ibr-12_ibr-23_1.txt 1024 1456123264 1456123264
ibr-12_ibr-24_1.txt 1024 1456122454 1456122454
ibr-12_ibr-25_1.txt 1024 1456123794 1456123794
ibr-12_ibr-26_1.txt 1024 1456124774 1456124774
ibr-12_ibr-56_1.txt 1024 1456122354 1456122354
ibr-13_ibr-14_1.txt 1024 1456124044 1456124044
ibr-13_ibr-22_1.txt 1024 1456122674 1456122674
ibr-13_ibr-28_1.txt 1024 1456122084 1456122084
ibr-13_ibr-29_1.txt 1024 1456124864 1456124864
ibr-13_ibr-30_1.txt 1024 1456124834 1456124834
ibr-13_ibr-36_1.txt 1024 1456123584 1456123584
ibr-13_ibr-38_1.txt 1024 1456122164 1456122164
ibr-13_ibr-40_1.txt 1024 1456122404 1456122404
ibr-13_ibr-47_1.txt 1024 1456124234 1456124234
ibr-13_ibr-47_2.txt 1024 1456124404 1456124404
ibr-13_ibr-48_1.txt 1024 1456123944 1456123944
ibr-13_ibr-8_1.txt 1024 1456123404 1456123404
ibr-14_ibr-16_1.txt 1024 1456122894 1456122894
ibr-14_ibr-29_1.txt 1024 1456123334 1456123334
ibr-14_ibr-29_2.txt 1024 1456124244 1456124244
ibr-14_ibr-3_1.txt 1024 1456122514 1456122514
ibr-15_ibr-24_1.txt 1024 1456123784 1456123784
ibr-15_ibr-38_1.txt 1024 1456124294 1456124294
ibr-15_ibr-39_1.txt 1024 1456122604 1456122604
ibr-15_ibr-43_1.txt 1024 1456123364 1456123364
ibr-15_ibr-49_1.txt 1024 1456124884 1456124884
ibr-15_ibr-5_1.txt 1024 1456124514 1456124514
ibr-15_ibr-55_1.txt 1024 1456122234 1456122234
ibr-15_ibr-6_1.txt 1024 1456123324 1456123324
ibr-16_ibr-11_1.txt 1024 1456123859 1456123859
ibr-16_ibr-11_2.txt 1024 1456124209 1456124209
ibr-16_ibr-1_1.txt 1024 1456121959 1456121959
ibr-16_ibr-12_1.txt 1024 1456124844 1456124844
ibr-16_ibr-1_2.txt 1024 1456122409 1456122409
ibr-16_ibr-1_3.txt 1024 1456123559 1456123559
ibr-16_ibr-1_4.txt 1024 1456123609 1456123609
ibr-16_ibr-15_1.txt 1024 1456123134 1456123134
ibr-16_ibr-15_2.txt 1024 1456124234 1456124234
ibr-16_ibr-1_5.txt 1024 1456123770 1456123770
ibr-16_ibr-1_6.txt 1024 1456124489 1456124489
ibr-16_ibr-1_7.txt 1024 1456124519 1456124519
ibr-16_ibr-20_1.txt 1024 1456123004 1456123004
ibr-16_ibr-21_1.txt 1024 1456122239 1456122239
ibr-16_ibr-21_2.txt 1024 1456122469 1456122469
ibr-16_ibr-21_3.txt 1024 1456123499 1456123499
ibr-16_ibr-23_1.txt 1024 1456122844 1456122844
ibr-16_ibr-26_1.txt 1024 1456123129 1456123129
ibr-16_ibr-26_2.txt 1024 1456124789 1456124789
ibr-16_ibr-31_1.txt 1024 1456124549 1456124549
ibr-16_ibr-37_1.txt 1024 1456123424 1456123424
ibr-16_ibr-40_1.txt 1024 1456121944 1456121944
ibr-16_ibr-41_10.txt 1024 1456124434 1456124434
ibr-16_ibr-41_11.txt 1024 1456124679 1456124679
ibr-16_ibr-41_1.txt 1024 1456121979 1456121979
ibr-16_ibr-41_2.txt 1024 1456122029 1456122029
ibr-16_ibr-41_3.txt 1024 1456122369 1456122369
ibr-16_ibr-41_4.txt 1024 1456122599 1456122599
ibr-16_ibr-41_5.txt 1024 1456122839 1456122839
ibr-16_ibr-41_6.txt 1024 1456123549 1456123549
ibr-16_ibr-41_7.txt 1024 1456123819 1456123819
ibr-16_ibr-41_8.txt 1024 1456124099 1456124099
ibr-16_ibr-41_9.txt 1024 1456124319 1456124319
ibr-16_ibr-44_1.txt 1024 1456122914 1456122914
ibr-16_ibr-46_1.txt 1024 1456122019 1456122019
ibr-16_ibr-46_2.txt 1024 1456122379 1456122379
ibr-16_ibr-46_3.txt 1024 1456123039 1456123039
ibr-16_ibr-46_4.txt 1024 1456123439 1456123439
ibr-16_ibr-46_5.txt 1024 1456123959 1456123959
ibr-16_ibr-46_6.txt 1024 1456124019 1456124019
ibr-16_ibr-46_7.txt 1024 1456124759 1456124759
ibr-16_ibr-51_1.txt 1024 1456122129 1456122129
ibr-16_ibr-51_2.txt 1024 1456123049 1456123049
ibr-16_ibr-51_3.txt 1024 1456123579 1456123579
ibr-16_ibr-51_4.txt 1024 1456123829 1456123829
ibr-16_ibr-51_5.txt 1024 1456124054 1456124054
ibr-16_ibr-51_6.txt 1024 1456124609 1456124609
ibr-16_ibr-51_7.txt 1024 1456124799 1456124799
ibr-16_ibr-54_1.txt 1024 1456123594 1456123594
ibr-16_ibr-56_1.txt 1024 1456122269 1456122269
ibr-16_ibr-56_2.txt 1024 1456122329 1456122329
ibr-16_ibr-56_3.txt 1024 1456122444 1456122444
ibr-16_ibr-56_4.txt 1024 1456122899 1456122899
ibr-16_ibr-56_5.txt 1024 1456123689 1456123689
ibr-16_ibr-6_10.txt 1024 1456124199 1456124199
ibr-16_ibr-6_11.txt 1024 1456124749 1456124749
ibr-16_ibr-6_12.txt 1024 1456124829 1456124829
ibr-16_ibr-6_1.txt 1024 1456121949 1456121949
ibr-16_ibr-6_2.txt 1024 1456122384 1456122384
ibr-16_ibr-6_3.txt 1024 1456122509 1456122509
ibr-16_ibr-6_4.txt 1024 1456122519 1456122519
ibr-16_ibr-6_5.txt 1024 1456122549 1456122549
ibr-16_ibr-6_6.txt 1024 1456123109 1456123109
ibr-16_ibr-6_7.txt 1024 1456123389 1456123389
ibr-16_ibr-6_8.txt 1024 1456123539 1456123539
ibr-16_ibr-6_9.txt 1024 1456124039 1456124039
ibr-16_ibr-7_1.txt 1024 1456124314 1456124314
ibr-16_ibr-7_2.txt 1024 1456124364 1456124364
ibr-16_ibr-8_1.txt 1024 1456123904 1456123904
ibr-17_ibr-10_1.txt 1024 1456122954 1456122954
ibr-17_ibr-11_1.txt 1024 1456123844 1456123844
ibr-17_ibr-12_1.txt 1024 1456123454 1456123454
ibr-17_ibr-19_1.txt 1024 1456124874 1456124874
ibr-17_ibr-2_1.txt 1024 1456124084 1456124084
ibr-17_ibr-26_1.txt 1024 1456124214 1456124214
ibr-17_ibr-28_1.txt 1024 1456123244 1456123244
ibr-17_ibr-30_1.txt 1024 1456123464 1456123464
ibr-17_ibr-3_1.txt 1024 1456122544 1456122544
ibr-17_ibr-50_1.txt 1024 1456122304 1456122304
ibr-17_ibr-50_2.txt 1024 1456122744 1456122744
ibr-17_ibr-7_1.txt 1024 1456124454 1456124454
ibr-18_ibr-15_1.txt 1024 1456123544 1456123544
ibr-18_ibr-19_1.txt 1024 1456123024 1456123024
ibr-18_ibr-21_1.txt 1024 1456122724 1456122724
ibr-18_ibr-2_1.txt 1024 1456123614 1456123614
ibr-18_ibr-24_1.txt 1024 1456124564 1456124564
ibr-18_ibr-36_1.txt 1024 1456122374 1456122374
ibr-18_ibr-39_1.txt 1024 1456124184 1456124184
ibr-18_ibr-4_1.txt 1024 1456124794 1456124794
ibr-18_ibr-51_1.txt 1024 1456123604 1456123604
ibr-18_ibr-53_1.txt 1024 1456123274 1456123274
ibr-18_ibr-54_1.txt 1024 1456124134 1456124134
ibr-18_ibr-7_1.txt 1024 1456123874 1456123874
ibr-19_ibr-12_1.txt 1024 1456123834 1456123834
ibr-19_ibr-18_1.txt 1024 1456122714 1456122714
ibr-19_ibr-22_1.txt 1024 1456122524 1456122524
ibr-19_ibr-30_1.txt 1024 1456123944 1456123944
ibr-19_ibr-35_1.txt 1024 1456124744 1456124744
ibr-19_ibr-40_1.txt 1024 1456123854 1456123854
ibr-19_ibr-44_1.txt 1024 1456124324 1456124324
ibr-19_ibr-44_2.txt 1024 1456124374 1456124374
ibr-19_ibr-46_1.txt 1024 1456122694 1456122694
ibr-19_ibr-47_1.txt 1024 1456123894 1456123894
ibr-19_ibr-55_1.txt 1024 1456123344 1456123344
ibr-19_ibr-9_1.txt 1024 1456123504 1456123504
ibr-1_ibr-11_1.txt 1024 1456121989 1456121989
ibr-1_ibr-11_2.txt 1024 1456122109 1456122109
ibr-1_ibr-11_3.txt 1024 1456122709 1456122709
ibr-1_ibr-11_4.txt 1024 1456123259 1456123259
ibr-1_ibr-11_5.txt 1024 1456123949 1456123949
ibr-1_ibr-11_6.txt 1024 1456124149 1456124149
ibr-1_ibr-11_7.txt 1024 1456124729 1456124729
ibr-1_ibr-16_1.txt 1024 1456122199 1456122199
ibr-1_ibr-16_2.txt 1024 1456122699 1456122699
ibr-1_ibr-16_3.txt 1024 1456122759 1456122759
ibr-1_ibr-16_4.txt 1024 1456123209 1456123209
ibr-1_ibr-16_5.txt 1024 1456124259 1456124259
ibr-1_ibr-21_1.txt 1024 1456122279 1456122279
ibr-1_ibr-21_2.txt 1024 1456123029 1456123029
ibr-1_ibr-21_3.txt 1024 1456123429 1456123429
ibr-1_ibr-26_1.txt 1024 1456123409 1456123409
ibr-1_ibr-26_2.txt 1024 1456123549 1456123549
ibr-1_ibr-26_3.txt 1024 1456123869 1456123869
ibr-1_ibr-26_4.txt 1024 1456124219 1456124219
ibr-1_ibr-31_1.txt 1024 1456123529 1456123529
ibr-1_ibr-31_2.txt 1024 1456123609 1456123609
ibr-1_ibr-36_1.txt 1024 1456121939 1456121939
ibr-1_ibr-36_2.txt 1024 1456122769 1456122769
ibr-1_ibr-36_3.txt 1024 1456122799 1456122799
ibr-1_ibr-36_4.txt 1024 1456124059 1456124059
ibr-1_ibr-41_1.txt 1024 1456123179 1456123179
ibr-1_ibr-41_2.txt 1024 1456123739 1456123739
ibr-1_ibr-41_3.txt 1024 1456124279 1456124279
ibr-1_ibr-46_1.txt 1024 1456122689 1456122689
ibr-1_ibr-46_2.txt 1024 1456123479 1456123479
ibr-1_ibr-46_3.txt 1024 1456123539 1456123539
ibr-1_ibr-46_4.txt 1024 1456124839 1456124839
ibr-1_ibr-51_1.txt 1024 1456123679 1456123679
ibr-1_ibr-51_2.txt 1024 1456123689 1456123689
ibr-1_ibr-56_1.txt 1024 1456122619 1456122619
ibr-1_ibr-56_2.txt 1024 1456123119 1456123119
ibr-1_ibr-56_3.txt 1024 1456123189 1456123189
ibr-1_ibr-56_4.txt 1024 1456123199 1456123199
ibr-1_ibr-56_5.txt 1024 1456123369 1456123369
ibr-1_ibr-56_6.txt 1024 1456123929 1456123929
ibr-1_ibr-56_7.txt 1024 1456124189 1456124189
ibr-1_ibr-6_1.txt 1024 1456122399 1456122399
ibr-1_ibr-6_2.txt 1024 1456122779 1456122779
ibr-1_ibr-6_3.txt 1024 1456122899 1456122899
ibr-1_ibr-6_4.txt 1024 1456123059 1456123059
ibr-1_ibr-6_5.txt 1024 1456123379 1456123379
ibr-1_ibr-6_6.txt 1024 1456124559 1456124559
ibr-1_ibr-6_7.txt 1024 1456124909 1456124909
ibr-20_ibr-10_1.txt 1024 1456124444 1456124444
ibr-20_ibr-15_1.txt 1024 1456122624 1456122624
ibr-20_ibr-17_1.txt 1024 1456122644 1456122644
ibr-20_ibr-17_2.txt 1024 1456124614 1456124614
ibr-20_ibr-23_1.txt 1024 1456123614 1456123614
ibr-20_ibr-28_1.txt 1024 1456124114 1456124114
ibr-20_ibr-31_1.txt 1024 1456123384 1456123384
ibr-20_ibr-3_1.txt 1024 1456124504 1456124504
ibr-20_ibr-34_1.txt 1024 1456122354 1456122354
ibr-20_ibr-4_1.txt 1024 1456122134 1456122134
ibr-20_ibr-47_1.txt 1024 1456122744 1456122744
ibr-20_ibr-47_2.txt 1024 1456122964 1456122964
ibr-20_ibr-50_1.txt 1024 1456122284 1456122284
ibr-20_ibr-52_1.txt 1024 1456122674 1456122674
ibr-20_ibr-55_1.txt 1024 1456122374 1456122374
ibr-20_ibr-56_1.txt 1024 1456123174 1456123174
ibr-21_ibr-11_1.txt 1024 1456122439 1456122439
ibr-21_ibr-11_2.txt 1024 1456122919 1456122919
ibr-21_ibr-11_3.txt 1024 1456124009 1456124009
ibr-21_ibr-11_4.txt 1024 1456124229 1456124229
ibr-21_ibr-1_1.txt 1024 1456122219 1456122219
ibr-21_ibr-1_2.txt 1024 1456123489 1456123489
ibr-21_ibr-1_3.txt 1024 1456123839 1456123839
ibr-21_ibr-14_1.txt 1024 1456123774 1456123774
ibr-21_ibr-1_4.txt 1024 1456124069 1456124069
ibr-21_ibr-1_5.txt 1024 1456124179 1456124179
ibr-21_ibr-16_1.txt 1024 1456122649 1456122649
ibr-21_ibr-16_2.txt 1024 1456122789 1456122789
ibr-21_ibr-16_3.txt 1024 1456123149 1456123149
ibr-21_ibr-16_4.txt 1024 1456123249 1456123249
ibr-21_ibr-16_5.txt 1024 1456123419 1456123419
ibr-21_ibr-16_6.txt 1024 1456123499 1456123499
ibr-21_ibr-16_7.txt 1024 1456123729 1456123729
ibr-21_ibr-16_8.txt 1024 1456124344 1456124344
ibr-21_ibr-16_9.txt 1024 1456124449 1456124449
ibr-21_ibr-1_6.txt 1024 1456124349 1456124349
ibr-21_ibr-18_1.txt 1024 1456123754 1456123754
ibr-21_ibr-26_1.txt 1024 1456122469 1456122469
ibr-21_ibr-26_2.txt 1024 1456123979 1456123979
ibr-21_ibr-26_3.txt 1024 1456124049 1456124049
ibr-21_ibr-26_4.txt 1024 1456124209 1456124209
ibr-21_ibr-31_1.txt 1024 1456122079 1456122079
ibr-21_ibr-31_2.txt 1024 1456122334 1456122334
ibr-21_ibr-31_3.txt 1024 1456122589 1456122589
ibr-21_ibr-31_4.txt 1024 1456122679 1456122679
ibr-21_ibr-31_5.txt 1024 1456124079 1456124079
ibr-21_ibr-31_6.txt 1024 1456124299 1456124299
ibr-21_ibr-31_7.txt 1024 1456124689 1456124689
ibr-21_ibr-34_1.txt 1024 1456123654 1456123654
ibr-21_ibr-36_1.txt 1024 1456122499 1456122499
ibr-21_ibr-36_2.txt 1024 1456122619 1456122619
ibr-21_ibr-36_3.txt 1024 1456123189 1456123189
ibr-21_ibr-36_4.txt 1024 1456123399 1456123399
ibr-21_ibr-36_5.txt 1024 1456123429 1456123429
ibr-21_ibr-36_6.txt 1024 1456123719 1456123719
ibr-21_ibr-36_7.txt 1024 1456124124 1456124124
ibr-21_ibr-39_1.txt 1024 1456123734 1456123734
ibr-21_ibr-41_1.txt 1024 1456122389 1456122389
ibr-21_ibr-41_2.txt 1024 1456122599 1456122599
ibr-21_ibr-41_3.txt 1024 1456122909 1456122909
ibr-21_ibr-41_4.txt 1024 1456124619 1456124619
ibr-21_ibr-41_5.txt 1024 1456124659 1456124659
ibr-21_ibr-46_1.txt 1024 1456122139 1456122139
ibr-21_ibr-46_2.txt 1024 1456122419 1456122419
ibr-21_ibr-46_3.txt 1024 1456122529 1456122529
ibr-21_ibr-46_4.txt 1024 1456124239 1456124239
ibr-21_ibr-46_5.txt 1024 1456124399 1456124399
ibr-21_ibr-46_6.txt 1024 1456124409 1456124409
ibr-21_ibr-46_7.txt 1024 1456124654 1456124654
ibr-21_ibr-47_1.txt 1024 1456122004 1456122004
ibr-21_ibr-51_1.txt 1024 1456122479 1456122479
ibr-21_ibr-51_2.txt 1024 1456123109 1456123109
ibr-21_ibr-51_3.txt 1024 1456123129 1456123129
ibr-21_ibr-5_1.txt 1024 1456123304 1456123304
ibr-21_ibr-55_1.txt 1024 1456122664 1456122664
ibr-21_ibr-56_1.txt 1024 1456121949 1456121949
ibr-21_ibr-56_2.txt 1024 1456122169 1456122169
ibr-21_ibr-56_3.txt 1024 1456123239 1456123239
ibr-21_ibr-56_4.txt 1024 1456123779 1456123779
ibr-21_ibr-56_5.txt 1024 1456124199 1456124199
ibr-21_ibr-56_6.txt 1024 1456124779 1456124779
ibr-21_ibr-6_1.txt 1024 1456121999 1456121999
ibr-21_ibr-6_2.txt 1024 1456122019 1456122019
ibr-21_ibr-6_3.txt 1024 1456122989 1456122989
ibr-21_ibr-6_4.txt 1024 1456123349 1456123349
ibr-21_ibr-6_5.txt 1024 1456124579 1456124579
ibr-21_ibr-8_1.txt 1024 1456121964 1456121964
ibr-22_ibr-15_1.txt 1024 1456123974 1456123974
ibr-22_ibr-19_1.txt 1024 1456124674 1456124674
ibr-22_ibr-2_1.txt 1024 1456123424 1456123424
ibr-22_ibr-24_1.txt 1024 1456123914 1456123914
ibr-22_ibr-25_1.txt 1024 1456124784 1456124784
ibr-22_ibr-35_1.txt 1024 1456124104 1456124104
ibr-22_ibr-40_1.txt 1024 1456122284 1456122284
ibr-22_ibr-40_2.txt 1024 1456124324 1456124324
ibr-22_ibr-4_1.txt 1024 1456124634 1456124634
ibr-22_ibr-47_1.txt 1024 1456124564 1456124564
ibr-22_ibr-49_1.txt 1024 1456124264 1456124264
ibr-22_ibr-52_1.txt 1024 1456124774 1456124774
ibr-22_ibr-9_1.txt 1024 1456121974 1456121974
ibr-23_ibr-16_1.txt 1024 1456121984 1456121984
ibr-23_ibr-19_1.txt 1024 1456123054 1456123054
ibr-23_ibr-21_1.txt 1024 1456124054 1456124054
ibr-23_ibr-25_1.txt 1024 1456123174 1456123174
ibr-23_ibr-30_1.txt 1024 1456124284 1456124284
ibr-23_ibr-31_1.txt 1024 1456123044 1456123044
ibr-23_ibr-31_2.txt 1024 1456124924 1456124924
ibr-23_ibr-34_1.txt 1024 1456122094 1456122094
ibr-23_ibr-44_1.txt 1024 1456123434 1456123434
ibr-23_ibr-47_1.txt 1024 1456123034 1456123034
ibr-23_ibr-49_1.txt 1024 1456124474 1456124474
ibr-23_ibr-51_1.txt 1024 1456123684 1456123684
ibr-23_ibr-52_1.txt 1024 1456122334 1456122334
ibr-24_ibr-16_1.txt 1024 1456123644 1456123644
ibr-24_ibr-22_1.txt 1024 1456122714 1456122714
ibr-24_ibr-26_1.txt 1024 1456122104 1456122104
ibr-24_ibr-32_1.txt 1024 1456123704 1456123704
ibr-24_ibr-36_1.txt 1024 1456122214 1456122214
ibr-24_ibr-38_1.txt 1024 1456123634 1456123634
ibr-24_ibr-41_1.txt 1024 1456122964 1456122964
ibr-24_ibr-41_2.txt 1024 1456123184 1456123184
ibr-24_ibr-4_1.txt 1024 1456122364 1456122364
ibr-24_ibr-9_1.txt 1024 1456122904 1456122904
ibr-25_ibr-13_1.txt 1024 1456124814 1456124814
ibr-25_ibr-23_1.txt 1024 1456124064 1456124064
ibr-25_ibr-24_1.txt 1024 1456123484 1456123484
ibr-25_ibr-29_1.txt 1024 1456122104 1456122104
ibr-25_ibr-29_2.txt 1024 1456122304 1456122304
ibr-25_ibr-40_1.txt 1024 1456123974 1456123974
ibr-25_ibr-42_1.txt 1024 1456123654 1456123654
ibr-25_ibr-53_1.txt 1024 1456122254 1456122254
ibr-25_ibr-53_2.txt 1024 1456123284 1456123284
ibr-25_ibr-53_3.txt 1024 1456123684 1456123684
ibr-25_ibr-54_1.txt 1024 1456123294 1456123294
ibr-25_ibr-55_1.txt 1024 1456122904 1456122904
ibr-25_ibr-55_2.txt 1024 1456123574 1456123574
ibr-25_ibr-56_1.txt 1024 1456122154 1456122154
ibr-25_ibr-56_2.txt 1024 1456122174 1456122174
ibr-25_ibr-6_1.txt 1024 1456123204 1456123204
ibr-25_ibr-7_1.txt 1024 1456123354 1456123354
ibr-26_ibr-11_1.txt 1024 1456122109 1456122109
ibr-26_ibr-11_2.txt 1024 1456122999 1456122999
ibr-26_ibr-11_3.txt 1024 1456123899 1456123899
ibr-26_ibr-11_4.txt 1024 1456123959 1456123959
ibr-26_ibr-11_5.txt 1024 1456124029 1456124029
ibr-26_ibr-1_1.txt 1024 1456124749 1456124749
ibr-26_ibr-16_1.txt 1024 1456122629 1456122629
ibr-26_ibr-16_2.txt 1024 1456122969 1456122969
ibr-26_ibr-16_3.txt 1024 1456122979 1456122979
ibr-26_ibr-16_4.txt 1024 1456123119 1456123119
ibr-26_ibr-16_5.txt 1024 1456123759 1456123759
ibr-26_ibr-16_6.txt 1024 1456124259 1456124259
ibr-26_ibr-16_7.txt 1024 1456124439 1456124439
ibr-26_ibr-16_8.txt 1024 1456124649 1456124649
ibr-26_ibr-17_1.txt 1024 1456122984 1456122984
ibr-26_ibr-19_1.txt 1024 1456123254 1456123254
ibr-26_ibr-20_1.txt 1024 1456123124 1456123124
ibr-26_ibr-21_1.txt 1024 1456122279 1456122279
ibr-26_ibr-21_2.txt 1024 1456122609 1456122609
ibr-26_ibr-21_3.txt 1024 1456122829 1456122829
ibr-26_ibr-21_4.txt 1024 1456122989 1456122989
ibr-26_ibr-21_5.txt 1024 1456123469 1456123469
ibr-26_ibr-21_6.txt 1024 1456124299 1456124299
ibr-26_ibr-21_7.txt 1024 1456124759 1456124759
ibr-26_ibr-23_1.txt 1024 1456124914 1456124914
ibr-26_ibr-31_1.txt 1024 1456122259 1456122259
ibr-26_ibr-31_2.txt 1024 1456122679 1456122679
ibr-26_ibr-31_3.txt 1024 1456122824 1456122824
ibr-26_ibr-31_4.txt 1024 1456122849 1456122849
ibr-26_ibr-31_5.txt 1024 1456123289 1456123289
ibr-26_ibr-31_6.txt 1024 1456124719 1456124719
ibr-26_ibr-35_1.txt 1024 1456122034 1456122034
ibr-26_ibr-36_1.txt 1024 1456122519 1456122519
ibr-26_ibr-36_2.txt 1024 1456124009 1456124009
ibr-26_ibr-36_3.txt 1024 1456124419 1456124419
ibr-26_ibr-36_4.txt 1024 1456124559 1456124559
ibr-26_ibr-37_1.txt 1024 1456122474 1456122474
ibr-26_ibr-41_1.txt 1024 1456122059 1456122059
ibr-26_ibr-41_2.txt 1024 1456122069 1456122069
ibr-26_ibr-41_3.txt 1024 1456122309 1456122309
ibr-26_ibr-41_4.txt 1024 1456122499 1456122499
ibr-26_ibr-41_5.txt 1024 1456123309 1456123309
ibr-26_ibr-41_6.txt 1024 1456124109 1456124109
ibr-26_ibr-41_7.txt 1024 1456124144 1456124144
ibr-26_ibr-41_8.txt 1024 1456124179 1456124179
ibr-26_ibr-42_1.txt 1024 1456123084 1456123084
ibr-26_ibr-46_1.txt 1024 1456122179 1456122179
ibr-26_ibr-46_2.txt 1024 1456122529 1456122529
ibr-26_ibr-46_3.txt 1024 1456123269 1456123269
ibr-26_ibr-46_4.txt 1024 1456124119 1456124119
ibr-26_ibr-47_1.txt 1024 1456123644 1456123644
ibr-26_ibr-48_1.txt 1024 1456122504 1456122504
ibr-26_ibr-51_1.txt 1024 1456122729 1456122729
ibr-26_ibr-51_2.txt 1024 1456123399 1456123399
ibr-26_ibr-51_3.txt 1024 1456123809 1456123809
ibr-26_ibr-51_4.txt 1024 1456124389 1456124389
ibr-26_ibr-51_5.txt 1024 1456124479 1456124479
ibr-26_ibr-51_6.txt 1024 1456124619 1456124619
ibr-26_ibr-52_1.txt 1024 1456122544 1456122544
ibr-26_ibr-52_2.txt 1024 1456123414 1456123414
ibr-26_ibr-53_1.txt 1024 1456124224 1456124224
ibr-26_ibr-56_1.txt 1024 1456122299 1456122299
ibr-26_ibr-56_2.txt 1024 1456123849 1456123849
ibr-26_ibr-56_3.txt 1024 1456124289 1456124289
ibr-26_ibr-6_1.txt 1024 1456123299 1456123299
ibr-26_ibr-6_2.txt 1024 1456123709 1456123709
ibr-26_ibr-6_3.txt 1024 1456124279 1456124279
ibr-26_ibr-6_4.txt 1024 1456124709 1456124709
ibr-26_ibr-6_5.txt 1024 1456124879 1456124879
ibr-26_ibr-6_6.txt 1024 1456124929 1456124929
ibr-26_ibr-8_1.txt 1024 1456122014 1456122014
ibr-27_ibr-16_1.txt 1024 1456123094 1456123094
ibr-27_ibr-33_1.txt 1024 1456122634 1456122634
ibr-27_ibr-33_2.txt 1024 1456123844 1456123844
ibr-27_ibr-37_1.txt 1024 1456124264 1456124264
ibr-27_ibr-47_1.txt 1024 1456123114 1456123114
ibr-27_ibr-51_1.txt 1024 1456124644 1456124644
ibr-28_ibr-10_1.txt 1024 1456124904 1456124904
ibr-28_ibr-17_1.txt 1024 1456123014 1456123014
ibr-28_ibr-18_1.txt 1024 1456124414 1456124414
ibr-28_ibr-27_1.txt 1024 1456124734 1456124734
ibr-28_ibr-3_1.txt 1024 1456123344 1456123344
ibr-28_ibr-34_1.txt 1024 1456124924 1456124924
ibr-28_ibr-4_1.txt 1024 1456123894 1456123894
ibr-28_ibr-42_1.txt 1024 1456122484 1456122484
ibr-28_ibr-42_2.txt 1024 1456123764 1456123764
ibr-28_ibr-48_1.txt 1024 1456124694 1456124694
ibr-28_ibr-51_1.txt 1024 1456123414 1456123414
ibr-28_ibr-56_1.txt 1024 1456124524 1456124524
ibr-28_ibr-9_1.txt 1024 1456124824 1456124824
ibr-29_ibr-20_1.txt 1024 1456124744 1456124744
ibr-29_ibr-2_1.txt 1024 1456122624 1456122624
ibr-29_ibr-39_1.txt 1024 1456123834 1456123834
ibr-29_ibr-47_1.txt 1024 1456123794 1456123794
ibr-29_ibr-5_1.txt 1024 1456122534 1456122534
ibr-29_ibr-52_1.txt 1024 1456122824 1456122824
ibr-29_ibr-52_2.txt 1024 1456123264 1456123264
ibr-2_ibr-14_1.txt 1024 1456122834 1456122834
ibr-2_ibr-29_1.txt 1024 1456122474 1456122474
ibr-2_ibr-30_1.txt 1024 1456122564 1456122564
ibr-2_ibr-42_1.txt 1024 1456122884 1456122884
ibr-2_ibr-48_1.txt 1024 1456122974 1456122974
ibr-2_ibr-48_2.txt 1024 1456123194 1456123194
ibr-2_ibr-50_1.txt 1024 1456122454 1456122454
ibr-2_ibr-53_1.txt 1024 1456122554 1456122554
ibr-2_ibr-54_1.txt 1024 1456122794 1456122794
ibr-2_ibr-7_1.txt 1024 1456123694 1456123694
ibr-2_ibr-7_2.txt 1024 1456124514 1456124514
ibr-30_ibr-17_1.txt 1024 1456122614 1456122614
ibr-30_ibr-18_1.txt 1024 1456122044 1456122044
ibr-30_ibr-24_1.txt 1024 1456124814 1456124814
ibr-30_ibr-36_1.txt 1024 1456123474 1456123474
ibr-30_ibr-40_1.txt 1024 1456122574 1456122574
ibr-30_ibr-41_1.txt 1024 1456123754 1456123754
ibr-30_ibr-44_1.txt 1024 1456123164 1456123164
ibr-30_ibr-45_1.txt 1024 1456123564 1456123564
ibr-30_ibr-50_1.txt 1024 1456123524 1456123524
ibr-30_ibr-50_2.txt 1024 1456124874 1456124874
ibr-31_ibr-11_1.txt 1024 1456122749 1456122749
ibr-31_ibr-11_2.txt 1024 1456123569 1456123569
ibr-31_ibr-11_3.txt 1024 1456124529 1456124529
ibr-31_ibr-11_4.txt 1024 1456124899 1456124899
ibr-31_ibr-1_1.txt 1024 1456122009 1456122009
ibr-31_ibr-1_2.txt 1024 1456122959 1456122959
ibr-31_ibr-1_3.txt 1024 1456123419 1456123419
ibr-31_ibr-1_4.txt 1024 1456124019 1456124019
ibr-31_ibr-1_5.txt 1024 1456124249 1456124249
ibr-31_ibr-16_1.txt 1024 1456123149 1456123149
ibr-31_ibr-16_2.txt 1024 1456123449 1456123449
ibr-31_ibr-16_3.txt 1024 1456124699 1456124699
ibr-31_ibr-20_1.txt 1024 1456122144 1456122144
ibr-31_ibr-20_2.txt 1024 1456123434 1456123434
ibr-31_ibr-21_1.txt 1024 1456122629 1456122629
ibr-31_ibr-21_2.txt 1024 1456123579 1456123579
ibr-31_ibr-21_3.txt 1024 1456123629 1456123629
ibr-31_ibr-21_4.txt 1024 1456124879 1456124879
ibr-31_ibr-26_1.txt 1024 1456122309 1456122309
ibr-31_ibr-26_2.txt 1024 1456122459 1456122459
ibr-31_ibr-26_3.txt 1024 1456122754 1456122754
ibr-31_ibr-26_4.txt 1024 1456122869 1456122869
ibr-31_ibr-26_5.txt 1024 1456123039 1456123039
ibr-31_ibr-26_6.txt 1024 1456123999 1456123999
ibr-31_ibr-26_7.txt 1024 1456124089 1456124089
ibr-31_ibr-26_8.txt 1024 1456124649 1456124649
ibr-31_ibr-26_9.txt 1024 1456124809 1456124809
ibr-31_ibr-33_1.txt 1024 1456122094 1456122094
ibr-31_ibr-34_1.txt 1024 1456122404 1456122404
ibr-31_ibr-35_1.txt 1024 1456124354 1456124354
ibr-31_ibr-36_1.txt 1024 1456122289 1456122289
ibr-31_ibr-36_2.txt 1024 1456122419 1456122419
ibr-31_ibr-36_3.txt 1024 1456122659 1456122659
ibr-31_ibr-36_4.txt 1024 1456123919 1456123919
ibr-31_ibr-36_5.txt 1024 1456124459 1456124459
ibr-31_ibr-36_6.txt 1024 1456124889 1456124889
ibr-31_ibr-38_1.txt 1024 1456124334 1456124334
ibr-31_ibr-41_10.txt 1024 1456124869 1456124869
ibr-31_ibr-41_1.txt 1024 1456121984 1456121984
ibr-31_ibr-41_2.txt 1024 1456122029 1456122029
ibr-31_ibr-41_3.txt 1024 1456122579 1456122579
ibr-31_ibr-41_4.txt 1024 1456122859 1456122859
ibr-31_ibr-41_5.txt 1024 1456123099 1456123099
ibr-31_ibr-41_6.txt 1024 1456123659 1456123659
ibr-31_ibr-41_7.txt 1024 1456124189 1456124189
ibr-31_ibr-41_8.txt 1024 1456124399 1456124399
ibr-31_ibr-41_9.txt 1024 1456124539 1456124539
ibr-31_ibr-46_1.txt 1024 1456122269 1456122269
ibr-31_ibr-46_2.txt 1024 1456122429 1456122429
ibr-31_ibr-46_3.txt 1024 1456122889 1456122889
ibr-31_ibr-46_4.txt 1024 1456122939 1456122939
ibr-31_ibr-46_5.txt 1024 1456122999 1456122999
ibr-31_ibr-46_6.txt 1024 1456123079 1456123079
ibr-31_ibr-46_7.txt 1024 1456123509 1456123509
ibr-31_ibr-46_8.txt 1024 1456123879 1456123879
ibr-31_ibr-46_9.txt 1024 1456124149 1456124149
ibr-31_ibr-51_1.txt 1024 1456124069 1456124069
ibr-31_ibr-54_1.txt 1024 1456122764 1456122764
ibr-31_ibr-56_1.txt 1024 1456122389 1456122389
ibr-31_ibr-56_2.txt 1024 1456122849 1456122849
ibr-31_ibr-56_3.txt 1024 1456123144 1456123144
ibr-31_ibr-56_4.txt 1024 1456123770 1456123770
ibr-31_ibr-6_1.txt 1024 1456122149 1456122149
ibr-31_ibr-6_2.txt 1024 1456122209 1456122209
ibr-31_ibr-6_3.txt 1024 1456122919 1456122919
ibr-31_ibr-6_4.txt 1024 1456123089 1456123089
ibr-31_ibr-6_5.txt 1024 1456123669 1456123669
ibr-31_ibr-6_6.txt 1024 1456124799 1456124799
ibr-32_ibr-12_1.txt 1024 1456124104 1456124104
ibr-32_ibr-16_1.txt 1024 1456123354 1456123354
ibr-32_ibr-19_1.txt 1024 1456123474 1456123474
ibr-32_ibr-21_1.txt 1024 1456122464 1456122464
ibr-32_ibr-40_1.txt 1024 1456121954 1456121954
ibr-32_ibr-50_1.txt 1024 1456123554 1456123554
ibr-32_ibr-54_1.txt 1024 1456123294 1456123294
ibr-33_ibr-13_1.txt 1024 1456124694 1456124694
ibr-33_ibr-14_1.txt 1024 1456123664 1456123664
ibr-33_ibr-19_1.txt 1024 1456123274 1456123274
ibr-33_ibr-20_1.txt 1024 1456122514 1456122514
ibr-33_ibr-22_1.txt 1024 1456122264 1456122264
ibr-33_ibr-31_1.txt 1024 1456123334 1456123334
ibr-33_ibr-34_1.txt 1024 1456124614 1456124614
ibr-33_ibr-39_1.txt 1024 1456124154 1456124154
ibr-33_ibr-4_1.txt 1024 1456123734 1456123734
ibr-33_ibr-43_1.txt 1024 1456122114 1456122114
ibr-33_ibr-46_1.txt 1024 1456124074 1456124074
ibr-33_ibr-47_1.txt 1024 1456124804 1456124804
ibr-33_ibr-48_1.txt 1024 1456124024 1456124024
ibr-33_ibr-49_1.txt 1024 1456124344 1456124344
ibr-33_ibr-53_1.txt 1024 1456122324 1456122324
ibr-33_ibr-56_1.txt 1024 1456122024 1456122024
ibr-34_ibr-18_1.txt 1024 1456124904 1456124904
ibr-34_ibr-20_1.txt 1024 1456122264 1456122264
ibr-34_ibr-20_2.txt 1024 1456124464 1456124464
ibr-34_ibr-22_1.txt 1024 1456123314 1456123314
ibr-34_ibr-23_1.txt 1024 1456123134 1456123134
ibr-34_ibr-25_1.txt 1024 1456123984 1456123984
ibr-34_ibr-26_1.txt 1024 1456122144 1456122144
ibr-34_ibr-38_1.txt 1024 1456123854 1456123854
ibr-34_ibr-39_1.txt 1024 1456123534 1456123534
ibr-34_ibr-4_1.txt 1024 1456124134 1456124134
ibr-34_ibr-48_1.txt 1024 1456123214 1456123214
ibr-34_ibr-50_1.txt 1024 1456123624 1456123624
ibr-34_ibr-9_1.txt 1024 1456123664 1456123664
ibr-35_ibr-10_1.txt 1024 1456122194 1456122194
ibr-35_ibr-17_1.txt 1024 1456124794 1456124794
ibr-35_ibr-23_1.txt 1024 1456122114 1456122114
ibr-35_ibr-29_1.txt 1024 1456123494 1456123494
ibr-35_ibr-33_1.txt 1024 1456121944 1456121944
ibr-35_ibr-8_1.txt 1024 1456124034 1456124034
ibr-36_ibr-10_1.txt 1024 1456122314 1456122314
ibr-36_ibr-11_1.txt 1024 1456122759 1456122759
ibr-36_ibr-11_2.txt 1024 1456123369 1456123369
ibr-36_ibr-11_3.txt 1024 1456123559 1456123559
ibr-36_ibr-11_4.txt 1024 1456123804 1456123804
ibr-36_ibr-11_5.txt 1024 1456124309 1456124309
ibr-36_ibr-1_1.txt 1024 1456122739 1456122739
ibr-36_ibr-1_2.txt 1024 1456123619 1456123619
ibr-36_ibr-1_3.txt 1024 1456124139 1456124139
ibr-36_ibr-1_4.txt 1024 1456124829 1456124829
ibr-36_ibr-16_1.txt 1024 1456122659 1456122659
ibr-36_ibr-16_2.txt 1024 1456122799 1456122799
ibr-36_ibr-16_3.txt 1024 1456123259 1456123259
ibr-36_ibr-16_4.txt 1024 1456124339 1456124339
ibr-36_ibr-16_5.txt 1024 1456124359 1456124359
ibr-36_ibr-16_6.txt 1024 1456124534 1456124534
ibr-36_ibr-16_7.txt 1024 1456124699 1456124699
ibr-36_ibr-21_1.txt 1024 1456122924 1456122924
ibr-36_ibr-21_2.txt 1024 1456124579 1456124579
ibr-36_ibr-21_3.txt 1024 1456124719 1456124719
ibr-36_ibr-25_1.txt 1024 1456124544 1456124544
ibr-36_ibr-26_1.txt 1024 1456122039 1456122039
ibr-36_ibr-26_2.txt 1024 1456122409 1456122409
ibr-36_ibr-26_3.txt 1024 1456122459 1456122459
ibr-36_ibr-26_4.txt 1024 1456124489 1456124489
ibr-36_ibr-31_1.txt 1024 1456122749 1456122749
ibr-36_ibr-31_2.txt 1024 1456123049 1456123049
ibr-36_ibr-31_3.txt 1024 1456123359 1456123359
ibr-36_ibr-31_4.txt 1024 1456123739 1456123739
ibr-36_ibr-31_5.txt 1024 1456123999 1456123999
ibr-36_ibr-31_6.txt 1024 1456124849 1456124849
ibr-36_ibr-41_1.txt 1024 1456122099 1456122099
ibr-36_ibr-41_2.txt 1024 1456122719 1456122719
ibr-36_ibr-41_3.txt 1024 1456122829 1456122829
ibr-36_ibr-41_4.txt 1024 1456124219 1456124219
ibr-36_ibr-42_1.txt 1024 1456122294 1456122294
ibr-36_ibr-46_1.txt 1024 1456122319 1456122319
ibr-36_ibr-46_2.txt 1024 1456123589 1456123589
ibr-36_ibr-46_3.txt 1024 1456124244 1456124244
ibr-36_ibr-46_4.txt 1024 1456124329 1456124329
ibr-36_ibr-46_5.txt 1024 1456124419 1456124419
ibr-36_ibr-46_6.txt 1024 1456124429 1456124429
ibr-36_ibr-50_1.txt 1024 1456124554 1456124554
ibr-36_ibr-51_1.txt 1024 1456122809 1456122809
ibr-36_ibr-51_2.txt 1024 1456123019 1456123019
ibr-36_ibr-51_3.txt 1024 1456123169 1456123169
ibr-36_ibr-51_4.txt 1024 1456123779 1456123779
ibr-36_ibr-51_5.txt 1024 1456124029 1456124029
ibr-36_ibr-51_6.txt 1024 1456124469 1456124469
ibr-36_ibr-51_7.txt 1024 1456124499 1456124499
ibr-36_ibr-51_8.txt 1024 1456124859 1456124859
ibr-36_ibr-53_1.txt 1024 1456122214 1456122214
ibr-36_ibr-56_1.txt 1024 1456122189 1456122189
ibr-36_ibr-56_2.txt 1024 1456122299 1456122299
ibr-36_ibr-56_3.txt 1024 1456122379 1456122379
ibr-36_ibr-56_4.txt 1024 1456122479 1456122479
ibr-36_ibr-56_5.txt 1024 1456122539 1456122539
ibr-36_ibr-56_6.txt 1024 1456122879 1456122879
ibr-36_ibr-56_7.txt 1024 1456123229 1456123229
ibr-36_ibr-56_8.txt 1024 1456123329 1456123329
ibr-36_ibr-56_9.txt 1024 1456124599 1456124599
ibr-36_ibr-6_1.txt 1024 1456121959 1456121959
ibr-36_ibr-6_2.txt 1024 1456123939 1456123939
ibr-36_ibr-6_3.txt 1024 1456124629 1456124629
ibr-37_ibr-11_1.txt 1024 1456123244 1456123244
ibr-37_ibr-19_1.txt 1024 1456122584 1456122584
ibr-37_ibr-23_1.txt 1024 1456123524 1456123524
ibr-37_ibr-41_1.txt 1024 1456123724 1456123724
ibr-37_ibr-4_1.txt 1024 1456123394 1456123394
ibr-37_ibr-42_1.txt 1024 1456122914 1456122914
ibr-37_ibr-7_1.txt 1024 1456123494 1456123494
ibr-38_ibr-12_1.txt 1024 1456123924 1456123924
ibr-38_ibr-20_1.txt 1024 1456123094 1456123094
ibr-38_ibr-32_1.txt 1024 1456122784 1456122784
ibr-38_ibr-39_1.txt 1024 1456122074 1456122074
ibr-38_ibr-42_1.txt 1024 1456123514 1456123514
ibr-38_ibr-45_1.txt 1024 1456122684 1456122684
ibr-38_ibr-45_2.txt 1024 1456124164 1456124164
ibr-38_ibr-46_1.txt 1024 1456122634 1456122634
ibr-38_ibr-47_1.txt 1024 1456123724 1456123724
ibr-38_ibr-48_1.txt 1024 1456122814 1456122814
ibr-38_ibr-51_1.txt 1024 1456124484 1456124484
ibr-38_ibr-55_1.txt 1024 1456124394 1456124394
ibr-39_ibr-13_1.txt 1024 1456124494 1456124494
ibr-39_ibr-15_1.txt 1024 1456122654 1456122654
ibr-39_ibr-23_1.txt 1024 1456123204 1456123204
ibr-39_ibr-29_1.txt 1024 1456124704 1456124704
ibr-39_ibr-41_1.txt 1024 1456123004 1456123004
ibr-39_ibr-50_1.txt 1024 1456124374 1456124374
ibr-39_ibr-52_1.txt 1024 1456122784 1456122784
ibr-39_ibr-54_1.txt 1024 1456123184 1456123184
ibr-39_ibr-6_1.txt 1024 1456124044 1456124044
ibr-39_ibr-6_2.txt 1024 1456124124 1456124124
ibr-3_ibr-10_1.txt 1024 1456124274 1456124274
ibr-3_ibr-12_1.txt 1024 1456122154 1456122154
ibr-3_ibr-18_1.txt 1024 1456124634 1456124634
ibr-3_ibr-39_1.txt 1024 1456123954 1456123954
ibr-3_ibr-4_1.txt 1024 1456122644 1456122644
ibr-3_ibr-45_1.txt 1024 1456124664 1456124664
ibr-3_ibr-49_1.txt 1024 1456124144 1456124144
ibr-3_ibr-5_1.txt 1024 1456123154 1456123154
ibr-40_ibr-14_1.txt 1024 1456122164 1456122164
ibr-40_ibr-26_1.txt 1024 1456122034 1456122034
ibr-40_ibr-27_1.txt 1024 1456123224 1456123224
ibr-40_ibr-31_1.txt 1024 1456123884 1456123884
ibr-40_ibr-3_1.txt 1024 1456122574 1456122574
ibr-40_ibr-32_1.txt 1024 1456124484 1456124484
ibr-40_ibr-34_1.txt 1024 1456123984 1456123984
ibr-40_ibr-35_1.txt 1024 1456122344 1456122344
ibr-40_ibr-37_1.txt 1024 1456123994 1456123994
ibr-40_ibr-38_1.txt 1024 1456123814 1456123814
ibr-40_ibr-39_1.txt 1024 1456123954 1456123954
ibr-40_ibr-4_1.txt 1024 1456123404 1456123404
ibr-40_ibr-42_1.txt 1024 1456124394 1456124394
ibr-40_ibr-48_1.txt 1024 1456122444 1456122444
ibr-41_ibr-10_1.txt 1024 1456122184 1456122184
ibr-41_ibr-10_2.txt 1024 1456124624 1456124624
ibr-41_ibr-11_1.txt 1024 1456122229 1456122229
ibr-41_ibr-11_2.txt 1024 1456123359 1456123359
ibr-41_ibr-11_3.txt 1024 1456124569 1456124569
ibr-41_ibr-11_4.txt 1024 1456124679 1456124679
ibr-41_ibr-1_1.txt 1024 1456122769 1456122769
ibr-41_ibr-1_2.txt 1024 1456123059 1456123059
ibr-41_ibr-1_3.txt 1024 1456124509 1456124509
ibr-41_ibr-1_4.txt 1024 1456124609 1456124609
ibr-41_ibr-16_1.txt 1024 1456123589 1456123589
ibr-41_ibr-16_2.txt 1024 1456123659 1456123659
ibr-41_ibr-16_3.txt 1024 1456123719 1456123719
ibr-41_ibr-16_4.txt 1024 1456124779 1456124779
ibr-41_ibr-16_5.txt 1024 1456124919 1456124919
ibr-41_ibr-19_1.txt 1024 1456122694 1456122694
ibr-41_ibr-21_1.txt 1024 1456122049 1456122049
ibr-41_ibr-21_2.txt 1024 1456122289 1456122289
ibr-41_ibr-21_3.txt 1024 1456122339 1456122339
ibr-41_ibr-21_4.txt 1024 1456123389 1456123389
ibr-41_ibr-21_5.txt 1024 1456123699 1456123699
ibr-41_ibr-21_6.txt 1024 1456123799 1456123799
ibr-41_ibr-21_7.txt 1024 1456124269 1456124269
ibr-41_ibr-21_8.txt 1024 1456124429 1456124429
ibr-41_ibr-25_1.txt 1024 1456124854 1456124854
ibr-41_ibr-30_1.txt 1024 1456124194 1456124194
ibr-41_ibr-31_1.txt 1024 1456123159 1456123159
ibr-41_ibr-31_2.txt 1024 1456123289 1456123289
ibr-41_ibr-31_3.txt 1024 1456123319 1456123319
ibr-41_ibr-36_1.txt 1024 1456122879 1456122879
ibr-41_ibr-36_2.txt 1024 1456123079 1456123079
ibr-41_ibr-36_3.txt 1024 1456124539 1456124539
ibr-41_ibr-37_1.txt 1024 1456123464 1456123464
ibr-41_ibr-43_1.txt 1024 1456122834 1456122834
ibr-41_ibr-46_1.txt 1024 1456121989 1456121989
ibr-41_ibr-46_2.txt 1024 1456122069 1456122069
ibr-41_ibr-46_3.txt 1024 1456122929 1456122929
ibr-41_ibr-46_4.txt 1024 1456123089 1456123089
ibr-41_ibr-46_5.txt 1024 1456123629 1456123629
ibr-41_ibr-46_6.txt 1024 1456124169 1456124169
ibr-41_ibr-51_1.txt 1024 1456122789 1456122789
ibr-41_ibr-51_2.txt 1024 1456123649 1456123649
ibr-41_ibr-51_3.txt 1024 1456123949 1456123949
ibr-41_ibr-51_4.txt 1024 1456123969 1456123969
ibr-41_ibr-51_5.txt 1024 1456124909 1456124909
ibr-41_ibr-56_1.txt 1024 1456122119 1456122119
ibr-41_ibr-56_2.txt 1024 1456122209 1456122209
ibr-41_ibr-56_3.txt 1024 1456122819 1456122819
ibr-41_ibr-56_4.txt 1024 1456123859 1456123859
ibr-41_ibr-56_5.txt 1024 1456123929 1456123929
ibr-41_ibr-56_6.txt 1024 1456124159 1456124159
ibr-41_ibr-56_7.txt 1024 1456124584 1456124584
ibr-41_ibr-56_8.txt 1024 1456124639 1456124639
ibr-41_ibr-6_1.txt 1024 1456122839 1456122839
ibr-41_ibr-6_2.txt 1024 1456122949 1456122949
ibr-41_ibr-6_3.txt 1024 1456124289 1456124289
ibr-41_ibr-6_4.txt 1024 1456124769 1456124769
ibr-42_ibr-14_1.txt 1024 1456122294 1456122294
ibr-42_ibr-24_1.txt 1024 1456123124 1456123124
ibr-42_ibr-25_1.txt 1024 1456123314 1456123314
ibr-42_ibr-26_1.txt 1024 1456124734 1456124734
ibr-42_ibr-29_1.txt 1024 1456123934 1456123934
ibr-42_ibr-33_1.txt 1024 1456123774 1456123774
ibr-42_ibr-35_1.txt 1024 1456123054 1456123054
ibr-42_ibr-37_1.txt 1024 1456124524 1456124524
ibr-42_ibr-44_1.txt 1024 1456122014 1456122014
ibr-42_ibr-44_2.txt 1024 1456122704 1456122704
ibr-42_ibr-50_1.txt 1024 1456124364 1456124364
ibr-42_ibr-5_1.txt 1024 1456123214 1456123214
ibr-43_ibr-12_1.txt 1024 1456124784 1456124784
ibr-43_ibr-19_1.txt 1024 1456122424 1456122424
ibr-43_ibr-28_1.txt 1024 1456123454 1456123454
ibr-43_ibr-4_1.txt 1024 1456123804 1456123804
ibr-43_ibr-42_1.txt 1024 1456124214 1456124214
ibr-43_ibr-48_1.txt 1024 1456124434 1456124434
ibr-43_ibr-55_1.txt 1024 1456122734 1456122734
ibr-43_ibr-7_1.txt 1024 1456124844 1456124844
ibr-44_ibr-12_1.txt 1024 1456122194 1456122194
ibr-44_ibr-15_1.txt 1024 1456124824 1456124824
ibr-44_ibr-19_1.txt 1024 1456122594 1456122594
ibr-44_ibr-21_1.txt 1024 1456124684 1456124684
ibr-44_ibr-23_1.txt 1024 1456122274 1456122274
ibr-44_ibr-27_1.txt 1024 1456122974 1456122974
ibr-44_ibr-35_1.txt 1024 1456123194 1456123194
ibr-44_ibr-36_1.txt 1024 1456122874 1456122874
ibr-44_ibr-39_1.txt 1024 1456122994 1456122994
ibr-44_ibr-4_1.txt 1024 1456123864 1456123864
ibr-44_ibr-4_2.txt 1024 1456124224 1456124224
ibr-44_ibr-51_1.txt 1024 1456124914 1456124914
ibr-44_ibr-53_1.txt 1024 1456124554 1456124554
ibr-45_ibr-17_1.txt 1024 1456124714 1456124714
ibr-45_ibr-22_1.txt 1024 1456124444 1456124444
ibr-45_ibr-31_1.txt 1024 1456122234 1456122234
ibr-45_ibr-32_1.txt 1024 1456122984 1456122984
ibr-45_ibr-32_2.txt 1024 1456123814 1456123814
ibr-45_ibr-35_1.txt 1024 1456122934 1456122934
ibr-45_ibr-44_1.txt 1024 1456123484 1456123484
ibr-45_ibr-47_1.txt 1024 1456123994 1456123994
ibr-45_ibr-8_1.txt 1024 1456122854 1456122854
ibr-46_ibr-11_1.txt 1024 1456122539 1456122539
ibr-46_ibr-11_2.txt 1024 1456123349 1456123349
ibr-46_ibr-11_3.txt 1024 1456123639 1456123639
ibr-46_ibr-11_4.txt 1024 1456123809 1456123809
ibr-46_ibr-11_5.txt 1024 1456124529 1456124529
ibr-46_ibr-1_1.txt 1024 1456122969 1456122969
ibr-46_ibr-1_2.txt 1024 1456123309 1456123309
ibr-46_ibr-1_3.txt 1024 1456123909 1456123909
ibr-46_ibr-1_4.txt 1024 1456124689 1456124689
ibr-46_ibr-16_1.txt 1024 1456122219 1456122219
ibr-46_ibr-16_2.txt 1024 1456122739 1456122739
ibr-46_ibr-21_1.txt 1024 1456122689 1456122689
ibr-46_ibr-21_2.txt 1024 1456122779 1456122779
ibr-46_ibr-21_3.txt 1024 1456123279 1456123279
ibr-46_ibr-21_4.txt 1024 1456123649 1456123649
ibr-46_ibr-21_5.txt 1024 1456123939 1456123939
ibr-46_ibr-21_6.txt 1024 1456123979 1456123979
ibr-46_ibr-21_7.txt 1024 1456124499 1456124499
ibr-46_ibr-26_1.txt 1024 1456122064 1456122064
ibr-46_ibr-26_2.txt 1024 1456122089 1456122089
ibr-46_ibr-26_3.txt 1024 1456122570 1456122570
ibr-46_ibr-26_4.txt 1024 1456122719 1456122719
ibr-46_ibr-26_5.txt 1024 1456122909 1456122909
ibr-46_ibr-26_6.txt 1024 1456124389 1456124389
ibr-46_ibr-26_7.txt 1024 1456124869 1456124869
ibr-46_ibr-30_1.txt 1024 1456122004 1456122004
ibr-46_ibr-31_1.txt 1024 1456122649 1456122649
ibr-46_ibr-31_2.txt 1024 1456122699 1456122699
ibr-46_ibr-31_3.txt 1024 1456123969 1456123969
ibr-46_ibr-31_4.txt 1024 1456124659 1456124659
ibr-46_ibr-31_5.txt 1024 1456124709 1456124709
ibr-46_ibr-36_10.txt 1024 1456124769 1456124769
ibr-46_ibr-36_1.txt 1024 1456122229 1456122229
ibr-46_ibr-36_2.txt 1024 1456122349 1456122349
ibr-46_ibr-36_3.txt 1024 1456122559 1456122559
ibr-46_ibr-36_4.txt 1024 1456122669 1456122669
ibr-46_ibr-36_5.txt 1024 1456123179 1456123179
ibr-46_ibr-36_6.txt 1024 1456123299 1456123299
ibr-46_ibr-36_7.txt 1024 1456123749 1456123749
ibr-46_ibr-36_8.txt 1024 1456124309 1456124309
ibr-46_ibr-36_9.txt 1024 1456124729 1456124729
ibr-46_ibr-39_1.txt 1024 1456121994 1456121994
ibr-46_ibr-41_1.txt 1024 1456122639 1456122639
ibr-46_ibr-41_2.txt 1024 1456122929 1456122929
ibr-46_ibr-41_3.txt 1024 1456123069 1456123069
ibr-46_ibr-41_4.txt 1024 1456123329 1456123329
ibr-46_ibr-41_5.txt 1024 1456123519 1456123519
ibr-46_ibr-43_1.txt 1024 1456124894 1456124894
ibr-46_ibr-48_1.txt 1024 1456122124 1456122124
ibr-46_ibr-51_1.txt 1024 1456121999 1456121999
ibr-46_ibr-51_2.txt 1024 1456122059 1456122059
ibr-46_ibr-51_3.txt 1024 1456122609 1456122609
ibr-46_ibr-51_4.txt 1024 1456123819 1456123819
ibr-46_ibr-51_5.txt 1024 1456123989 1456123989
ibr-46_ibr-55_1.txt 1024 1456122864 1456122864
ibr-46_ibr-56_1.txt 1024 1456123219 1456123219
ibr-46_ibr-56_2.txt 1024 1456124119 1456124119
ibr-46_ibr-6_1.txt 1024 1456122369 1456122369
ibr-46_ibr-6_2.txt 1024 1456123324 1456123324
ibr-46_ibr-6_3.txt 1024 1456123869 1456123869
ibr-46_ibr-6_4.txt 1024 1456124159 1456124159
ibr-46_ibr-6_5.txt 1024 1456124509 1456124509
ibr-46_ibr-6_6.txt 1024 1456124739 1456124739
ibr-47_ibr-13_1.txt 1024 1456124304 1456124304
ibr-47_ibr-16_1.txt 1024 1456123064 1456123064
ibr-47_ibr-17_1.txt 1024 1456122774 1456122774
ibr-47_ibr-20_1.txt 1024 1456121994 1456121994
ibr-47_ibr-27_1.txt 1024 1456122554 1456122554
ibr-47_ibr-27_2.txt 1024 1456124004 1456124004
ibr-47_ibr-4_1.txt 1024 1456123675 1456123675
ibr-47_ibr-46_1.txt 1024 1456123084 1456123084
ibr-47_ibr-46_2.txt 1024 1456124704 1456124704
ibr-48_ibr-13_1.txt 1024 1456122594 1456122594
ibr-48_ibr-19_1.txt 1024 1456123694 1456123694
ibr-48_ibr-2_1.txt 1024 1456122844 1456122844
ibr-48_ibr-27_1.txt 1024 1456123744 1456123744
ibr-48_ibr-3_1.txt 1024 1456124674 1456124674
ibr-48_ibr-32_1.txt 1024 1456124254 1456124254
ibr-48_ibr-34_1.txt 1024 1456124834 1456124834
ibr-48_ibr-37_1.txt 1024 1456122434 1456122434
ibr-48_ibr-38_1.txt 1024 1456122804 1456122804
ibr-48_ibr-45_1.txt 1024 1456124864 1456124864
ibr-48_ibr-47_1.txt 1024 1456123504 1456123504
ibr-48_ibr-8_1.txt 1024 1456124624 1456124624
ibr-49_ibr-16_1.txt 1024 1456124724 1456124724
ibr-49_ibr-22_1.txt 1024 1456122054 1456122054
ibr-49_ibr-29_1.txt 1024 1456123104 1456123104
ibr-49_ibr-34_1.txt 1024 1456124584 1456124584
ibr-49_ibr-35_1.txt 1024 1456124114 1456124114
ibr-49_ibr-37_1.txt 1024 1456122524 1456122524
ibr-49_ibr-40_1.txt 1024 1456124084 1456124084
ibr-49_ibr-5_1.txt 1024 1456123074 1456123074
ibr-49_ibr-52_1.txt 1024 1456122224 1456122224
ibr-49_ibr-53_1.txt 1024 1456123554 1456123554
ibr-49_ibr-54_1.txt 1024 1456124204 1456124204
ibr-4_ibr-15_1.txt 1024 1456124384 1456124384
ibr-4_ibr-26_1.txt 1024 1456123594 1456123594
ibr-4_ibr-38_1.txt 1024 1456124754 1456124754
ibr-4_ibr-40_1.txt 1024 1456122854 1456122854
ibr-4_ibr-42_1.txt 1024 1456123514 1456123514
ibr-4_ibr-56_1.txt 1024 1456123924 1456123924
ibr-4_ibr-9_1.txt 1024 1456122894 1456122894
ibr-50_ibr-11_1.txt 1024 1456122614 1456122614
ibr-50_ibr-16_1.txt 1024 1456124574 1456124574
ibr-50_ibr-20_1.txt 1024 1456123544 1456123544
ibr-50_ibr-24_1.txt 1024 1456123714 1456123714
ibr-50_ibr-25_1.txt 1024 1456122874 1456122874
ibr-50_ibr-30_1.txt 1024 1456124684 1456124684
ibr-50_ibr-31_1.txt 1024 1456123284 1456123284
ibr-50_ibr-31_2.txt 1024 1456123824 1456123824
ibr-50_ibr-3_1.txt 1024 1456122934 1456122934
ibr-50_ibr-32_1.txt 1024 1456124534 1456124534
ibr-50_ibr-34_1.txt 1024 1456124884 1456124884
ibr-50_ibr-37_1.txt 1024 1456123874 1456123874
ibr-50_ibr-4_1.txt 1024 1456123114 1456123114
ibr-50_ibr-42_1.txt 1024 1456122384 1456122384
ibr-50_ibr-43_1.txt 1024 1456123624 1456123624
ibr-50_ibr-47_1.txt 1024 1456122464 1456122464
ibr-50_ibr-49_1.txt 1024 1456124644 1456124644
ibr-50_ibr-5_1.txt 1024 1456124284 1456124284
ibr-50_ibr-8_1.txt 1024 1456123394 1456123394
ibr-51_ibr-11_1.txt 1024 1456121969 1456121969
ibr-51_ibr-11_2.txt 1024 1456123139 1456123139
ibr-51_ibr-11_3.txt 1024 1456123209 1456123209
ibr-51_ibr-11_4.txt 1024 1456123569 1456123569
ibr-51_ibr-11_5.txt 1024 1456123699 1456123699
ibr-51_ibr-11_6.txt 1024 1456124339 1456124339
ibr-51_ibr-11_7.txt 1024 1456124379 1456124379
ibr-51_ibr-1_1.txt 1024 1456123989 1456123989
ibr-51_ibr-1_2.txt 1024 1456124329 1456124329
ibr-51_ibr-1_3.txt 1024 1456124409 1456124409
ibr-51_ibr-1_4.txt 1024 1456124639 1456124639
ibr-51_ibr-1_5.txt 1024 1456124859 1456124859
ibr-51_ibr-16_1.txt 1024 1456122099 1456122099
ibr-51_ibr-16_2.txt 1024 1456122570 1456122570
ibr-51_ibr-16_3.txt 1024 1456122979 1456122979
ibr-51_ibr-16_4.txt 1024 1456123199 1456123199
ibr-51_ibr-16_5.txt 1024 1456123409 1456123409
ibr-51_ibr-16_6.txt 1024 1456124099 1456124099
ibr-51_ibr-16_7.txt 1024 1456124629 1456124629
ibr-51_ibr-16_8.txt 1024 1456124839 1456124839
ibr-51_ibr-17_1.txt 1024 1456124014 1456124014
ibr-51_ibr-21_1.txt 1024 1456122319 1456122319
ibr-51_ibr-21_2.txt 1024 1456122449 1456122449
ibr-51_ibr-21_3.txt 1024 1456122589 1456122589
ibr-51_ibr-21_4.txt 1024 1456122729 1456122729
ibr-51_ibr-21_5.txt 1024 1456123339 1456123339
ibr-51_ibr-21_6.txt 1024 1456124439 1456124439
ibr-51_ibr-26_1.txt 1024 1456122939 1456122939
ibr-51_ibr-26_2.txt 1024 1456123489 1456123489
ibr-51_ibr-31_1.txt 1024 1456122039 1456122039
ibr-51_ibr-31_2.txt 1024 1456122159 1456122159
ibr-51_ibr-31_3.txt 1024 1456122249 1456122249
ibr-51_ibr-31_4.txt 1024 1456122339 1456122339
ibr-51_ibr-31_5.txt 1024 1456123449 1456123449
ibr-51_ibr-31_6.txt 1024 1456123519 1456123519
ibr-51_ibr-31_7.txt 1024 1456124059 1456124059
ibr-51_ibr-31_8.txt 1024 1456124109 1456124109
ibr-51_ibr-31_9.txt 1024 1456124359 1456124359
ibr-51_ibr-33_1.txt 1024 1456124654 1456124654
ibr-51_ibr-36_1.txt 1024 1456123829 1456123829
ibr-51_ibr-36_2.txt 1024 1456124464 1456124464
ibr-51_ibr-36_3.txt 1024 1456124589 1456124589
ibr-51_ibr-41_1.txt 1024 1456121979 1456121979
ibr-51_ibr-41_2.txt 1024 1456122889 1456122889
ibr-51_ibr-41_3.txt 1024 1456124469 1456124469
ibr-51_ibr-46_1.txt 1024 1456122359 1456122359
ibr-51_ibr-46_2.txt 1024 1456124819 1456124819
ibr-51_ibr-56_1.txt 1024 1456123009 1456123009
ibr-51_ibr-56_2.txt 1024 1456123249 1456123249
ibr-51_ibr-56_3.txt 1024 1456123279 1456123279
ibr-51_ibr-56_4.txt 1024 1456124079 1456124079
ibr-51_ibr-56_5.txt 1024 1456124889 1456124889
ibr-51_ibr-6_1.txt 1024 1456122429 1456122429
ibr-51_ibr-6_2.txt 1024 1456122819 1456122819
ibr-51_ibr-6_3.txt 1024 1456123229 1456123229
ibr-51_ibr-6_4.txt 1024 1456123269 1456123269
ibr-51_ibr-6_5.txt 1024 1456123679 1456123679
ibr-51_ibr-6_6.txt 1024 1456123909 1456123909
ibr-51_ibr-6_7.txt 1024 1456123919 1456123919
ibr-51_ibr-7_1.txt 1024 1456124024 1456124024
ibr-52_ibr-14_1.txt 1024 1456122224 1456122224
ibr-52_ibr-19_1.txt 1024 1456123234 1456123234
ibr-52_ibr-24_1.txt 1024 1456124764 1456124764
ibr-52_ibr-36_1.txt 1024 1456124064 1456124064
ibr-52_ibr-51_1.txt 1024 1456122484 1456122484
ibr-52_ibr-54_1.txt 1024 1456122064 1456122064
ibr-53_ibr-15_1.txt 1024 1456122704 1456122704
ibr-53_ibr-2_1.txt 1024 1456124164 1456124164
ibr-53_ibr-24_1.txt 1024 1456124764 1456124764
ibr-53_ibr-26_1.txt 1024 1456122314 1456122314
ibr-53_ibr-35_1.txt 1024 1456123384 1456123384
ibr-53_ibr-36_1.txt 1024 1456124894 1456124894
ibr-53_ibr-43_1.txt 1024 1456122254 1456122254
ibr-53_ibr-45_1.txt 1024 1456122174 1456122174
ibr-53_ibr-47_1.txt 1024 1456124544 1456124544
ibr-53_ibr-51_1.txt 1024 1456124204 1456124204
ibr-53_ibr-6_1.txt 1024 1456124754 1456124754
ibr-54_ibr-10_1.txt 1024 1456122424 1456122424
ibr-54_ibr-12_1.txt 1024 1456124174 1456124174
ibr-54_ibr-25_1.txt 1024 1456123374 1456123374
ibr-54_ibr-25_2.txt 1024 1456124254 1456124254
ibr-54_ibr-30_1.txt 1024 1456124574 1456124574
ibr-54_ibr-3_1.txt 1024 1456123044 1456123044
ibr-54_ibr-32_1.txt 1024 1456123104 1456123104
ibr-54_ibr-40_1.txt 1024 1456124004 1456124004
ibr-54_ibr-47_1.txt 1024 1456124454 1456124454
ibr-54_ibr-52_1.txt 1024 1456123364 1456123364
ibr-54_ibr-53_1.txt 1024 1456123234 1456123234
ibr-55_ibr-28_1.txt 1024 1456122344 1456122344
ibr-55_ibr-29_1.txt 1024 1456124274 1456124274
ibr-55_ibr-30_1.txt 1024 1456124034 1456124034
ibr-55_ibr-36_1.txt 1024 1456122724 1456122724
ibr-55_ibr-37_1.txt 1024 1456122274 1456122274
ibr-55_ibr-41_1.txt 1024 1456123154 1456123154
ibr-55_ibr-52_1.txt 1024 1456123864 1456123864
ibr-55_ibr-54_1.txt 1024 1456123444 1456123444
ibr-56_ibr-13_1.txt 1024 1456123764 1456123764
ibr-56_ibr-16_1.txt 1024 1456123144 1456123144
ibr-56_ibr-16_2.txt 1024 1456124094 1456124094
ibr-56_ibr-17_1.txt 1024 1456122244 1456122244
ibr-56_ibr-25_1.txt 1024 1456124424 1456124424
ibr-56_ibr-33_1.txt 1024 1456121954 1456121954
ibr-56_ibr-41_1.txt 1024 1456124314 1456124314
ibr-56_ibr-43_1.txt 1024 1456123964 1456123964
ibr-56_ibr-46_1.txt 1024 1456122504 1456122504
ibr-56_ibr-48_1.txt 1024 1456122414 1456122414
ibr-56_ibr-51_1.txt 1024 1456124404 1456124404
ibr-56_ibr-54_1.txt 1024 1456122944 1456122944
ibr-5_ibr-13_1.txt 1024 1456124304 1456124304
ibr-5_ibr-14_1.txt 1024 1456124194 1456124194
ibr-5_ibr-19_1.txt 1024 1456121964 1456121964
ibr-5_ibr-23_1.txt 1024 1456123904 1456123904
ibr-5_ibr-23_2.txt 1024 1456123934 1456123934
ibr-5_ibr-32_1.txt 1024 1456123604 1456123604
ibr-5_ibr-36_1.txt 1024 1456122024 1456122024
ibr-5_ibr-36_2.txt 1024 1456123444 1456123444
ibr-5_ibr-42_1.txt 1024 1456122774 1456122774
ibr-5_ibr-43_1.txt 1024 1456122084 1456122084
ibr-5_ibr-49_1.txt 1024 1456122204 1456122204
ibr-5_ibr-49_2.txt 1024 1456122944 1456122944
ibr-6_ibr-11_1.txt 1024 1456123564 1456123564
ibr-6_ibr-11_2.txt 1024 1456123619 1456123619
ibr-6_ibr-11_3.txt 1024 1456123639 1456123639
ibr-6_ibr-11_4.txt 1024 1456123849 1456123849
ibr-6_ibr-1_1.txt 1024 1456122549 1456122549
ibr-6_ibr-1_2.txt 1024 1456123709 1456123709
ibr-6_ibr-1_3.txt 1024 1456124229 1456124229
ibr-6_ibr-15_1.txt 1024 1456122054 1456122054
ibr-6_ibr-16_1.txt 1024 1456122139 1456122139
ibr-6_ibr-16_2.txt 1024 1456122189 1456122189
ibr-6_ibr-16_3.txt 1024 1456122534 1456122534
ibr-6_ibr-16_4.txt 1024 1456122734 1456122734
ibr-6_ibr-16_5.txt 1024 1456123009 1456123009
ibr-6_ibr-16_6.txt 1024 1456123379 1456123379
ibr-6_ibr-16_7.txt 1024 1456123509 1456123509
ibr-6_ibr-16_8.txt 1024 1456123879 1456123879
ibr-6_ibr-21_10.txt 1024 1456124854 1456124854
ibr-6_ibr-21_1.txt 1024 1456122089 1456122089
ibr-6_ibr-21_2.txt 1024 1456122509 1456122509
ibr-6_ibr-21_3.txt 1024 1456122864 1456122864
ibr-6_ibr-21_4.txt 1024 1456122884 1456122884
ibr-6_ibr-21_5.txt 1024 1456123099 1456123099
ibr-6_ibr-21_6.txt 1024 1456123169 1456123169
ibr-6_ibr-21_7.txt 1024 1456124039 1456124039
ibr-6_ibr-21_8.txt 1024 1456124479 1456124479
ibr-6_ibr-21_9.txt 1024 1456124789 1456124789
ibr-6_ibr-26_1.txt 1024 1456122859 1456122859
ibr-6_ibr-26_2.txt 1024 1456123019 1456123019
ibr-6_ibr-26_3.txt 1024 1456123899 1456123899
ibr-6_ibr-26_4.txt 1024 1456124369 1456124369
ibr-6_ibr-26_5.txt 1024 1456124414 1456124414
ibr-6_ibr-26_6.txt 1024 1456124449 1456124449
ibr-6_ibr-26_7.txt 1024 1456124739 1456124739
ibr-6_ibr-28_1.txt 1024 1456122804 1456122804
ibr-6_ibr-31_1.txt 1024 1456122639 1456122639
ibr-6_ibr-31_2.txt 1024 1456123459 1456123459
ibr-6_ibr-31_3.txt 1024 1456123729 1456123729
ibr-6_ibr-31_4.txt 1024 1456123799 1456123799
ibr-6_ibr-31_5.txt 1024 1456124169 1456124169
ibr-6_ibr-31_6.txt 1024 1456124269 1456124269
ibr-6_ibr-32_1.txt 1024 1456122764 1456122764
ibr-6_ibr-33_1.txt 1024 1456122134 1456122134
ibr-6_ibr-36_1.txt 1024 1456122359 1456122359
ibr-6_ibr-36_2.txt 1024 1456124249 1456124249
ibr-6_ibr-36_3.txt 1024 1456124319 1456124319
ibr-6_ibr-36_4.txt 1024 1456124519 1456124519
ibr-6_ibr-41_1.txt 1024 1456122079 1456122079
ibr-6_ibr-41_2.txt 1024 1456122489 1456122489
ibr-6_ibr-41_3.txt 1024 1456123599 1456123599
ibr-6_ibr-41_4.txt 1024 1456123634 1456123634
ibr-6_ibr-41_5.txt 1024 1456123789 1456123789
ibr-6_ibr-41_6.txt 1024 1456124239 1456124239
ibr-6_ibr-4_1.txt 1024 1456122814 1456122814
ibr-6_ibr-46_1.txt 1024 1456121969 1456121969
ibr-6_ibr-46_2.txt 1024 1456123759 1456123759
ibr-6_ibr-46_3.txt 1024 1456123839 1456123839
ibr-6_ibr-50_1.txt 1024 1456122754 1456122754
ibr-6_ibr-51_1.txt 1024 1456122129 1456122129
ibr-6_ibr-51_2.txt 1024 1456122149 1456122149
ibr-6_ibr-51_3.txt 1024 1456123889 1456123889
ibr-6_ibr-51_4.txt 1024 1456124129 1456124129
ibr-6_ibr-51_5.txt 1024 1456124549 1456124549
ibr-6_ibr-51_6.txt 1024 1456124594 1456124594
ibr-6_ibr-56_1.txt 1024 1456123339 1456123339
ibr-6_ibr-56_2.txt 1024 1456124669 1456124669
ibr-6_ibr-56_3.txt 1024 1456124819 1456124819
ibr-6_ibr-7_1.txt 1024 1456124494 1456124494
ibr-7_ibr-11_1.txt 1024 1456123254 1456123254
ibr-7_ibr-11_2.txt 1024 1456124664 1456124664
ibr-7_ibr-13_1.txt 1024 1456122954 1456122954
ibr-7_ibr-24_1.txt 1024 1456122414 1456122414
ibr-7_ibr-24_2.txt 1024 1456123224 1456123224
ibr-7_ibr-24_3.txt 1024 1456124294 1456124294
ibr-7_ibr-27_1.txt 1024 1456122394 1456122394
ibr-7_ibr-36_1.txt 1024 1456122324 1456122324
ibr-7_ibr-37_1.txt 1024 1456124184 1456124184
ibr-7_ibr-38_1.txt 1024 1456122994 1456122994
ibr-7_ibr-48_1.txt 1024 1456122124 1456122124
ibr-7_ibr-56_1.txt 1024 1456123584 1456123584
ibr-7_ibr-6_1.txt 1024 1456123014 1456123014
ibr-7_ibr-8_1.txt 1024 1456123744 1456123744
ibr-8_ibr-10_1.txt 1024 1456121974 1456121974
ibr-8_ibr-13_1.txt 1024 1456124604 1456124604
ibr-8_ibr-20_1.txt 1024 1456122204 1456122204
ibr-8_ibr-30_1.txt 1024 1456122924 1456122924
ibr-8_ibr-30_2.txt 1024 1456123964 1456123964
ibr-8_ibr-31_1.txt 1024 1456123675 1456123675
ibr-8_ibr-36_1.txt 1024 1456123884 1456123884
ibr-8_ibr-47_1.txt 1024 1456122434 1456122434
ibr-8_ibr-48_1.txt 1024 1456124724 1456124724
ibr-8_ibr-53_1.txt 1024 1456122074 1456122074
ibr-8_ibr-7_1.txt 1024 1456124424 1456124424
ibr-8_ibr-7_2.txt 1024 1456124474 1456124474
ibr-9_ibr-10_1.txt 1024 1456124354 1456124354
ibr-9_ibr-15_1.txt 1024 1456123024 1456123024
ibr-9_ibr-16_1.txt 1024 1456122184 1456122184
ibr-9_ibr-18_1.txt 1024 1456124334 1456124334
ibr-9_ibr-22_1.txt 1024 1456124714 1456124714
ibr-9_ibr-25_1.txt 1024 1456123574 1456123574
ibr-9_ibr-33_1.txt 1024 1456124174 1456124174
ibr-9_ibr-37_1.txt 1024 1456124504 1456124504
ibr-9_ibr-43_1.txt 1024 1456124804 1456124804
ibr-9_ibr-45_1.txt 1024 1456123714 1456123714
ibr-9_ibr-49_1.txt 1024 1456122394 1456122394
ibr-9_ibr-49_2.txt 1024 1456123304 1456123304
ibr-9_ibr-56_1.txt 1024 1456123784 1456123784
