# name size  create_time reach_time
ibr-10_ibr-22_1.txt 1024 1456036239 1456036239
ibr-10_ibr-23_1.txt 1024 1456036579 1456036579
ibr-10_ibr-24_1.txt 1024 1456038069 1456038069
ibr-10_ibr-28_1.txt 1024 1456036559 1456036559
ibr-10_ibr-33_1.txt 1024 1456037159 1456037159
ibr-10_ibr-40_1.txt 1024 1456037529 1456037529
ibr-10_ibr-41_1.txt 1024 1456036360 1456036360
ibr-10_ibr-41_2.txt 1024 1456037029 1456037029
ibr-10_ibr-42_1.txt 1024 1456037909 1456037909
ibr-10_ibr-49_1.txt 1024 1456036489 1456036489
ibr-10_ibr-49_2.txt 1024 1456037059 1456037059
ibr-10_ibr-49_3.txt 1024 1456037369 1456037369
ibr-10_ibr-50_1.txt 1024 1456037069 1456037069
ibr-10_ibr-50_2.txt 1024 1456037699 1456037699
ibr-10_ibr-53_1.txt 1024 1456036649 1456036649
ibr-11_ibr-1_1.txt 1024 1456036804 1456036804
ibr-11_ibr-12_1.txt 1024 1456038149 1456038149
ibr-11_ibr-1_2.txt 1024 1456037234 1456037234
ibr-11_ibr-1_3.txt 1024 1456037594 1456037594
ibr-11_ibr-14_1.txt 1024 1456036679 1456036679
ibr-11_ibr-1_4.txt 1024 1456038044 1456038044
ibr-11_ibr-1_5.txt 1024 1456038584 1456038584
ibr-11_ibr-16_1.txt 1024 1456036164 1456036164
ibr-11_ibr-16_2.txt 1024 1456036554 1456036554
ibr-11_ibr-16_3.txt 1024 1456036664 1456036664
ibr-11_ibr-16_4.txt 1024 1456037024 1456037024
ibr-11_ibr-16_5.txt 1024 1456037134 1456037134
ibr-11_ibr-16_6.txt 1024 1456037154 1456037154
ibr-11_ibr-1_6.txt 1024 1456038914 1456038914
ibr-11_ibr-1_7.txt 1024 1456038924 1456038924
ibr-11_ibr-21_1.txt 1024 1456036154 1456036154
ibr-11_ibr-21_2.txt 1024 1456036244 1456036244
ibr-11_ibr-21_3.txt 1024 1456037464 1456037464
ibr-11_ibr-21_4.txt 1024 1456037474 1456037474
ibr-11_ibr-21_5.txt 1024 1456037524 1456037524
ibr-11_ibr-21_6.txt 1024 1456038084 1456038084
ibr-11_ibr-21_7.txt 1024 1456038124 1456038124
ibr-11_ibr-21_8.txt 1024 1456038804 1456038804
ibr-11_ibr-26_1.txt 1024 1456035934 1456035934
ibr-11_ibr-26_2.txt 1024 1456036114 1456036114
ibr-11_ibr-26_3.txt 1024 1456036944 1456036944
ibr-11_ibr-26_4.txt 1024 1456036954 1456036954
ibr-11_ibr-26_5.txt 1024 1456037784 1456037784
ibr-11_ibr-26_6.txt 1024 1456038454 1456038454
ibr-11_ibr-26_7.txt 1024 1456038664 1456038664
ibr-11_ibr-28_1.txt 1024 1456038589 1456038589
ibr-11_ibr-29_1.txt 1024 1456036599 1456036599
ibr-11_ibr-30_1.txt 1024 1456038089 1456038089
ibr-11_ibr-31_1.txt 1024 1456036344 1456036344
ibr-11_ibr-31_2.txt 1024 1456036434 1456036434
ibr-11_ibr-31_3.txt 1024 1456037314 1456037314
ibr-11_ibr-31_4.txt 1024 1456037454 1456037454
ibr-11_ibr-36_1.txt 1024 1456036254 1456036254
ibr-11_ibr-36_2.txt 1024 1456036444 1456036444
ibr-11_ibr-36_3.txt 1024 1456036484 1456036484
ibr-11_ibr-36_4.txt 1024 1456037434 1456037434
ibr-11_ibr-36_5.txt 1024 1456038364 1456038364
ibr-11_ibr-40_1.txt 1024 1456036489 1456036489
ibr-11_ibr-41_1.txt 1024 1456036004 1456036004
ibr-11_ibr-41_2.txt 1024 1456036044 1456036044
ibr-11_ibr-41_3.txt 1024 1456036394 1456036394
ibr-11_ibr-41_4.txt 1024 1456036704 1456036704
ibr-11_ibr-41_5.txt 1024 1456036864 1456036864
ibr-11_ibr-41_6.txt 1024 1456037664 1456037664
ibr-11_ibr-41_7.txt 1024 1456038134 1456038134
ibr-11_ibr-44_1.txt 1024 1456036659 1456036659
ibr-11_ibr-51_1.txt 1024 1456036174 1456036174
ibr-11_ibr-51_2.txt 1024 1456036194 1456036194
ibr-11_ibr-51_3.txt 1024 1456036324 1456036324
ibr-11_ibr-51_4.txt 1024 1456036574 1456036574
ibr-11_ibr-51_5.txt 1024 1456038844 1456038844
ibr-11_ibr-53_1.txt 1024 1456036789 1456036789
ibr-11_ibr-55_1.txt 1024 1456036039 1456036039
ibr-11_ibr-56_1.txt 1024 1456036234 1456036234
ibr-11_ibr-56_2.txt 1024 1456037214 1456037214
ibr-11_ibr-56_3.txt 1024 1456037744 1456037744
ibr-11_ibr-56_4.txt 1024 1456037884 1456037884
ibr-11_ibr-56_5.txt 1024 1456038374 1456038374
ibr-11_ibr-56_6.txt 1024 1456038594 1456038594
ibr-11_ibr-56_7.txt 1024 1456038894 1456038894
ibr-11_ibr-6_1.txt 1024 1456037064 1456037064
ibr-11_ibr-6_2.txt 1024 1456037819 1456037819
ibr-11_ibr-6_3.txt 1024 1456038345 1456038345
ibr-11_ibr-6_4.txt 1024 1456038564 1456038564
ibr-12_ibr-17_1.txt 1024 1456038009 1456038009
ibr-12_ibr-19_1.txt 1024 1456038599 1456038599
ibr-12_ibr-21_1.txt 1024 1456038379 1456038379
ibr-12_ibr-23_1.txt 1024 1456037259 1456037259
ibr-12_ibr-24_1.txt 1024 1456036449 1456036449
ibr-12_ibr-25_1.txt 1024 1456037789 1456037789
ibr-12_ibr-26_1.txt 1024 1456038769 1456038769
ibr-12_ibr-56_1.txt 1024 1456036349 1456036349
ibr-13_ibr-14_1.txt 1024 1456038039 1456038039
ibr-13_ibr-22_1.txt 1024 1456036669 1456036669
ibr-13_ibr-28_1.txt 1024 1456036079 1456036079
ibr-13_ibr-29_1.txt 1024 1456038859 1456038859
ibr-13_ibr-30_1.txt 1024 1456038829 1456038829
ibr-13_ibr-36_1.txt 1024 1456037579 1456037579
ibr-13_ibr-38_1.txt 1024 1456036159 1456036159
ibr-13_ibr-40_1.txt 1024 1456036399 1456036399
ibr-13_ibr-47_1.txt 1024 1456038229 1456038229
ibr-13_ibr-47_2.txt 1024 1456038399 1456038399
ibr-13_ibr-48_1.txt 1024 1456037939 1456037939
ibr-13_ibr-8_1.txt 1024 1456037399 1456037399
ibr-14_ibr-16_1.txt 1024 1456036889 1456036889
ibr-14_ibr-29_1.txt 1024 1456037329 1456037329
ibr-14_ibr-29_2.txt 1024 1456038239 1456038239
ibr-14_ibr-3_1.txt 1024 1456036509 1456036509
ibr-15_ibr-24_1.txt 1024 1456037779 1456037779
ibr-15_ibr-38_1.txt 1024 1456038289 1456038289
ibr-15_ibr-39_1.txt 1024 1456036599 1456036599
ibr-15_ibr-43_1.txt 1024 1456037359 1456037359
ibr-15_ibr-49_1.txt 1024 1456038880 1456038880
ibr-15_ibr-5_1.txt 1024 1456038509 1456038509
ibr-15_ibr-55_1.txt 1024 1456036229 1456036229
ibr-15_ibr-6_1.txt 1024 1456037319 1456037319
ibr-16_ibr-11_1.txt 1024 1456037854 1456037854
ibr-16_ibr-11_2.txt 1024 1456038204 1456038204
ibr-16_ibr-1_1.txt 1024 1456035954 1456035954
ibr-16_ibr-12_1.txt 1024 1456038839 1456038839
ibr-16_ibr-1_2.txt 1024 1456036404 1456036404
ibr-16_ibr-1_3.txt 1024 1456037554 1456037554
ibr-16_ibr-1_4.txt 1024 1456037604 1456037604
ibr-16_ibr-15_1.txt 1024 1456037129 1456037129
ibr-16_ibr-15_2.txt 1024 1456038229 1456038229
ibr-16_ibr-1_5.txt 1024 1456037764 1456037764
ibr-16_ibr-1_6.txt 1024 1456038484 1456038484
ibr-16_ibr-1_7.txt 1024 1456038514 1456038514
ibr-16_ibr-20_1.txt 1024 1456036999 1456036999
ibr-16_ibr-21_1.txt 1024 1456036234 1456036234
ibr-16_ibr-21_2.txt 1024 1456036464 1456036464
ibr-16_ibr-21_3.txt 1024 1456037494 1456037494
ibr-16_ibr-23_1.txt 1024 1456036839 1456036839
ibr-16_ibr-26_1.txt 1024 1456037124 1456037124
ibr-16_ibr-26_2.txt 1024 1456038784 1456038784
ibr-16_ibr-31_1.txt 1024 1456038544 1456038544
ibr-16_ibr-37_1.txt 1024 1456037419 1456037419
ibr-16_ibr-40_1.txt 1024 1456035939 1456035939
ibr-16_ibr-41_10.txt 1024 1456038429 1456038429
ibr-16_ibr-41_11.txt 1024 1456038674 1456038674
ibr-16_ibr-41_1.txt 1024 1456035974 1456035974
ibr-16_ibr-41_2.txt 1024 1456036024 1456036024
ibr-16_ibr-41_3.txt 1024 1456036364 1456036364
ibr-16_ibr-41_4.txt 1024 1456036594 1456036594
ibr-16_ibr-41_5.txt 1024 1456036834 1456036834
ibr-16_ibr-41_6.txt 1024 1456037544 1456037544
ibr-16_ibr-41_7.txt 1024 1456037814 1456037814
ibr-16_ibr-41_8.txt 1024 1456038094 1456038094
ibr-16_ibr-41_9.txt 1024 1456038314 1456038314
ibr-16_ibr-44_1.txt 1024 1456036909 1456036909
ibr-16_ibr-46_1.txt 1024 1456036014 1456036014
ibr-16_ibr-46_2.txt 1024 1456036374 1456036374
ibr-16_ibr-46_3.txt 1024 1456037034 1456037034
ibr-16_ibr-46_4.txt 1024 1456037434 1456037434
ibr-16_ibr-46_5.txt 1024 1456037954 1456037954
ibr-16_ibr-46_6.txt 1024 1456038014 1456038014
ibr-16_ibr-46_7.txt 1024 1456038754 1456038754
ibr-16_ibr-51_1.txt 1024 1456036124 1456036124
ibr-16_ibr-51_2.txt 1024 1456037044 1456037044
ibr-16_ibr-51_3.txt 1024 1456037574 1456037574
ibr-16_ibr-51_4.txt 1024 1456037824 1456037824
ibr-16_ibr-51_5.txt 1024 1456038049 1456038049
ibr-16_ibr-51_6.txt 1024 1456038604 1456038604
ibr-16_ibr-51_7.txt 1024 1456038794 1456038794
ibr-16_ibr-54_1.txt 1024 1456037589 1456037589
ibr-16_ibr-56_1.txt 1024 1456036264 1456036264
ibr-16_ibr-56_2.txt 1024 1456036324 1456036324
ibr-16_ibr-56_3.txt 1024 1456036439 1456036439
ibr-16_ibr-56_4.txt 1024 1456036894 1456036894
ibr-16_ibr-56_5.txt 1024 1456037684 1456037684
ibr-16_ibr-6_10.txt 1024 1456038194 1456038194
ibr-16_ibr-6_11.txt 1024 1456038744 1456038744
ibr-16_ibr-6_12.txt 1024 1456038824 1456038824
ibr-16_ibr-6_1.txt 1024 1456035944 1456035944
ibr-16_ibr-6_2.txt 1024 1456036379 1456036379
ibr-16_ibr-6_3.txt 1024 1456036504 1456036504
ibr-16_ibr-6_4.txt 1024 1456036514 1456036514
ibr-16_ibr-6_5.txt 1024 1456036544 1456036544
ibr-16_ibr-6_6.txt 1024 1456037104 1456037104
ibr-16_ibr-6_7.txt 1024 1456037384 1456037384
ibr-16_ibr-6_8.txt 1024 1456037534 1456037534
ibr-16_ibr-6_9.txt 1024 1456038034 1456038034
ibr-16_ibr-7_1.txt 1024 1456038309 1456038309
ibr-16_ibr-7_2.txt 1024 1456038359 1456038359
ibr-16_ibr-8_1.txt 1024 1456037899 1456037899
ibr-17_ibr-10_1.txt 1024 1456036949 1456036949
ibr-17_ibr-11_1.txt 1024 1456037839 1456037839
ibr-17_ibr-12_1.txt 1024 1456037449 1456037449
ibr-17_ibr-19_1.txt 1024 1456038869 1456038869
ibr-17_ibr-2_1.txt 1024 1456038079 1456038079
ibr-17_ibr-26_1.txt 1024 1456038209 1456038209
ibr-17_ibr-28_1.txt 1024 1456037239 1456037239
ibr-17_ibr-30_1.txt 1024 1456037459 1456037459
ibr-17_ibr-3_1.txt 1024 1456036539 1456036539
ibr-17_ibr-50_1.txt 1024 1456036299 1456036299
ibr-17_ibr-50_2.txt 1024 1456036739 1456036739
ibr-17_ibr-7_1.txt 1024 1456038449 1456038449
ibr-18_ibr-15_1.txt 1024 1456037539 1456037539
ibr-18_ibr-19_1.txt 1024 1456037019 1456037019
ibr-18_ibr-21_1.txt 1024 1456036719 1456036719
ibr-18_ibr-2_1.txt 1024 1456037609 1456037609
ibr-18_ibr-24_1.txt 1024 1456038559 1456038559
ibr-18_ibr-36_1.txt 1024 1456036369 1456036369
ibr-18_ibr-39_1.txt 1024 1456038179 1456038179
ibr-18_ibr-4_1.txt 1024 1456038789 1456038789
ibr-18_ibr-51_1.txt 1024 1456037599 1456037599
ibr-18_ibr-53_1.txt 1024 1456037269 1456037269
ibr-18_ibr-54_1.txt 1024 1456038129 1456038129
ibr-18_ibr-7_1.txt 1024 1456037869 1456037869
ibr-19_ibr-12_1.txt 1024 1456037829 1456037829
ibr-19_ibr-18_1.txt 1024 1456036709 1456036709
ibr-19_ibr-22_1.txt 1024 1456036519 1456036519
ibr-19_ibr-30_1.txt 1024 1456037939 1456037939
ibr-19_ibr-35_1.txt 1024 1456038739 1456038739
ibr-19_ibr-40_1.txt 1024 1456037849 1456037849
ibr-19_ibr-44_1.txt 1024 1456038319 1456038319
ibr-19_ibr-44_2.txt 1024 1456038369 1456038369
ibr-19_ibr-46_1.txt 1024 1456036689 1456036689
ibr-19_ibr-47_1.txt 1024 1456037889 1456037889
ibr-19_ibr-55_1.txt 1024 1456037339 1456037339
ibr-19_ibr-9_1.txt 1024 1456037499 1456037499
ibr-1_ibr-11_1.txt 1024 1456035984 1456035984
ibr-1_ibr-11_2.txt 1024 1456036104 1456036104
ibr-1_ibr-11_3.txt 1024 1456036704 1456036704
ibr-1_ibr-11_4.txt 1024 1456037254 1456037254
ibr-1_ibr-11_5.txt 1024 1456037944 1456037944
ibr-1_ibr-11_6.txt 1024 1456038144 1456038144
ibr-1_ibr-11_7.txt 1024 1456038724 1456038724
ibr-1_ibr-16_1.txt 1024 1456036194 1456036194
ibr-1_ibr-16_2.txt 1024 1456036694 1456036694
ibr-1_ibr-16_3.txt 1024 1456036754 1456036754
ibr-1_ibr-16_4.txt 1024 1456037204 1456037204
ibr-1_ibr-16_5.txt 1024 1456038254 1456038254
ibr-1_ibr-21_1.txt 1024 1456036274 1456036274
ibr-1_ibr-21_2.txt 1024 1456037024 1456037024
ibr-1_ibr-21_3.txt 1024 1456037424 1456037424
ibr-1_ibr-26_1.txt 1024 1456037404 1456037404
ibr-1_ibr-26_2.txt 1024 1456037544 1456037544
ibr-1_ibr-26_3.txt 1024 1456037864 1456037864
ibr-1_ibr-26_4.txt 1024 1456038215 1456038215
ibr-1_ibr-31_1.txt 1024 1456037524 1456037524
ibr-1_ibr-31_2.txt 1024 1456037604 1456037604
ibr-1_ibr-36_1.txt 1024 1456035934 1456035934
ibr-1_ibr-36_2.txt 1024 1456036764 1456036764
ibr-1_ibr-36_3.txt 1024 1456036794 1456036794
ibr-1_ibr-36_4.txt 1024 1456038054 1456038054
ibr-1_ibr-41_1.txt 1024 1456037174 1456037174
ibr-1_ibr-41_2.txt 1024 1456037734 1456037734
ibr-1_ibr-41_3.txt 1024 1456038274 1456038274
ibr-1_ibr-46_1.txt 1024 1456036684 1456036684
ibr-1_ibr-46_2.txt 1024 1456037474 1456037474
ibr-1_ibr-46_3.txt 1024 1456037534 1456037534
ibr-1_ibr-46_4.txt 1024 1456038834 1456038834
ibr-1_ibr-51_1.txt 1024 1456037674 1456037674
ibr-1_ibr-51_2.txt 1024 1456037684 1456037684
ibr-1_ibr-56_1.txt 1024 1456036614 1456036614
ibr-1_ibr-56_2.txt 1024 1456037114 1456037114
ibr-1_ibr-56_3.txt 1024 1456037184 1456037184
ibr-1_ibr-56_4.txt 1024 1456037194 1456037194
ibr-1_ibr-56_5.txt 1024 1456037364 1456037364
ibr-1_ibr-56_6.txt 1024 1456037924 1456037924
ibr-1_ibr-56_7.txt 1024 1456038184 1456038184
ibr-1_ibr-6_1.txt 1024 1456036394 1456036394
ibr-1_ibr-6_2.txt 1024 1456036774 1456036774
ibr-1_ibr-6_3.txt 1024 1456036894 1456036894
ibr-1_ibr-6_4.txt 1024 1456037054 1456037054
ibr-1_ibr-6_5.txt 1024 1456037374 1456037374
ibr-1_ibr-6_6.txt 1024 1456038554 1456038554
ibr-1_ibr-6_7.txt 1024 1456038904 1456038904
ibr-20_ibr-10_1.txt 1024 1456038439 1456038439
ibr-20_ibr-15_1.txt 1024 1456036619 1456036619
ibr-20_ibr-17_1.txt 1024 1456036639 1456036639
ibr-20_ibr-17_2.txt 1024 1456038609 1456038609
ibr-20_ibr-23_1.txt 1024 1456037609 1456037609
ibr-20_ibr-28_1.txt 1024 1456038109 1456038109
ibr-20_ibr-31_1.txt 1024 1456037379 1456037379
ibr-20_ibr-3_1.txt 1024 1456038499 1456038499
ibr-20_ibr-34_1.txt 1024 1456036349 1456036349
ibr-20_ibr-4_1.txt 1024 1456036129 1456036129
ibr-20_ibr-47_1.txt 1024 1456036739 1456036739
ibr-20_ibr-47_2.txt 1024 1456036959 1456036959
ibr-20_ibr-50_1.txt 1024 1456036279 1456036279
ibr-20_ibr-52_1.txt 1024 1456036669 1456036669
ibr-20_ibr-55_1.txt 1024 1456036369 1456036369
ibr-20_ibr-56_1.txt 1024 1456037169 1456037169
ibr-21_ibr-11_1.txt 1024 1456036434 1456036434
ibr-21_ibr-11_2.txt 1024 1456036914 1456036914
ibr-21_ibr-11_3.txt 1024 1456038004 1456038004
ibr-21_ibr-11_4.txt 1024 1456038224 1456038224
ibr-21_ibr-1_1.txt 1024 1456036214 1456036214
ibr-21_ibr-1_2.txt 1024 1456037484 1456037484
ibr-21_ibr-1_3.txt 1024 1456037834 1456037834
ibr-21_ibr-14_1.txt 1024 1456037769 1456037769
ibr-21_ibr-1_4.txt 1024 1456038064 1456038064
ibr-21_ibr-1_5.txt 1024 1456038174 1456038174
ibr-21_ibr-16_1.txt 1024 1456036644 1456036644
ibr-21_ibr-16_2.txt 1024 1456036784 1456036784
ibr-21_ibr-16_3.txt 1024 1456037144 1456037144
ibr-21_ibr-16_4.txt 1024 1456037244 1456037244
ibr-21_ibr-16_5.txt 1024 1456037414 1456037414
ibr-21_ibr-16_6.txt 1024 1456037494 1456037494
ibr-21_ibr-16_7.txt 1024 1456037724 1456037724
ibr-21_ibr-16_8.txt 1024 1456038339 1456038339
ibr-21_ibr-16_9.txt 1024 1456038444 1456038444
ibr-21_ibr-1_6.txt 1024 1456038344 1456038345
ibr-21_ibr-18_1.txt 1024 1456037749 1456037749
ibr-21_ibr-26_1.txt 1024 1456036464 1456036464
ibr-21_ibr-26_2.txt 1024 1456037974 1456037974
ibr-21_ibr-26_3.txt 1024 1456038044 1456038044
ibr-21_ibr-26_4.txt 1024 1456038204 1456038204
ibr-21_ibr-31_1.txt 1024 1456036074 1456036074
ibr-21_ibr-31_2.txt 1024 1456036329 1456036329
ibr-21_ibr-31_3.txt 1024 1456036584 1456036584
ibr-21_ibr-31_4.txt 1024 1456036674 1456036674
ibr-21_ibr-31_5.txt 1024 1456038074 1456038074
ibr-21_ibr-31_6.txt 1024 1456038294 1456038294
ibr-21_ibr-31_7.txt 1024 1456038684 1456038684
ibr-21_ibr-34_1.txt 1024 1456037649 1456037649
ibr-21_ibr-36_1.txt 1024 1456036494 1456036494
ibr-21_ibr-36_2.txt 1024 1456036614 1456036614
ibr-21_ibr-36_3.txt 1024 1456037184 1456037184
ibr-21_ibr-36_4.txt 1024 1456037394 1456037394
ibr-21_ibr-36_5.txt 1024 1456037424 1456037424
ibr-21_ibr-36_6.txt 1024 1456037714 1456037714
ibr-21_ibr-36_7.txt 1024 1456038119 1456038119
ibr-21_ibr-39_1.txt 1024 1456037729 1456037729
ibr-21_ibr-41_1.txt 1024 1456036384 1456036384
ibr-21_ibr-41_2.txt 1024 1456036594 1456036594
ibr-21_ibr-41_3.txt 1024 1456036904 1456036904
ibr-21_ibr-41_4.txt 1024 1456038614 1456038614
ibr-21_ibr-41_5.txt 1024 1456038654 1456038654
ibr-21_ibr-46_1.txt 1024 1456036134 1456036134
ibr-21_ibr-46_2.txt 1024 1456036414 1456036414
ibr-21_ibr-46_3.txt 1024 1456036524 1456036524
ibr-21_ibr-46_4.txt 1024 1456038234 1456038234
ibr-21_ibr-46_5.txt 1024 1456038394 1456038394
ibr-21_ibr-46_6.txt 1024 1456038404 1456038404
ibr-21_ibr-46_7.txt 1024 1456038649 1456038649
ibr-21_ibr-47_1.txt 1024 1456035999 1456035999
ibr-21_ibr-51_1.txt 1024 1456036474 1456036474
ibr-21_ibr-51_2.txt 1024 1456037104 1456037104
ibr-21_ibr-51_3.txt 1024 1456037124 1456037124
ibr-21_ibr-5_1.txt 1024 1456037299 1456037299
ibr-21_ibr-55_1.txt 1024 1456036659 1456036659
ibr-21_ibr-56_1.txt 1024 1456035944 1456035944
ibr-21_ibr-56_2.txt 1024 1456036164 1456036164
ibr-21_ibr-56_3.txt 1024 1456037234 1456037234
ibr-21_ibr-56_4.txt 1024 1456037774 1456037774
ibr-21_ibr-56_5.txt 1024 1456038194 1456038194
ibr-21_ibr-56_6.txt 1024 1456038774 1456038774
ibr-21_ibr-6_1.txt 1024 1456035994 1456035994
ibr-21_ibr-6_2.txt 1024 1456036014 1456036014
ibr-21_ibr-6_3.txt 1024 1456036984 1456036984
ibr-21_ibr-6_4.txt 1024 1456037344 1456037344
ibr-21_ibr-6_5.txt 1024 1456038574 1456038574
ibr-21_ibr-8_1.txt 1024 1456035959 1456035959
ibr-22_ibr-15_1.txt 1024 1456037969 1456037969
ibr-22_ibr-19_1.txt 1024 1456038669 1456038669
ibr-22_ibr-2_1.txt 1024 1456037419 1456037419
ibr-22_ibr-24_1.txt 1024 1456037909 1456037909
ibr-22_ibr-25_1.txt 1024 1456038779 1456038779
ibr-22_ibr-35_1.txt 1024 1456038099 1456038099
ibr-22_ibr-40_1.txt 1024 1456036279 1456036279
ibr-22_ibr-40_2.txt 1024 1456038319 1456038319
ibr-22_ibr-4_1.txt 1024 1456038629 1456038629
ibr-22_ibr-47_1.txt 1024 1456038559 1456038559
ibr-22_ibr-49_1.txt 1024 1456038259 1456038259
ibr-22_ibr-52_1.txt 1024 1456038769 1456038769
ibr-22_ibr-9_1.txt 1024 1456035969 1456035969
ibr-23_ibr-16_1.txt 1024 1456035979 1456035979
ibr-23_ibr-19_1.txt 1024 1456037049 1456037049
ibr-23_ibr-21_1.txt 1024 1456038049 1456038049
ibr-23_ibr-25_1.txt 1024 1456037169 1456037169
ibr-23_ibr-30_1.txt 1024 1456038279 1456038279
ibr-23_ibr-31_1.txt 1024 1456037039 1456037039
ibr-23_ibr-31_2.txt 1024 1456038919 1456038919
ibr-23_ibr-34_1.txt 1024 1456036089 1456036089
ibr-23_ibr-44_1.txt 1024 1456037429 1456037429
ibr-23_ibr-47_1.txt 1024 1456037029 1456037029
ibr-23_ibr-49_1.txt 1024 1456038469 1456038469
ibr-23_ibr-51_1.txt 1024 1456037679 1456037679
ibr-23_ibr-52_1.txt 1024 1456036329 1456036329
ibr-24_ibr-16_1.txt 1024 1456037639 1456037639
ibr-24_ibr-22_1.txt 1024 1456036709 1456036709
ibr-24_ibr-26_1.txt 1024 1456036099 1456036099
ibr-24_ibr-32_1.txt 1024 1456037699 1456037699
ibr-24_ibr-36_1.txt 1024 1456036209 1456036209
ibr-24_ibr-38_1.txt 1024 1456037629 1456037629
ibr-24_ibr-41_1.txt 1024 1456036959 1456036959
ibr-24_ibr-41_2.txt 1024 1456037179 1456037179
ibr-24_ibr-4_1.txt 1024 1456036360 1456036360
ibr-24_ibr-9_1.txt 1024 1456036899 1456036899
ibr-25_ibr-13_1.txt 1024 1456038809 1456038809
ibr-25_ibr-23_1.txt 1024 1456038059 1456038059
ibr-25_ibr-24_1.txt 1024 1456037479 1456037479
ibr-25_ibr-29_1.txt 1024 1456036099 1456036099
ibr-25_ibr-29_2.txt 1024 1456036299 1456036299
ibr-25_ibr-40_1.txt 1024 1456037969 1456037969
ibr-25_ibr-42_1.txt 1024 1456037649 1456037649
ibr-25_ibr-53_1.txt 1024 1456036249 1456036249
ibr-25_ibr-53_2.txt 1024 1456037279 1456037279
ibr-25_ibr-53_3.txt 1024 1456037679 1456037679
ibr-25_ibr-54_1.txt 1024 1456037289 1456037289
ibr-25_ibr-55_1.txt 1024 1456036899 1456036899
ibr-25_ibr-55_2.txt 1024 1456037569 1456037569
ibr-25_ibr-56_1.txt 1024 1456036149 1456036149
ibr-25_ibr-56_2.txt 1024 1456036169 1456036169
ibr-25_ibr-6_1.txt 1024 1456037199 1456037199
ibr-25_ibr-7_1.txt 1024 1456037349 1456037349
ibr-26_ibr-11_1.txt 1024 1456036104 1456036104
ibr-26_ibr-11_2.txt 1024 1456036994 1456036994
ibr-26_ibr-11_3.txt 1024 1456037894 1456037894
ibr-26_ibr-11_4.txt 1024 1456037954 1456037954
ibr-26_ibr-11_5.txt 1024 1456038024 1456038024
ibr-26_ibr-1_1.txt 1024 1456038744 1456038744
ibr-26_ibr-16_1.txt 1024 1456036624 1456036624
ibr-26_ibr-16_2.txt 1024 1456036964 1456036964
ibr-26_ibr-16_3.txt 1024 1456036974 1456036974
ibr-26_ibr-16_4.txt 1024 1456037114 1456037114
ibr-26_ibr-16_5.txt 1024 1456037754 1456037754
ibr-26_ibr-16_6.txt 1024 1456038254 1456038254
ibr-26_ibr-16_7.txt 1024 1456038434 1456038434
ibr-26_ibr-16_8.txt 1024 1456038644 1456038644
ibr-26_ibr-17_1.txt 1024 1456036979 1456036979
ibr-26_ibr-19_1.txt 1024 1456037249 1456037249
ibr-26_ibr-20_1.txt 1024 1456037119 1456037119
ibr-26_ibr-21_1.txt 1024 1456036274 1456036274
ibr-26_ibr-21_2.txt 1024 1456036604 1456036604
ibr-26_ibr-21_3.txt 1024 1456036824 1456036824
ibr-26_ibr-21_4.txt 1024 1456036984 1456036984
ibr-26_ibr-21_5.txt 1024 1456037464 1456037464
ibr-26_ibr-21_6.txt 1024 1456038294 1456038294
ibr-26_ibr-21_7.txt 1024 1456038754 1456038754
ibr-26_ibr-23_1.txt 1024 1456038909 1456038909
ibr-26_ibr-31_1.txt 1024 1456036254 1456036254
ibr-26_ibr-31_2.txt 1024 1456036674 1456036674
ibr-26_ibr-31_3.txt 1024 1456036819 1456036819
ibr-26_ibr-31_4.txt 1024 1456036844 1456036844
ibr-26_ibr-31_5.txt 1024 1456037284 1456037284
ibr-26_ibr-31_6.txt 1024 1456038714 1456038714
ibr-26_ibr-35_1.txt 1024 1456036029 1456036029
ibr-26_ibr-36_1.txt 1024 1456036514 1456036514
ibr-26_ibr-36_2.txt 1024 1456038004 1456038004
ibr-26_ibr-36_3.txt 1024 1456038414 1456038414
ibr-26_ibr-36_4.txt 1024 1456038554 1456038554
ibr-26_ibr-37_1.txt 1024 1456036469 1456036469
ibr-26_ibr-41_1.txt 1024 1456036054 1456036054
ibr-26_ibr-41_2.txt 1024 1456036064 1456036064
ibr-26_ibr-41_3.txt 1024 1456036304 1456036304
ibr-26_ibr-41_4.txt 1024 1456036494 1456036494
ibr-26_ibr-41_5.txt 1024 1456037304 1456037304
ibr-26_ibr-41_6.txt 1024 1456038104 1456038104
ibr-26_ibr-41_7.txt 1024 1456038139 1456038139
ibr-26_ibr-41_8.txt 1024 1456038174 1456038174
ibr-26_ibr-42_1.txt 1024 1456037079 1456037079
ibr-26_ibr-46_1.txt 1024 1456036174 1456036174
ibr-26_ibr-46_2.txt 1024 1456036524 1456036524
ibr-26_ibr-46_3.txt 1024 1456037264 1456037264
ibr-26_ibr-46_4.txt 1024 1456038114 1456038114
ibr-26_ibr-47_1.txt 1024 1456037639 1456037639
ibr-26_ibr-48_1.txt 1024 1456036499 1456036499
ibr-26_ibr-51_1.txt 1024 1456036724 1456036724
ibr-26_ibr-51_2.txt 1024 1456037394 1456037394
ibr-26_ibr-51_3.txt 1024 1456037804 1456037804
ibr-26_ibr-51_4.txt 1024 1456038384 1456038384
ibr-26_ibr-51_5.txt 1024 1456038474 1456038474
ibr-26_ibr-51_6.txt 1024 1456038614 1456038614
ibr-26_ibr-52_1.txt 1024 1456036539 1456036539
ibr-26_ibr-52_2.txt 1024 1456037409 1456037409
ibr-26_ibr-53_1.txt 1024 1456038219 1456038219
ibr-26_ibr-56_1.txt 1024 1456036294 1456036294
ibr-26_ibr-56_2.txt 1024 1456037844 1456037844
ibr-26_ibr-56_3.txt 1024 1456038284 1456038284
ibr-26_ibr-6_1.txt 1024 1456037294 1456037294
ibr-26_ibr-6_2.txt 1024 1456037704 1456037704
ibr-26_ibr-6_3.txt 1024 1456038274 1456038274
ibr-26_ibr-6_4.txt 1024 1456038704 1456038704
ibr-26_ibr-6_5.txt 1024 1456038874 1456038874
ibr-26_ibr-6_6.txt 1024 1456038924 1456038924
ibr-26_ibr-8_1.txt 1024 1456036009 1456036009
ibr-27_ibr-16_1.txt 1024 1456037089 1456037089
ibr-27_ibr-33_1.txt 1024 1456036629 1456036629
ibr-27_ibr-33_2.txt 1024 1456037839 1456037839
ibr-27_ibr-37_1.txt 1024 1456038259 1456038259
ibr-27_ibr-47_1.txt 1024 1456037109 1456037109
ibr-27_ibr-51_1.txt 1024 1456038639 1456038639
ibr-28_ibr-10_1.txt 1024 1456038899 1456038899
ibr-28_ibr-17_1.txt 1024 1456037009 1456037009
ibr-28_ibr-18_1.txt 1024 1456038409 1456038409
ibr-28_ibr-27_1.txt 1024 1456038729 1456038729
ibr-28_ibr-3_1.txt 1024 1456037339 1456037339
ibr-28_ibr-34_1.txt 1024 1456038919 1456038919
ibr-28_ibr-4_1.txt 1024 1456037889 1456037889
ibr-28_ibr-42_1.txt 1024 1456036479 1456036479
ibr-28_ibr-42_2.txt 1024 1456037759 1456037759
ibr-28_ibr-48_1.txt 1024 1456038689 1456038689
ibr-28_ibr-51_1.txt 1024 1456037409 1456037409
ibr-28_ibr-56_1.txt 1024 1456038519 1456038519
ibr-28_ibr-9_1.txt 1024 1456038819 1456038819
ibr-29_ibr-20_1.txt 1024 1456038739 1456038739
ibr-29_ibr-2_1.txt 1024 1456036619 1456036619
ibr-29_ibr-39_1.txt 1024 1456037829 1456037829
ibr-29_ibr-47_1.txt 1024 1456037789 1456037789
ibr-29_ibr-5_1.txt 1024 1456036529 1456036529
ibr-29_ibr-52_1.txt 1024 1456036819 1456036819
ibr-29_ibr-52_2.txt 1024 1456037259 1456037259
ibr-2_ibr-14_1.txt 1024 1456036829 1456036829
ibr-2_ibr-29_1.txt 1024 1456036469 1456036469
ibr-2_ibr-30_1.txt 1024 1456036559 1456036559
ibr-2_ibr-42_1.txt 1024 1456036879 1456036879
ibr-2_ibr-48_1.txt 1024 1456036969 1456036969
ibr-2_ibr-48_2.txt 1024 1456037189 1456037189
ibr-2_ibr-50_1.txt 1024 1456036449 1456036449
ibr-2_ibr-53_1.txt 1024 1456036549 1456036549
ibr-2_ibr-54_1.txt 1024 1456036789 1456036789
ibr-2_ibr-7_1.txt 1024 1456037689 1456037689
ibr-2_ibr-7_2.txt 1024 1456038509 1456038509
ibr-30_ibr-17_1.txt 1024 1456036609 1456036609
ibr-30_ibr-18_1.txt 1024 1456036039 1456036039
ibr-30_ibr-24_1.txt 1024 1456038809 1456038809
ibr-30_ibr-36_1.txt 1024 1456037469 1456037469
ibr-30_ibr-40_1.txt 1024 1456036569 1456036569
ibr-30_ibr-41_1.txt 1024 1456037749 1456037749
ibr-30_ibr-44_1.txt 1024 1456037159 1456037159
ibr-30_ibr-45_1.txt 1024 1456037559 1456037559
ibr-30_ibr-50_1.txt 1024 1456037519 1456037519
ibr-30_ibr-50_2.txt 1024 1456038869 1456038869
ibr-31_ibr-11_1.txt 1024 1456036744 1456036744
ibr-31_ibr-11_2.txt 1024 1456037564 1456037564
ibr-31_ibr-11_3.txt 1024 1456038524 1456038524
ibr-31_ibr-11_4.txt 1024 1456038894 1456038894
ibr-31_ibr-1_1.txt 1024 1456036004 1456036004
ibr-31_ibr-1_2.txt 1024 1456036954 1456036954
ibr-31_ibr-1_3.txt 1024 1456037414 1456037414
ibr-31_ibr-1_4.txt 1024 1456038014 1456038014
ibr-31_ibr-1_5.txt 1024 1456038244 1456038244
ibr-31_ibr-16_1.txt 1024 1456037144 1456037144
ibr-31_ibr-16_2.txt 1024 1456037444 1456037444
ibr-31_ibr-16_3.txt 1024 1456038694 1456038694
ibr-31_ibr-20_1.txt 1024 1456036139 1456036139
ibr-31_ibr-20_2.txt 1024 1456037429 1456037429
ibr-31_ibr-21_1.txt 1024 1456036624 1456036624
ibr-31_ibr-21_2.txt 1024 1456037574 1456037574
ibr-31_ibr-21_3.txt 1024 1456037624 1456037624
ibr-31_ibr-21_4.txt 1024 1456038874 1456038874
ibr-31_ibr-26_1.txt 1024 1456036304 1456036304
ibr-31_ibr-26_2.txt 1024 1456036454 1456036454
ibr-31_ibr-26_3.txt 1024 1456036749 1456036749
ibr-31_ibr-26_4.txt 1024 1456036864 1456036864
ibr-31_ibr-26_5.txt 1024 1456037034 1456037034
ibr-31_ibr-26_6.txt 1024 1456037994 1456037994
ibr-31_ibr-26_7.txt 1024 1456038084 1456038084
ibr-31_ibr-26_8.txt 1024 1456038644 1456038644
ibr-31_ibr-26_9.txt 1024 1456038804 1456038804
ibr-31_ibr-33_1.txt 1024 1456036089 1456036089
ibr-31_ibr-34_1.txt 1024 1456036399 1456036399
ibr-31_ibr-35_1.txt 1024 1456038349 1456038349
ibr-31_ibr-36_1.txt 1024 1456036284 1456036284
ibr-31_ibr-36_2.txt 1024 1456036414 1456036414
ibr-31_ibr-36_3.txt 1024 1456036654 1456036654
ibr-31_ibr-36_4.txt 1024 1456037914 1456037914
ibr-31_ibr-36_5.txt 1024 1456038454 1456038454
ibr-31_ibr-36_6.txt 1024 1456038884 1456038884
ibr-31_ibr-38_1.txt 1024 1456038329 1456038329
ibr-31_ibr-41_10.txt 1024 1456038864 1456038864
ibr-31_ibr-41_1.txt 1024 1456035979 1456035979
ibr-31_ibr-41_2.txt 1024 1456036024 1456036024
ibr-31_ibr-41_3.txt 1024 1456036574 1456036574
ibr-31_ibr-41_4.txt 1024 1456036854 1456036854
ibr-31_ibr-41_5.txt 1024 1456037094 1456037094
ibr-31_ibr-41_6.txt 1024 1456037654 1456037654
ibr-31_ibr-41_7.txt 1024 1456038184 1456038184
ibr-31_ibr-41_8.txt 1024 1456038394 1456038394
ibr-31_ibr-41_9.txt 1024 1456038534 1456038534
ibr-31_ibr-46_1.txt 1024 1456036264 1456036264
ibr-31_ibr-46_2.txt 1024 1456036424 1456036424
ibr-31_ibr-46_3.txt 1024 1456036884 1456036884
ibr-31_ibr-46_4.txt 1024 1456036934 1456036934
ibr-31_ibr-46_5.txt 1024 1456036994 1456036994
ibr-31_ibr-46_6.txt 1024 1456037074 1456037074
ibr-31_ibr-46_7.txt 1024 1456037504 1456037504
ibr-31_ibr-46_8.txt 1024 1456037874 1456037874
ibr-31_ibr-46_9.txt 1024 1456038144 1456038144
ibr-31_ibr-51_1.txt 1024 1456038064 1456038064
ibr-31_ibr-54_1.txt 1024 1456036759 1456036759
ibr-31_ibr-56_1.txt 1024 1456036384 1456036384
ibr-31_ibr-56_2.txt 1024 1456036844 1456036844
ibr-31_ibr-56_3.txt 1024 1456037139 1456037139
ibr-31_ibr-56_4.txt 1024 1456037764 1456037764
ibr-31_ibr-6_1.txt 1024 1456036144 1456036144
ibr-31_ibr-6_2.txt 1024 1456036204 1456036204
ibr-31_ibr-6_3.txt 1024 1456036914 1456036914
ibr-31_ibr-6_4.txt 1024 1456037084 1456037085
ibr-31_ibr-6_5.txt 1024 1456037664 1456037664
ibr-31_ibr-6_6.txt 1024 1456038794 1456038794
ibr-32_ibr-12_1.txt 1024 1456038099 1456038099
ibr-32_ibr-16_1.txt 1024 1456037349 1456037349
ibr-32_ibr-19_1.txt 1024 1456037469 1456037469
ibr-32_ibr-21_1.txt 1024 1456036459 1456036459
ibr-32_ibr-40_1.txt 1024 1456035949 1456035949
ibr-32_ibr-50_1.txt 1024 1456037549 1456037549
ibr-32_ibr-54_1.txt 1024 1456037289 1456037289
ibr-33_ibr-13_1.txt 1024 1456038689 1456038689
ibr-33_ibr-14_1.txt 1024 1456037659 1456037659
ibr-33_ibr-19_1.txt 1024 1456037269 1456037269
ibr-33_ibr-20_1.txt 1024 1456036509 1456036509
ibr-33_ibr-22_1.txt 1024 1456036259 1456036259
ibr-33_ibr-31_1.txt 1024 1456037329 1456037329
ibr-33_ibr-34_1.txt 1024 1456038609 1456038609
ibr-33_ibr-39_1.txt 1024 1456038149 1456038149
ibr-33_ibr-4_1.txt 1024 1456037729 1456037729
ibr-33_ibr-43_1.txt 1024 1456036109 1456036109
ibr-33_ibr-46_1.txt 1024 1456038069 1456038069
ibr-33_ibr-47_1.txt 1024 1456038799 1456038799
ibr-33_ibr-48_1.txt 1024 1456038019 1456038019
ibr-33_ibr-49_1.txt 1024 1456038339 1456038339
ibr-33_ibr-53_1.txt 1024 1456036319 1456036319
ibr-33_ibr-56_1.txt 1024 1456036019 1456036019
ibr-34_ibr-18_1.txt 1024 1456038899 1456038899
ibr-34_ibr-20_1.txt 1024 1456036259 1456036259
ibr-34_ibr-20_2.txt 1024 1456038459 1456038459
ibr-34_ibr-22_1.txt 1024 1456037309 1456037309
ibr-34_ibr-23_1.txt 1024 1456037129 1456037129
ibr-34_ibr-25_1.txt 1024 1456037979 1456037979
ibr-34_ibr-26_1.txt 1024 1456036139 1456036139
ibr-34_ibr-38_1.txt 1024 1456037849 1456037849
ibr-34_ibr-39_1.txt 1024 1456037529 1456037529
ibr-34_ibr-4_1.txt 1024 1456038129 1456038129
ibr-34_ibr-48_1.txt 1024 1456037209 1456037209
ibr-34_ibr-50_1.txt 1024 1456037619 1456037619
ibr-34_ibr-9_1.txt 1024 1456037659 1456037659
ibr-35_ibr-10_1.txt 1024 1456036189 1456036189
ibr-35_ibr-17_1.txt 1024 1456038789 1456038789
ibr-35_ibr-23_1.txt 1024 1456036109 1456036109
ibr-35_ibr-29_1.txt 1024 1456037489 1456037489
ibr-35_ibr-33_1.txt 1024 1456035939 1456035939
ibr-35_ibr-8_1.txt 1024 1456038029 1456038029
ibr-36_ibr-10_1.txt 1024 1456036309 1456036309
ibr-36_ibr-11_1.txt 1024 1456036754 1456036754
ibr-36_ibr-11_2.txt 1024 1456037364 1456037364
ibr-36_ibr-11_3.txt 1024 1456037554 1456037554
ibr-36_ibr-11_4.txt 1024 1456037799 1456037799
ibr-36_ibr-11_5.txt 1024 1456038304 1456038304
ibr-36_ibr-1_1.txt 1024 1456036734 1456036734
ibr-36_ibr-1_2.txt 1024 1456037614 1456037614
ibr-36_ibr-1_3.txt 1024 1456038134 1456038134
ibr-36_ibr-1_4.txt 1024 1456038824 1456038824
ibr-36_ibr-16_1.txt 1024 1456036654 1456036654
ibr-36_ibr-16_2.txt 1024 1456036794 1456036794
ibr-36_ibr-16_3.txt 1024 1456037254 1456037254
ibr-36_ibr-16_4.txt 1024 1456038334 1456038334
ibr-36_ibr-16_5.txt 1024 1456038354 1456038354
ibr-36_ibr-16_6.txt 1024 1456038529 1456038529
ibr-36_ibr-16_7.txt 1024 1456038694 1456038694
ibr-36_ibr-21_1.txt 1024 1456036919 1456036919
ibr-36_ibr-21_2.txt 1024 1456038574 1456038574
ibr-36_ibr-21_3.txt 1024 1456038714 1456038714
ibr-36_ibr-25_1.txt 1024 1456038539 1456038539
ibr-36_ibr-26_1.txt 1024 1456036034 1456036034
ibr-36_ibr-26_2.txt 1024 1456036404 1456036404
ibr-36_ibr-26_3.txt 1024 1456036454 1456036454
ibr-36_ibr-26_4.txt 1024 1456038484 1456038484
ibr-36_ibr-31_1.txt 1024 1456036744 1456036744
ibr-36_ibr-31_2.txt 1024 1456037044 1456037044
ibr-36_ibr-31_3.txt 1024 1456037354 1456037354
ibr-36_ibr-31_4.txt 1024 1456037734 1456037734
ibr-36_ibr-31_5.txt 1024 1456037994 1456037994
ibr-36_ibr-31_6.txt 1024 1456038844 1456038844
ibr-36_ibr-41_1.txt 1024 1456036094 1456036094
ibr-36_ibr-41_2.txt 1024 1456036714 1456036714
ibr-36_ibr-41_3.txt 1024 1456036824 1456036824
ibr-36_ibr-41_4.txt 1024 1456038215 1456038215
ibr-36_ibr-42_1.txt 1024 1456036289 1456036289
ibr-36_ibr-46_1.txt 1024 1456036314 1456036314
ibr-36_ibr-46_2.txt 1024 1456037584 1456037584
ibr-36_ibr-46_3.txt 1024 1456038239 1456038239
ibr-36_ibr-46_4.txt 1024 1456038324 1456038324
ibr-36_ibr-46_5.txt 1024 1456038414 1456038414
ibr-36_ibr-46_6.txt 1024 1456038424 1456038424
ibr-36_ibr-50_1.txt 1024 1456038549 1456038549
ibr-36_ibr-51_1.txt 1024 1456036804 1456036804
ibr-36_ibr-51_2.txt 1024 1456037014 1456037014
ibr-36_ibr-51_3.txt 1024 1456037164 1456037164
ibr-36_ibr-51_4.txt 1024 1456037774 1456037774
ibr-36_ibr-51_5.txt 1024 1456038024 1456038024
ibr-36_ibr-51_6.txt 1024 1456038464 1456038464
ibr-36_ibr-51_7.txt 1024 1456038494 1456038494
ibr-36_ibr-51_8.txt 1024 1456038854 1456038854
ibr-36_ibr-53_1.txt 1024 1456036209 1456036209
ibr-36_ibr-56_1.txt 1024 1456036184 1456036184
ibr-36_ibr-56_2.txt 1024 1456036294 1456036294
ibr-36_ibr-56_3.txt 1024 1456036374 1456036374
ibr-36_ibr-56_4.txt 1024 1456036474 1456036474
ibr-36_ibr-56_5.txt 1024 1456036534 1456036534
ibr-36_ibr-56_6.txt 1024 1456036874 1456036874
ibr-36_ibr-56_7.txt 1024 1456037224 1456037224
ibr-36_ibr-56_8.txt 1024 1456037324 1456037324
ibr-36_ibr-56_9.txt 1024 1456038594 1456038594
ibr-36_ibr-6_1.txt 1024 1456035954 1456035954
ibr-36_ibr-6_2.txt 1024 1456037934 1456037934
ibr-36_ibr-6_3.txt 1024 1456038624 1456038624
ibr-37_ibr-11_1.txt 1024 1456037239 1456037239
ibr-37_ibr-19_1.txt 1024 1456036579 1456036579
ibr-37_ibr-23_1.txt 1024 1456037519 1456037519
ibr-37_ibr-41_1.txt 1024 1456037719 1456037719
ibr-37_ibr-4_1.txt 1024 1456037389 1456037389
ibr-37_ibr-42_1.txt 1024 1456036909 1456036909
ibr-37_ibr-7_1.txt 1024 1456037489 1456037489
ibr-38_ibr-12_1.txt 1024 1456037919 1456037919
ibr-38_ibr-20_1.txt 1024 1456037089 1456037089
ibr-38_ibr-32_1.txt 1024 1456036779 1456036779
ibr-38_ibr-39_1.txt 1024 1456036069 1456036069
ibr-38_ibr-42_1.txt 1024 1456037509 1456037509
ibr-38_ibr-45_1.txt 1024 1456036679 1456036679
ibr-38_ibr-45_2.txt 1024 1456038159 1456038159
ibr-38_ibr-46_1.txt 1024 1456036629 1456036629
ibr-38_ibr-47_1.txt 1024 1456037719 1456037719
ibr-38_ibr-48_1.txt 1024 1456036809 1456036809
ibr-38_ibr-51_1.txt 1024 1456038479 1456038479
ibr-38_ibr-55_1.txt 1024 1456038389 1456038389
ibr-39_ibr-13_1.txt 1024 1456038489 1456038489
ibr-39_ibr-15_1.txt 1024 1456036649 1456036649
ibr-39_ibr-23_1.txt 1024 1456037199 1456037199
ibr-39_ibr-29_1.txt 1024 1456038699 1456038699
ibr-39_ibr-41_1.txt 1024 1456036999 1456036999
ibr-39_ibr-50_1.txt 1024 1456038369 1456038369
ibr-39_ibr-52_1.txt 1024 1456036779 1456036779
ibr-39_ibr-54_1.txt 1024 1456037179 1456037179
ibr-39_ibr-6_1.txt 1024 1456038039 1456038039
ibr-39_ibr-6_2.txt 1024 1456038119 1456038119
ibr-3_ibr-10_1.txt 1024 1456038269 1456038269
ibr-3_ibr-12_1.txt 1024 1456036149 1456036149
ibr-3_ibr-18_1.txt 1024 1456038629 1456038629
ibr-3_ibr-39_1.txt 1024 1456037949 1456037949
ibr-3_ibr-4_1.txt 1024 1456036639 1456036639
ibr-3_ibr-45_1.txt 1024 1456038659 1456038659
ibr-3_ibr-49_1.txt 1024 1456038139 1456038139
ibr-3_ibr-5_1.txt 1024 1456037149 1456037149
ibr-40_ibr-14_1.txt 1024 1456036159 1456036159
ibr-40_ibr-26_1.txt 1024 1456036029 1456036029
ibr-40_ibr-27_1.txt 1024 1456037219 1456037219
ibr-40_ibr-31_1.txt 1024 1456037879 1456037879
ibr-40_ibr-3_1.txt 1024 1456036569 1456036569
ibr-40_ibr-32_1.txt 1024 1456038479 1456038479
ibr-40_ibr-34_1.txt 1024 1456037979 1456037979
ibr-40_ibr-35_1.txt 1024 1456036339 1456036339
ibr-40_ibr-37_1.txt 1024 1456037989 1456037989
ibr-40_ibr-38_1.txt 1024 1456037809 1456037809
ibr-40_ibr-39_1.txt 1024 1456037949 1456037949
ibr-40_ibr-4_1.txt 1024 1456037399 1456037399
ibr-40_ibr-42_1.txt 1024 1456038389 1456038389
ibr-40_ibr-48_1.txt 1024 1456036439 1456036439
ibr-41_ibr-10_1.txt 1024 1456036179 1456036179
ibr-41_ibr-10_2.txt 1024 1456038619 1456038619
ibr-41_ibr-11_1.txt 1024 1456036224 1456036224
ibr-41_ibr-11_2.txt 1024 1456037354 1456037354
ibr-41_ibr-11_3.txt 1024 1456038564 1456038564
ibr-41_ibr-11_4.txt 1024 1456038674 1456038674
ibr-41_ibr-1_1.txt 1024 1456036764 1456036764
ibr-41_ibr-1_2.txt 1024 1456037054 1456037054
ibr-41_ibr-1_3.txt 1024 1456038504 1456038504
ibr-41_ibr-1_4.txt 1024 1456038604 1456038604
ibr-41_ibr-16_1.txt 1024 1456037584 1456037584
ibr-41_ibr-16_2.txt 1024 1456037654 1456037654
ibr-41_ibr-16_3.txt 1024 1456037714 1456037714
ibr-41_ibr-16_4.txt 1024 1456038774 1456038774
ibr-41_ibr-16_5.txt 1024 1456038914 1456038914
ibr-41_ibr-19_1.txt 1024 1456036689 1456036689
ibr-41_ibr-21_1.txt 1024 1456036044 1456036044
ibr-41_ibr-21_2.txt 1024 1456036284 1456036284
ibr-41_ibr-21_3.txt 1024 1456036334 1456036334
ibr-41_ibr-21_4.txt 1024 1456037384 1456037384
ibr-41_ibr-21_5.txt 1024 1456037694 1456037694
ibr-41_ibr-21_6.txt 1024 1456037794 1456037794
ibr-41_ibr-21_7.txt 1024 1456038264 1456038264
ibr-41_ibr-21_8.txt 1024 1456038424 1456038424
ibr-41_ibr-25_1.txt 1024 1456038849 1456038849
ibr-41_ibr-30_1.txt 1024 1456038189 1456038189
ibr-41_ibr-31_1.txt 1024 1456037154 1456037154
ibr-41_ibr-31_2.txt 1024 1456037284 1456037284
ibr-41_ibr-31_3.txt 1024 1456037314 1456037314
ibr-41_ibr-36_1.txt 1024 1456036874 1456036874
ibr-41_ibr-36_2.txt 1024 1456037074 1456037074
ibr-41_ibr-36_3.txt 1024 1456038534 1456038534
ibr-41_ibr-37_1.txt 1024 1456037459 1456037459
ibr-41_ibr-43_1.txt 1024 1456036829 1456036829
ibr-41_ibr-46_1.txt 1024 1456035984 1456035984
ibr-41_ibr-46_2.txt 1024 1456036064 1456036064
ibr-41_ibr-46_3.txt 1024 1456036924 1456036924
ibr-41_ibr-46_4.txt 1024 1456037084 1456037085
ibr-41_ibr-46_5.txt 1024 1456037624 1456037624
ibr-41_ibr-46_6.txt 1024 1456038164 1456038164
ibr-41_ibr-51_1.txt 1024 1456036784 1456036784
ibr-41_ibr-51_2.txt 1024 1456037644 1456037644
ibr-41_ibr-51_3.txt 1024 1456037944 1456037944
ibr-41_ibr-51_4.txt 1024 1456037964 1456037964
ibr-41_ibr-51_5.txt 1024 1456038904 1456038904
ibr-41_ibr-56_1.txt 1024 1456036114 1456036114
ibr-41_ibr-56_2.txt 1024 1456036204 1456036204
ibr-41_ibr-56_3.txt 1024 1456036814 1456036814
ibr-41_ibr-56_4.txt 1024 1456037854 1456037854
ibr-41_ibr-56_5.txt 1024 1456037924 1456037924
ibr-41_ibr-56_6.txt 1024 1456038154 1456038154
ibr-41_ibr-56_7.txt 1024 1456038579 1456038579
ibr-41_ibr-56_8.txt 1024 1456038634 1456038634
ibr-41_ibr-6_1.txt 1024 1456036834 1456036834
ibr-41_ibr-6_2.txt 1024 1456036944 1456036944
ibr-41_ibr-6_3.txt 1024 1456038284 1456038284
ibr-41_ibr-6_4.txt 1024 1456038764 1456038764
ibr-42_ibr-14_1.txt 1024 1456036289 1456036289
ibr-42_ibr-24_1.txt 1024 1456037119 1456037119
ibr-42_ibr-25_1.txt 1024 1456037309 1456037309
ibr-42_ibr-26_1.txt 1024 1456038729 1456038729
ibr-42_ibr-29_1.txt 1024 1456037929 1456037929
ibr-42_ibr-33_1.txt 1024 1456037769 1456037769
ibr-42_ibr-35_1.txt 1024 1456037049 1456037049
ibr-42_ibr-37_1.txt 1024 1456038519 1456038519
ibr-42_ibr-44_1.txt 1024 1456036009 1456036009
ibr-42_ibr-44_2.txt 1024 1456036699 1456036699
ibr-42_ibr-50_1.txt 1024 1456038359 1456038359
ibr-42_ibr-5_1.txt 1024 1456037209 1456037209
ibr-43_ibr-12_1.txt 1024 1456038779 1456038779
ibr-43_ibr-19_1.txt 1024 1456036419 1456036419
ibr-43_ibr-28_1.txt 1024 1456037449 1456037449
ibr-43_ibr-4_1.txt 1024 1456037799 1456037799
ibr-43_ibr-42_1.txt 1024 1456038209 1456038209
ibr-43_ibr-48_1.txt 1024 1456038429 1456038429
ibr-43_ibr-55_1.txt 1024 1456036729 1456036729
ibr-43_ibr-7_1.txt 1024 1456038839 1456038839
ibr-44_ibr-12_1.txt 1024 1456036189 1456036189
ibr-44_ibr-15_1.txt 1024 1456038819 1456038819
ibr-44_ibr-19_1.txt 1024 1456036589 1456036589
ibr-44_ibr-21_1.txt 1024 1456038679 1456038679
ibr-44_ibr-23_1.txt 1024 1456036269 1456036269
ibr-44_ibr-27_1.txt 1024 1456036969 1456036969
ibr-44_ibr-35_1.txt 1024 1456037189 1456037189
ibr-44_ibr-36_1.txt 1024 1456036869 1456036869
ibr-44_ibr-39_1.txt 1024 1456036989 1456036990
ibr-44_ibr-4_1.txt 1024 1456037859 1456037859
ibr-44_ibr-4_2.txt 1024 1456038219 1456038219
ibr-44_ibr-51_1.txt 1024 1456038909 1456038909
ibr-44_ibr-53_1.txt 1024 1456038549 1456038549
ibr-45_ibr-17_1.txt 1024 1456038709 1456038709
ibr-45_ibr-22_1.txt 1024 1456038439 1456038439
ibr-45_ibr-31_1.txt 1024 1456036229 1456036229
ibr-45_ibr-32_1.txt 1024 1456036979 1456036979
ibr-45_ibr-32_2.txt 1024 1456037809 1456037809
ibr-45_ibr-35_1.txt 1024 1456036929 1456036929
ibr-45_ibr-44_1.txt 1024 1456037479 1456037479
ibr-45_ibr-47_1.txt 1024 1456037989 1456037989
ibr-45_ibr-8_1.txt 1024 1456036849 1456036849
ibr-46_ibr-11_1.txt 1024 1456036534 1456036534
ibr-46_ibr-11_2.txt 1024 1456037344 1456037344
ibr-46_ibr-11_3.txt 1024 1456037634 1456037634
ibr-46_ibr-11_4.txt 1024 1456037804 1456037804
ibr-46_ibr-11_5.txt 1024 1456038524 1456038524
ibr-46_ibr-1_1.txt 1024 1456036964 1456036964
ibr-46_ibr-1_2.txt 1024 1456037304 1456037304
ibr-46_ibr-1_3.txt 1024 1456037904 1456037904
ibr-46_ibr-1_4.txt 1024 1456038684 1456038684
ibr-46_ibr-16_1.txt 1024 1456036214 1456036214
ibr-46_ibr-16_2.txt 1024 1456036734 1456036734
ibr-46_ibr-21_1.txt 1024 1456036684 1456036684
ibr-46_ibr-21_2.txt 1024 1456036774 1456036774
ibr-46_ibr-21_3.txt 1024 1456037274 1456037274
ibr-46_ibr-21_4.txt 1024 1456037644 1456037644
ibr-46_ibr-21_5.txt 1024 1456037934 1456037934
ibr-46_ibr-21_6.txt 1024 1456037974 1456037974
ibr-46_ibr-21_7.txt 1024 1456038494 1456038494
ibr-46_ibr-26_1.txt 1024 1456036059 1456036059
ibr-46_ibr-26_2.txt 1024 1456036084 1456036084
ibr-46_ibr-26_3.txt 1024 1456036564 1456036564
ibr-46_ibr-26_4.txt 1024 1456036714 1456036714
ibr-46_ibr-26_5.txt 1024 1456036904 1456036904
ibr-46_ibr-26_6.txt 1024 1456038384 1456038384
ibr-46_ibr-26_7.txt 1024 1456038864 1456038864
ibr-46_ibr-30_1.txt 1024 1456035999 1456035999
ibr-46_ibr-31_1.txt 1024 1456036644 1456036644
ibr-46_ibr-31_2.txt 1024 1456036694 1456036694
ibr-46_ibr-31_3.txt 1024 1456037964 1456037964
ibr-46_ibr-31_4.txt 1024 1456038654 1456038654
ibr-46_ibr-31_5.txt 1024 1456038704 1456038704
ibr-46_ibr-36_10.txt 1024 1456038764 1456038764
ibr-46_ibr-36_1.txt 1024 1456036224 1456036224
ibr-46_ibr-36_2.txt 1024 1456036344 1456036344
ibr-46_ibr-36_3.txt 1024 1456036554 1456036554
ibr-46_ibr-36_4.txt 1024 1456036664 1456036664
ibr-46_ibr-36_5.txt 1024 1456037174 1456037174
ibr-46_ibr-36_6.txt 1024 1456037294 1456037294
ibr-46_ibr-36_7.txt 1024 1456037744 1456037744
ibr-46_ibr-36_8.txt 1024 1456038304 1456038304
ibr-46_ibr-36_9.txt 1024 1456038724 1456038724
ibr-46_ibr-39_1.txt 1024 1456035989 1456035989
ibr-46_ibr-41_1.txt 1024 1456036634 1456036634
ibr-46_ibr-41_2.txt 1024 1456036924 1456036924
ibr-46_ibr-41_3.txt 1024 1456037064 1456037064
ibr-46_ibr-41_4.txt 1024 1456037324 1456037324
ibr-46_ibr-41_5.txt 1024 1456037514 1456037514
ibr-46_ibr-43_1.txt 1024 1456038889 1456038889
ibr-46_ibr-48_1.txt 1024 1456036119 1456036119
ibr-46_ibr-51_1.txt 1024 1456035994 1456035994
ibr-46_ibr-51_2.txt 1024 1456036054 1456036054
ibr-46_ibr-51_3.txt 1024 1456036604 1456036604
ibr-46_ibr-51_4.txt 1024 1456037814 1456037814
ibr-46_ibr-51_5.txt 1024 1456037984 1456037984
ibr-46_ibr-55_1.txt 1024 1456036859 1456036859
ibr-46_ibr-56_1.txt 1024 1456037214 1456037214
ibr-46_ibr-56_2.txt 1024 1456038114 1456038114
ibr-46_ibr-6_1.txt 1024 1456036364 1456036364
ibr-46_ibr-6_2.txt 1024 1456037319 1456037319
ibr-46_ibr-6_3.txt 1024 1456037864 1456037864
ibr-46_ibr-6_4.txt 1024 1456038154 1456038154
ibr-46_ibr-6_5.txt 1024 1456038504 1456038504
ibr-46_ibr-6_6.txt 1024 1456038734 1456038734
ibr-47_ibr-13_1.txt 1024 1456038299 1456038299
ibr-47_ibr-16_1.txt 1024 1456037059 1456037059
ibr-47_ibr-17_1.txt 1024 1456036769 1456036769
ibr-47_ibr-20_1.txt 1024 1456035989 1456035989
ibr-47_ibr-27_1.txt 1024 1456036549 1456036549
ibr-47_ibr-27_2.txt 1024 1456037999 1456037999
ibr-47_ibr-4_1.txt 1024 1456037669 1456037669
ibr-47_ibr-46_1.txt 1024 1456037079 1456037079
ibr-47_ibr-46_2.txt 1024 1456038699 1456038699
ibr-48_ibr-13_1.txt 1024 1456036589 1456036589
ibr-48_ibr-19_1.txt 1024 1456037689 1456037689
ibr-48_ibr-2_1.txt 1024 1456036839 1456036839
ibr-48_ibr-27_1.txt 1024 1456037739 1456037739
ibr-48_ibr-3_1.txt 1024 1456038669 1456038669
ibr-48_ibr-32_1.txt 1024 1456038250 1456038250
ibr-48_ibr-34_1.txt 1024 1456038829 1456038829
ibr-48_ibr-37_1.txt 1024 1456036429 1456036429
ibr-48_ibr-38_1.txt 1024 1456036799 1456036799
ibr-48_ibr-45_1.txt 1024 1456038859 1456038859
ibr-48_ibr-47_1.txt 1024 1456037499 1456037499
ibr-48_ibr-8_1.txt 1024 1456038619 1456038619
ibr-49_ibr-16_1.txt 1024 1456038719 1456038719
ibr-49_ibr-22_1.txt 1024 1456036049 1456036049
ibr-49_ibr-29_1.txt 1024 1456037099 1456037099
ibr-49_ibr-34_1.txt 1024 1456038579 1456038579
ibr-49_ibr-35_1.txt 1024 1456038109 1456038109
ibr-49_ibr-37_1.txt 1024 1456036519 1456036519
ibr-49_ibr-40_1.txt 1024 1456038079 1456038079
ibr-49_ibr-5_1.txt 1024 1456037069 1456037069
ibr-49_ibr-52_1.txt 1024 1456036219 1456036219
ibr-49_ibr-53_1.txt 1024 1456037549 1456037549
ibr-49_ibr-54_1.txt 1024 1456038199 1456038199
ibr-4_ibr-15_1.txt 1024 1456038379 1456038379
ibr-4_ibr-26_1.txt 1024 1456037589 1456037589
ibr-4_ibr-38_1.txt 1024 1456038749 1456038749
ibr-4_ibr-40_1.txt 1024 1456036849 1456036849
ibr-4_ibr-42_1.txt 1024 1456037509 1456037509
ibr-4_ibr-56_1.txt 1024 1456037919 1456037919
ibr-4_ibr-9_1.txt 1024 1456036889 1456036889
ibr-50_ibr-11_1.txt 1024 1456036609 1456036609
ibr-50_ibr-16_1.txt 1024 1456038569 1456038569
ibr-50_ibr-20_1.txt 1024 1456037539 1456037539
ibr-50_ibr-24_1.txt 1024 1456037709 1456037709
ibr-50_ibr-25_1.txt 1024 1456036869 1456036869
ibr-50_ibr-30_1.txt 1024 1456038679 1456038679
ibr-50_ibr-31_1.txt 1024 1456037279 1456037279
ibr-50_ibr-31_2.txt 1024 1456037819 1456037819
ibr-50_ibr-3_1.txt 1024 1456036929 1456036929
ibr-50_ibr-32_1.txt 1024 1456038529 1456038529
ibr-50_ibr-34_1.txt 1024 1456038880 1456038880
ibr-50_ibr-37_1.txt 1024 1456037869 1456037869
ibr-50_ibr-4_1.txt 1024 1456037109 1456037109
ibr-50_ibr-42_1.txt 1024 1456036379 1456036379
ibr-50_ibr-43_1.txt 1024 1456037619 1456037619
ibr-50_ibr-47_1.txt 1024 1456036459 1456036459
ibr-50_ibr-49_1.txt 1024 1456038639 1456038639
ibr-50_ibr-5_1.txt 1024 1456038279 1456038279
ibr-50_ibr-8_1.txt 1024 1456037389 1456037389
ibr-51_ibr-11_1.txt 1024 1456035964 1456035964
ibr-51_ibr-11_2.txt 1024 1456037134 1456037134
ibr-51_ibr-11_3.txt 1024 1456037204 1456037204
ibr-51_ibr-11_4.txt 1024 1456037564 1456037564
ibr-51_ibr-11_5.txt 1024 1456037694 1456037694
ibr-51_ibr-11_6.txt 1024 1456038334 1456038334
ibr-51_ibr-11_7.txt 1024 1456038374 1456038374
ibr-51_ibr-1_1.txt 1024 1456037984 1456037984
ibr-51_ibr-1_2.txt 1024 1456038324 1456038324
ibr-51_ibr-1_3.txt 1024 1456038404 1456038404
ibr-51_ibr-1_4.txt 1024 1456038634 1456038634
ibr-51_ibr-1_5.txt 1024 1456038854 1456038854
ibr-51_ibr-16_1.txt 1024 1456036094 1456036094
ibr-51_ibr-16_2.txt 1024 1456036564 1456036564
ibr-51_ibr-16_3.txt 1024 1456036974 1456036974
ibr-51_ibr-16_4.txt 1024 1456037194 1456037194
ibr-51_ibr-16_5.txt 1024 1456037404 1456037404
ibr-51_ibr-16_6.txt 1024 1456038094 1456038094
ibr-51_ibr-16_7.txt 1024 1456038624 1456038624
ibr-51_ibr-16_8.txt 1024 1456038834 1456038834
ibr-51_ibr-17_1.txt 1024 1456038009 1456038009
ibr-51_ibr-21_1.txt 1024 1456036314 1456036314
ibr-51_ibr-21_2.txt 1024 1456036444 1456036444
ibr-51_ibr-21_3.txt 1024 1456036584 1456036584
ibr-51_ibr-21_4.txt 1024 1456036724 1456036724
ibr-51_ibr-21_5.txt 1024 1456037334 1456037334
ibr-51_ibr-21_6.txt 1024 1456038434 1456038434
ibr-51_ibr-26_1.txt 1024 1456036934 1456036934
ibr-51_ibr-26_2.txt 1024 1456037484 1456037484
ibr-51_ibr-31_1.txt 1024 1456036034 1456036034
ibr-51_ibr-31_2.txt 1024 1456036154 1456036154
ibr-51_ibr-31_3.txt 1024 1456036244 1456036244
ibr-51_ibr-31_4.txt 1024 1456036334 1456036334
ibr-51_ibr-31_5.txt 1024 1456037444 1456037444
ibr-51_ibr-31_6.txt 1024 1456037514 1456037514
ibr-51_ibr-31_7.txt 1024 1456038054 1456038054
ibr-51_ibr-31_8.txt 1024 1456038104 1456038104
ibr-51_ibr-31_9.txt 1024 1456038354 1456038354
ibr-51_ibr-33_1.txt 1024 1456038649 1456038649
ibr-51_ibr-36_1.txt 1024 1456037824 1456037824
ibr-51_ibr-36_2.txt 1024 1456038459 1456038459
ibr-51_ibr-36_3.txt 1024 1456038584 1456038584
ibr-51_ibr-41_1.txt 1024 1456035974 1456035974
ibr-51_ibr-41_2.txt 1024 1456036884 1456036884
ibr-51_ibr-41_3.txt 1024 1456038464 1456038464
ibr-51_ibr-46_1.txt 1024 1456036354 1456036354
ibr-51_ibr-46_2.txt 1024 1456038814 1456038814
ibr-51_ibr-56_1.txt 1024 1456037004 1456037004
ibr-51_ibr-56_2.txt 1024 1456037244 1456037244
ibr-51_ibr-56_3.txt 1024 1456037274 1456037274
ibr-51_ibr-56_4.txt 1024 1456038074 1456038074
ibr-51_ibr-56_5.txt 1024 1456038884 1456038884
ibr-51_ibr-6_1.txt 1024 1456036424 1456036424
ibr-51_ibr-6_2.txt 1024 1456036814 1456036814
ibr-51_ibr-6_3.txt 1024 1456037224 1456037224
ibr-51_ibr-6_4.txt 1024 1456037264 1456037264
ibr-51_ibr-6_5.txt 1024 1456037674 1456037674
ibr-51_ibr-6_6.txt 1024 1456037904 1456037904
ibr-51_ibr-6_7.txt 1024 1456037914 1456037914
ibr-51_ibr-7_1.txt 1024 1456038019 1456038019
ibr-52_ibr-14_1.txt 1024 1456036219 1456036219
ibr-52_ibr-19_1.txt 1024 1456037229 1456037229
ibr-52_ibr-24_1.txt 1024 1456038759 1456038759
ibr-52_ibr-36_1.txt 1024 1456038059 1456038059
ibr-52_ibr-51_1.txt 1024 1456036479 1456036479
ibr-52_ibr-54_1.txt 1024 1456036059 1456036059
ibr-53_ibr-15_1.txt 1024 1456036699 1456036699
ibr-53_ibr-2_1.txt 1024 1456038159 1456038159
ibr-53_ibr-24_1.txt 1024 1456038759 1456038759
ibr-53_ibr-26_1.txt 1024 1456036309 1456036309
ibr-53_ibr-35_1.txt 1024 1456037379 1456037379
ibr-53_ibr-36_1.txt 1024 1456038889 1456038889
ibr-53_ibr-43_1.txt 1024 1456036249 1456036249
ibr-53_ibr-45_1.txt 1024 1456036169 1456036169
ibr-53_ibr-47_1.txt 1024 1456038539 1456038539
ibr-53_ibr-51_1.txt 1024 1456038199 1456038199
ibr-53_ibr-6_1.txt 1024 1456038749 1456038749
ibr-54_ibr-10_1.txt 1024 1456036419 1456036419
ibr-54_ibr-12_1.txt 1024 1456038169 1456038169
ibr-54_ibr-25_1.txt 1024 1456037369 1456037369
ibr-54_ibr-25_2.txt 1024 1456038250 1456038250
ibr-54_ibr-30_1.txt 1024 1456038569 1456038569
ibr-54_ibr-3_1.txt 1024 1456037039 1456037039
ibr-54_ibr-32_1.txt 1024 1456037099 1456037099
ibr-54_ibr-40_1.txt 1024 1456037999 1456037999
ibr-54_ibr-47_1.txt 1024 1456038449 1456038449
ibr-54_ibr-52_1.txt 1024 1456037359 1456037359
ibr-54_ibr-53_1.txt 1024 1456037229 1456037229
ibr-55_ibr-28_1.txt 1024 1456036339 1456036339
ibr-55_ibr-29_1.txt 1024 1456038269 1456038269
ibr-55_ibr-30_1.txt 1024 1456038029 1456038029
ibr-55_ibr-36_1.txt 1024 1456036719 1456036719
ibr-55_ibr-37_1.txt 1024 1456036269 1456036269
ibr-55_ibr-41_1.txt 1024 1456037149 1456037149
ibr-55_ibr-52_1.txt 1024 1456037859 1456037859
ibr-55_ibr-54_1.txt 1024 1456037439 1456037439
ibr-56_ibr-13_1.txt 1024 1456037759 1456037759
ibr-56_ibr-16_1.txt 1024 1456037139 1456037139
ibr-56_ibr-16_2.txt 1024 1456038089 1456038089
ibr-56_ibr-17_1.txt 1024 1456036239 1456036239
ibr-56_ibr-25_1.txt 1024 1456038419 1456038419
ibr-56_ibr-33_1.txt 1024 1456035949 1456035949
ibr-56_ibr-41_1.txt 1024 1456038309 1456038309
ibr-56_ibr-43_1.txt 1024 1456037959 1456037959
ibr-56_ibr-46_1.txt 1024 1456036499 1456036499
ibr-56_ibr-48_1.txt 1024 1456036409 1456036409
ibr-56_ibr-51_1.txt 1024 1456038399 1456038399
ibr-56_ibr-54_1.txt 1024 1456036939 1456036939
ibr-5_ibr-13_1.txt 1024 1456038299 1456038299
ibr-5_ibr-14_1.txt 1024 1456038189 1456038189
ibr-5_ibr-19_1.txt 1024 1456035959 1456035959
ibr-5_ibr-23_1.txt 1024 1456037899 1456037899
ibr-5_ibr-23_2.txt 1024 1456037929 1456037929
ibr-5_ibr-32_1.txt 1024 1456037599 1456037599
ibr-5_ibr-36_1.txt 1024 1456036019 1456036019
ibr-5_ibr-36_2.txt 1024 1456037439 1456037439
ibr-5_ibr-42_1.txt 1024 1456036769 1456036769
ibr-5_ibr-43_1.txt 1024 1456036079 1456036079
ibr-5_ibr-49_1.txt 1024 1456036199 1456036199
ibr-5_ibr-49_2.txt 1024 1456036939 1456036939
ibr-6_ibr-11_1.txt 1024 1456037559 1456037559
ibr-6_ibr-11_2.txt 1024 1456037614 1456037614
ibr-6_ibr-11_3.txt 1024 1456037634 1456037634
ibr-6_ibr-11_4.txt 1024 1456037844 1456037844
ibr-6_ibr-1_1.txt 1024 1456036544 1456036544
ibr-6_ibr-1_2.txt 1024 1456037704 1456037704
ibr-6_ibr-1_3.txt 1024 1456038224 1456038224
ibr-6_ibr-15_1.txt 1024 1456036049 1456036049
ibr-6_ibr-16_1.txt 1024 1456036134 1456036134
ibr-6_ibr-16_2.txt 1024 1456036184 1456036184
ibr-6_ibr-16_3.txt 1024 1456036529 1456036529
ibr-6_ibr-16_4.txt 1024 1456036729 1456036729
ibr-6_ibr-16_5.txt 1024 1456037004 1456037004
ibr-6_ibr-16_6.txt 1024 1456037374 1456037374
ibr-6_ibr-16_7.txt 1024 1456037504 1456037504
ibr-6_ibr-16_8.txt 1024 1456037874 1456037874
ibr-6_ibr-21_10.txt 1024 1456038849 1456038849
ibr-6_ibr-21_1.txt 1024 1456036084 1456036084
ibr-6_ibr-21_2.txt 1024 1456036504 1456036504
ibr-6_ibr-21_3.txt 1024 1456036859 1456036859
ibr-6_ibr-21_4.txt 1024 1456036879 1456036879
ibr-6_ibr-21_5.txt 1024 1456037094 1456037094
ibr-6_ibr-21_6.txt 1024 1456037164 1456037164
ibr-6_ibr-21_7.txt 1024 1456038034 1456038034
ibr-6_ibr-21_8.txt 1024 1456038474 1456038474
ibr-6_ibr-21_9.txt 1024 1456038784 1456038784
ibr-6_ibr-26_1.txt 1024 1456036854 1456036854
ibr-6_ibr-26_2.txt 1024 1456037014 1456037014
ibr-6_ibr-26_3.txt 1024 1456037894 1456037894
ibr-6_ibr-26_4.txt 1024 1456038364 1456038364
ibr-6_ibr-26_5.txt 1024 1456038409 1456038409
ibr-6_ibr-26_6.txt 1024 1456038444 1456038444
ibr-6_ibr-26_7.txt 1024 1456038734 1456038734
ibr-6_ibr-28_1.txt 1024 1456036799 1456036799
ibr-6_ibr-31_1.txt 1024 1456036634 1456036634
ibr-6_ibr-31_2.txt 1024 1456037454 1456037454
ibr-6_ibr-31_3.txt 1024 1456037724 1456037724
ibr-6_ibr-31_4.txt 1024 1456037794 1456037794
ibr-6_ibr-31_5.txt 1024 1456038164 1456038164
ibr-6_ibr-31_6.txt 1024 1456038264 1456038264
ibr-6_ibr-32_1.txt 1024 1456036759 1456036759
ibr-6_ibr-33_1.txt 1024 1456036129 1456036129
ibr-6_ibr-36_1.txt 1024 1456036354 1456036354
ibr-6_ibr-36_2.txt 1024 1456038244 1456038244
ibr-6_ibr-36_3.txt 1024 1456038314 1456038314
ibr-6_ibr-36_4.txt 1024 1456038514 1456038514
ibr-6_ibr-41_1.txt 1024 1456036074 1456036074
ibr-6_ibr-41_2.txt 1024 1456036484 1456036484
ibr-6_ibr-41_3.txt 1024 1456037594 1456037594
ibr-6_ibr-41_4.txt 1024 1456037629 1456037629
ibr-6_ibr-41_5.txt 1024 1456037784 1456037784
ibr-6_ibr-41_6.txt 1024 1456038234 1456038234
ibr-6_ibr-4_1.txt 1024 1456036809 1456036809
ibr-6_ibr-46_1.txt 1024 1456035964 1456035964
ibr-6_ibr-46_2.txt 1024 1456037754 1456037754
ibr-6_ibr-46_3.txt 1024 1456037834 1456037834
ibr-6_ibr-50_1.txt 1024 1456036749 1456036749
ibr-6_ibr-51_1.txt 1024 1456036124 1456036124
ibr-6_ibr-51_2.txt 1024 1456036144 1456036144
ibr-6_ibr-51_3.txt 1024 1456037884 1456037884
ibr-6_ibr-51_4.txt 1024 1456038124 1456038124
ibr-6_ibr-51_5.txt 1024 1456038544 1456038544
ibr-6_ibr-51_6.txt 1024 1456038589 1456038589
ibr-6_ibr-56_1.txt 1024 1456037334 1456037334
ibr-6_ibr-56_2.txt 1024 1456038664 1456038664
ibr-6_ibr-56_3.txt 1024 1456038814 1456038814
ibr-6_ibr-7_1.txt 1024 1456038489 1456038489
ibr-7_ibr-11_1.txt 1024 1456037249 1456037249
ibr-7_ibr-11_2.txt 1024 1456038659 1456038659
ibr-7_ibr-13_1.txt 1024 1456036949 1456036949
ibr-7_ibr-24_1.txt 1024 1456036409 1456036409
ibr-7_ibr-24_2.txt 1024 1456037219 1456037219
ibr-7_ibr-24_3.txt 1024 1456038289 1456038289
ibr-7_ibr-27_1.txt 1024 1456036389 1456036389
ibr-7_ibr-36_1.txt 1024 1456036319 1456036319
ibr-7_ibr-37_1.txt 1024 1456038179 1456038179
ibr-7_ibr-38_1.txt 1024 1456036990 1456036990
ibr-7_ibr-48_1.txt 1024 1456036119 1456036119
ibr-7_ibr-56_1.txt 1024 1456037579 1456037579
ibr-7_ibr-6_1.txt 1024 1456037009 1456037009
ibr-7_ibr-8_1.txt 1024 1456037739 1456037739
ibr-8_ibr-10_1.txt 1024 1456035969 1456035969
ibr-8_ibr-13_1.txt 1024 1456038599 1456038599
ibr-8_ibr-20_1.txt 1024 1456036199 1456036199
ibr-8_ibr-30_1.txt 1024 1456036919 1456036919
ibr-8_ibr-30_2.txt 1024 1456037959 1456037959
ibr-8_ibr-31_1.txt 1024 1456037669 1456037669
ibr-8_ibr-36_1.txt 1024 1456037879 1456037879
ibr-8_ibr-47_1.txt 1024 1456036429 1456036429
ibr-8_ibr-48_1.txt 1024 1456038719 1456038719
ibr-8_ibr-53_1.txt 1024 1456036069 1456036069
ibr-8_ibr-7_1.txt 1024 1456038419 1456038419
ibr-8_ibr-7_2.txt 1024 1456038469 1456038469
ibr-9_ibr-10_1.txt 1024 1456038349 1456038349
ibr-9_ibr-15_1.txt 1024 1456037019 1456037019
ibr-9_ibr-16_1.txt 1024 1456036179 1456036179
ibr-9_ibr-18_1.txt 1024 1456038329 1456038329
ibr-9_ibr-22_1.txt 1024 1456038709 1456038709
ibr-9_ibr-25_1.txt 1024 1456037569 1456037569
ibr-9_ibr-33_1.txt 1024 1456038169 1456038169
ibr-9_ibr-37_1.txt 1024 1456038499 1456038499
ibr-9_ibr-43_1.txt 1024 1456038799 1456038799
ibr-9_ibr-45_1.txt 1024 1456037709 1456037709
ibr-9_ibr-49_1.txt 1024 1456036389 1456036389
ibr-9_ibr-49_2.txt 1024 1456037299 1456037299
ibr-9_ibr-56_1.txt 1024 1456037779 1456037779
