# name size  create_time reach_time
ibr-10_ibr-22_1.txt 1024 1456105543 1456105543
ibr-10_ibr-23_1.txt 1024 1456105883 1456105883
ibr-10_ibr-24_1.txt 1024 1456107373 1456107373
ibr-10_ibr-28_1.txt 1024 1456105863 1456105863
ibr-10_ibr-33_1.txt 1024 1456106463 1456106463
ibr-10_ibr-40_1.txt 1024 1456106833 1456106833
ibr-10_ibr-41_1.txt 1024 1456105663 1456105663
ibr-10_ibr-41_2.txt 1024 1456106333 1456106333
ibr-10_ibr-42_1.txt 1024 1456107213 1456107213
ibr-10_ibr-49_1.txt 1024 1456105793 1456105793
ibr-10_ibr-49_2.txt 1024 1456106363 1456106363
ibr-10_ibr-49_3.txt 1024 1456106673 1456106673
ibr-10_ibr-50_1.txt 1024 1456106373 1456106373
ibr-10_ibr-50_2.txt 1024 1456107003 1456107003
ibr-10_ibr-53_1.txt 1024 1456105953 1456105953
ibr-11_ibr-1_1.txt 1024 1456106108 1456106108
ibr-11_ibr-12_1.txt 1024 1456107453 1456107453
ibr-11_ibr-1_2.txt 1024 1456106538 1456106539
ibr-11_ibr-1_3.txt 1024 1456106898 1456106898
ibr-11_ibr-14_1.txt 1024 1456105983 1456105983
ibr-11_ibr-1_4.txt 1024 1456107348 1456107348
ibr-11_ibr-1_5.txt 1024 1456107888 1456107888
ibr-11_ibr-16_1.txt 1024 1456105468 1456105468
ibr-11_ibr-16_2.txt 1024 1456105858 1456105858
ibr-11_ibr-16_3.txt 1024 1456105968 1456105968
ibr-11_ibr-16_4.txt 1024 1456106328 1456106328
ibr-11_ibr-16_5.txt 1024 1456106438 1456106438
ibr-11_ibr-16_6.txt 1024 1456106458 1456106458
ibr-11_ibr-1_6.txt 1024 1456108218 1456108218
ibr-11_ibr-1_7.txt 1024 1456108228 1456108228
ibr-11_ibr-21_1.txt 1024 1456105458 1456105458
ibr-11_ibr-21_2.txt 1024 1456105548 1456105548
ibr-11_ibr-21_3.txt 1024 1456106768 1456106768
ibr-11_ibr-21_4.txt 1024 1456106778 1456106778
ibr-11_ibr-21_5.txt 1024 1456106828 1456106828
ibr-11_ibr-21_6.txt 1024 1456107388 1456107388
ibr-11_ibr-21_7.txt 1024 1456107428 1456107428
ibr-11_ibr-21_8.txt 1024 1456108108 1456108108
ibr-11_ibr-26_1.txt 1024 1456105238 1456105238
ibr-11_ibr-26_2.txt 1024 1456105418 1456105418
ibr-11_ibr-26_3.txt 1024 1456106248 1456106248
ibr-11_ibr-26_4.txt 1024 1456106258 1456106258
ibr-11_ibr-26_5.txt 1024 1456107088 1456107088
ibr-11_ibr-26_6.txt 1024 1456107758 1456107758
ibr-11_ibr-26_7.txt 1024 1456107968 1456107968
ibr-11_ibr-28_1.txt 1024 1456107893 1456107896
ibr-11_ibr-29_1.txt 1024 1456105903 1456105903
ibr-11_ibr-30_1.txt 1024 1456107393 1456107393
ibr-11_ibr-31_1.txt 1024 1456105648 1456105648
ibr-11_ibr-31_2.txt 1024 1456105738 1456105738
ibr-11_ibr-31_3.txt 1024 1456106618 1456106618
ibr-11_ibr-31_4.txt 1024 1456106758 1456106758
ibr-11_ibr-36_1.txt 1024 1456105558 1456105558
ibr-11_ibr-36_2.txt 1024 1456105748 1456105748
ibr-11_ibr-36_3.txt 1024 1456105788 1456105788
ibr-11_ibr-36_4.txt 1024 1456106738 1456106738
ibr-11_ibr-36_5.txt 1024 1456107668 1456107668
ibr-11_ibr-40_1.txt 1024 1456105793 1456105793
ibr-11_ibr-41_1.txt 1024 1456105308 1456105308
ibr-11_ibr-41_2.txt 1024 1456105348 1456105348
ibr-11_ibr-41_3.txt 1024 1456105699 1456105699
ibr-11_ibr-41_4.txt 1024 1456106008 1456106008
ibr-11_ibr-41_5.txt 1024 1456106168 1456106168
ibr-11_ibr-41_6.txt 1024 1456106968 1456106968
ibr-11_ibr-41_7.txt 1024 1456107438 1456107438
ibr-11_ibr-44_1.txt 1024 1456105963 1456105963
ibr-11_ibr-51_1.txt 1024 1456105478 1456105478
ibr-11_ibr-51_2.txt 1024 1456105498 1456105498
ibr-11_ibr-51_3.txt 1024 1456105628 1456105628
ibr-11_ibr-51_4.txt 1024 1456105878 1456105878
ibr-11_ibr-51_5.txt 1024 1456108148 1456108148
ibr-11_ibr-53_1.txt 1024 1456106093 1456106093
ibr-11_ibr-55_1.txt 1024 1456105343 1456105343
ibr-11_ibr-56_1.txt 1024 1456105538 1456105538
ibr-11_ibr-56_2.txt 1024 1456106518 1456106518
ibr-11_ibr-56_3.txt 1024 1456107048 1456107048
ibr-11_ibr-56_4.txt 1024 1456107188 1456107188
ibr-11_ibr-56_5.txt 1024 1456107678 1456107678
ibr-11_ibr-56_6.txt 1024 1456107898 1456107898
ibr-11_ibr-56_7.txt 1024 1456108198 1456108198
ibr-11_ibr-6_1.txt 1024 1456106368 1456106368
ibr-11_ibr-6_2.txt 1024 1456107123 1456107123
ibr-11_ibr-6_3.txt 1024 1456107648 1456107648
ibr-11_ibr-6_4.txt 1024 1456107868 1456107868
ibr-12_ibr-17_1.txt 1024 1456107313 1456107313
ibr-12_ibr-19_1.txt 1024 1456107903 1456107903
ibr-12_ibr-21_1.txt 1024 1456107683 1456107683
ibr-12_ibr-23_1.txt 1024 1456106563 1456106563
ibr-12_ibr-24_1.txt 1024 1456105753 1456105753
ibr-12_ibr-25_1.txt 1024 1456107093 1456107093
ibr-12_ibr-26_1.txt 1024 1456108073 1456108073
ibr-12_ibr-56_1.txt 1024 1456105653 1456105653
ibr-13_ibr-14_1.txt 1024 1456107343 1456107343
ibr-13_ibr-22_1.txt 1024 1456105973 1456105973
ibr-13_ibr-28_1.txt 1024 1456105383 1456105383
ibr-13_ibr-29_1.txt 1024 1456108163 1456108163
ibr-13_ibr-30_1.txt 1024 1456108133 1456108133
ibr-13_ibr-36_1.txt 1024 1456106883 1456106883
ibr-13_ibr-38_1.txt 1024 1456105463 1456105463
ibr-13_ibr-40_1.txt 1024 1456105703 1456105703
ibr-13_ibr-47_1.txt 1024 1456107533 1456107533
ibr-13_ibr-47_2.txt 1024 1456107703 1456107703
ibr-13_ibr-48_1.txt 1024 1456107243 1456107243
ibr-13_ibr-8_1.txt 1024 1456106703 1456106703
ibr-14_ibr-16_1.txt 1024 1456106193 1456106193
ibr-14_ibr-29_1.txt 1024 1456106633 1456106633
ibr-14_ibr-29_2.txt 1024 1456107543 1456107543
ibr-14_ibr-3_1.txt 1024 1456105813 1456105813
ibr-15_ibr-24_1.txt 1024 1456107083 1456107083
ibr-15_ibr-38_1.txt 1024 1456107593 1456107593
ibr-15_ibr-39_1.txt 1024 1456105903 1456105903
ibr-15_ibr-43_1.txt 1024 1456106663 1456106663
ibr-15_ibr-49_1.txt 1024 1456108183 1456108183
ibr-15_ibr-5_1.txt 1024 1456107813 1456107813
ibr-15_ibr-55_1.txt 1024 1456105533 1456105533
ibr-15_ibr-6_1.txt 1024 1456106623 1456106623
ibr-16_ibr-11_1.txt 1024 1456107158 1456107158
ibr-16_ibr-11_2.txt 1024 1456107508 1456107508
ibr-16_ibr-1_1.txt 1024 1456105258 1456105258
ibr-16_ibr-12_1.txt 1024 1456108143 1456108143
ibr-16_ibr-1_2.txt 1024 1456105708 1456105708
ibr-16_ibr-1_3.txt 1024 1456106858 1456106858
ibr-16_ibr-1_4.txt 1024 1456106908 1456106908
ibr-16_ibr-15_1.txt 1024 1456106433 1456106433
ibr-16_ibr-15_2.txt 1024 1456107533 1456107533
ibr-16_ibr-1_5.txt 1024 1456107068 1456107068
ibr-16_ibr-1_6.txt 1024 1456107788 1456107788
ibr-16_ibr-1_7.txt 1024 1456107818 1456107818
ibr-16_ibr-20_1.txt 1024 1456106303 1456106303
ibr-16_ibr-21_1.txt 1024 1456105538 1456105538
ibr-16_ibr-21_2.txt 1024 1456105768 1456105768
ibr-16_ibr-21_3.txt 1024 1456106798 1456106798
ibr-16_ibr-23_1.txt 1024 1456106143 1456106143
ibr-16_ibr-26_1.txt 1024 1456106428 1456106428
ibr-16_ibr-26_2.txt 1024 1456108088 1456108088
ibr-16_ibr-31_1.txt 1024 1456107848 1456107848
ibr-16_ibr-37_1.txt 1024 1456106723 1456106723
ibr-16_ibr-40_1.txt 1024 1456105244 1456105244
ibr-16_ibr-41_10.txt 1024 1456107733 1456107733
ibr-16_ibr-41_11.txt 1024 1456107978 1456107978
ibr-16_ibr-41_1.txt 1024 1456105278 1456105278
ibr-16_ibr-41_2.txt 1024 1456105328 1456105328
ibr-16_ibr-41_3.txt 1024 1456105668 1456105668
ibr-16_ibr-41_4.txt 1024 1456105898 1456105898
ibr-16_ibr-41_5.txt 1024 1456106138 1456106138
ibr-16_ibr-41_6.txt 1024 1456106848 1456106848
ibr-16_ibr-41_7.txt 1024 1456107118 1456107118
ibr-16_ibr-41_8.txt 1024 1456107398 1456107398
ibr-16_ibr-41_9.txt 1024 1456107618 1456107618
ibr-16_ibr-44_1.txt 1024 1456106213 1456106213
ibr-16_ibr-46_1.txt 1024 1456105318 1456105318
ibr-16_ibr-46_2.txt 1024 1456105678 1456105678
ibr-16_ibr-46_3.txt 1024 1456106338 1456106338
ibr-16_ibr-46_4.txt 1024 1456106738 1456106738
ibr-16_ibr-46_5.txt 1024 1456107258 1456107258
ibr-16_ibr-46_6.txt 1024 1456107318 1456107318
ibr-16_ibr-46_7.txt 1024 1456108058 1456108058
ibr-16_ibr-51_1.txt 1024 1456105428 1456105428
ibr-16_ibr-51_2.txt 1024 1456106348 1456106348
ibr-16_ibr-51_3.txt 1024 1456106878 1456106878
ibr-16_ibr-51_4.txt 1024 1456107128 1456107128
ibr-16_ibr-51_5.txt 1024 1456107353 1456107353
ibr-16_ibr-51_6.txt 1024 1456107908 1456107908
ibr-16_ibr-51_7.txt 1024 1456108098 1456108098
ibr-16_ibr-54_1.txt 1024 1456106893 1456106893
ibr-16_ibr-56_1.txt 1024 1456105568 1456105568
ibr-16_ibr-56_2.txt 1024 1456105628 1456105628
ibr-16_ibr-56_3.txt 1024 1456105743 1456105743
ibr-16_ibr-56_4.txt 1024 1456106198 1456106198
ibr-16_ibr-56_5.txt 1024 1456106988 1456106988
ibr-16_ibr-6_10.txt 1024 1456107499 1456107499
ibr-16_ibr-6_11.txt 1024 1456108048 1456108048
ibr-16_ibr-6_12.txt 1024 1456108128 1456108128
ibr-16_ibr-6_1.txt 1024 1456105248 1456105248
ibr-16_ibr-6_2.txt 1024 1456105683 1456105683
ibr-16_ibr-6_3.txt 1024 1456105808 1456105808
ibr-16_ibr-6_4.txt 1024 1456105818 1456105818
ibr-16_ibr-6_5.txt 1024 1456105848 1456105848
ibr-16_ibr-6_6.txt 1024 1456106408 1456106408
ibr-16_ibr-6_7.txt 1024 1456106688 1456106688
ibr-16_ibr-6_8.txt 1024 1456106838 1456106838
ibr-16_ibr-6_9.txt 1024 1456107338 1456107338
ibr-16_ibr-7_1.txt 1024 1456107613 1456107613
ibr-16_ibr-7_2.txt 1024 1456107663 1456107663
ibr-16_ibr-8_1.txt 1024 1456107203 1456107203
ibr-17_ibr-10_1.txt 1024 1456106253 1456106253
ibr-17_ibr-11_1.txt 1024 1456107143 1456107143
ibr-17_ibr-12_1.txt 1024 1456106753 1456106753
ibr-17_ibr-19_1.txt 1024 1456108173 1456108173
ibr-17_ibr-2_1.txt 1024 1456107383 1456107383
ibr-17_ibr-26_1.txt 1024 1456107513 1456107513
ibr-17_ibr-28_1.txt 1024 1456106543 1456106543
ibr-17_ibr-30_1.txt 1024 1456106763 1456106763
ibr-17_ibr-3_1.txt 1024 1456105843 1456105843
ibr-17_ibr-50_1.txt 1024 1456105603 1456105603
ibr-17_ibr-50_2.txt 1024 1456106043 1456106043
ibr-17_ibr-7_1.txt 1024 1456107753 1456107753
ibr-18_ibr-15_1.txt 1024 1456106843 1456106843
ibr-18_ibr-19_1.txt 1024 1456106323 1456106323
ibr-18_ibr-21_1.txt 1024 1456106023 1456106023
ibr-18_ibr-2_1.txt 1024 1456106913 1456106913
ibr-18_ibr-24_1.txt 1024 1456107863 1456107863
ibr-18_ibr-36_1.txt 1024 1456105673 1456105673
ibr-18_ibr-39_1.txt 1024 1456107483 1456107483
ibr-18_ibr-4_1.txt 1024 1456108093 1456108093
ibr-18_ibr-51_1.txt 1024 1456106903 1456106903
ibr-18_ibr-53_1.txt 1024 1456106573 1456106573
ibr-18_ibr-54_1.txt 1024 1456107433 1456107433
ibr-18_ibr-7_1.txt 1024 1456107173 1456107173
ibr-19_ibr-12_1.txt 1024 1456107133 1456107133
ibr-19_ibr-18_1.txt 1024 1456106013 1456106013
ibr-19_ibr-22_1.txt 1024 1456105823 1456105823
ibr-19_ibr-30_1.txt 1024 1456107243 1456107243
ibr-19_ibr-35_1.txt 1024 1456108043 1456108043
ibr-19_ibr-40_1.txt 1024 1456107153 1456107153
ibr-19_ibr-44_1.txt 1024 1456107623 1456107623
ibr-19_ibr-44_2.txt 1024 1456107673 1456107673
ibr-19_ibr-46_1.txt 1024 1456105993 1456105993
ibr-19_ibr-47_1.txt 1024 1456107193 1456107193
ibr-19_ibr-55_1.txt 1024 1456106643 1456106643
ibr-19_ibr-9_1.txt 1024 1456106803 1456106803
ibr-1_ibr-11_1.txt 1024 1456105288 1456105288
ibr-1_ibr-11_2.txt 1024 1456105408 1456105408
ibr-1_ibr-11_3.txt 1024 1456106008 1456106008
ibr-1_ibr-11_4.txt 1024 1456106558 1456106558
ibr-1_ibr-11_5.txt 1024 1456107248 1456107248
ibr-1_ibr-11_6.txt 1024 1456107448 1456107448
ibr-1_ibr-11_7.txt 1024 1456108028 1456108028
ibr-1_ibr-16_1.txt 1024 1456105498 1456105498
ibr-1_ibr-16_2.txt 1024 1456105998 1456105998
ibr-1_ibr-16_3.txt 1024 1456106058 1456106058
ibr-1_ibr-16_4.txt 1024 1456106508 1456106508
ibr-1_ibr-16_5.txt 1024 1456107558 1456107558
ibr-1_ibr-21_1.txt 1024 1456105578 1456105578
ibr-1_ibr-21_2.txt 1024 1456106328 1456106328
ibr-1_ibr-21_3.txt 1024 1456106728 1456106728
ibr-1_ibr-26_1.txt 1024 1456106708 1456106708
ibr-1_ibr-26_2.txt 1024 1456106848 1456106848
ibr-1_ibr-26_3.txt 1024 1456107169 1456107169
ibr-1_ibr-26_4.txt 1024 1456107518 1456107518
ibr-1_ibr-31_1.txt 1024 1456106828 1456106828
ibr-1_ibr-31_2.txt 1024 1456106908 1456106908
ibr-1_ibr-36_1.txt 1024 1456105238 1456105238
ibr-1_ibr-36_2.txt 1024 1456106068 1456106068
ibr-1_ibr-36_3.txt 1024 1456106098 1456106098
ibr-1_ibr-36_4.txt 1024 1456107358 1456107358
ibr-1_ibr-41_1.txt 1024 1456106478 1456106478
ibr-1_ibr-41_2.txt 1024 1456107038 1456107038
ibr-1_ibr-41_3.txt 1024 1456107578 1456107578
ibr-1_ibr-46_1.txt 1024 1456105988 1456105988
ibr-1_ibr-46_2.txt 1024 1456106778 1456106778
ibr-1_ibr-46_3.txt 1024 1456106838 1456106838
ibr-1_ibr-46_4.txt 1024 1456108138 1456108138
ibr-1_ibr-51_1.txt 1024 1456106978 1456106978
ibr-1_ibr-51_2.txt 1024 1456106988 1456106988
ibr-1_ibr-56_1.txt 1024 1456105918 1456105918
ibr-1_ibr-56_2.txt 1024 1456106418 1456106418
ibr-1_ibr-56_3.txt 1024 1456106488 1456106488
ibr-1_ibr-56_4.txt 1024 1456106498 1456106498
ibr-1_ibr-56_5.txt 1024 1456106668 1456106668
ibr-1_ibr-56_6.txt 1024 1456107228 1456107228
ibr-1_ibr-56_7.txt 1024 1456107488 1456107488
ibr-1_ibr-6_1.txt 1024 1456105699 1456105699
ibr-1_ibr-6_2.txt 1024 1456106078 1456106078
ibr-1_ibr-6_3.txt 1024 1456106198 1456106198
ibr-1_ibr-6_4.txt 1024 1456106358 1456106358
ibr-1_ibr-6_5.txt 1024 1456106678 1456106678
ibr-1_ibr-6_6.txt 1024 1456107858 1456107858
ibr-1_ibr-6_7.txt 1024 1456108208 1456108208
ibr-20_ibr-10_1.txt 1024 1456107743 1456107743
ibr-20_ibr-15_1.txt 1024 1456105923 1456105923
ibr-20_ibr-17_1.txt 1024 1456105943 1456105943
ibr-20_ibr-17_2.txt 1024 1456107913 1456107913
ibr-20_ibr-23_1.txt 1024 1456106913 1456106913
ibr-20_ibr-28_1.txt 1024 1456107413 1456107413
ibr-20_ibr-31_1.txt 1024 1456106683 1456106683
ibr-20_ibr-3_1.txt 1024 1456107803 1456107803
ibr-20_ibr-34_1.txt 1024 1456105653 1456105653
ibr-20_ibr-4_1.txt 1024 1456105433 1456105433
ibr-20_ibr-47_1.txt 1024 1456106043 1456106043
ibr-20_ibr-47_2.txt 1024 1456106263 1456106263
ibr-20_ibr-50_1.txt 1024 1456105583 1456105583
ibr-20_ibr-52_1.txt 1024 1456105973 1456105973
ibr-20_ibr-55_1.txt 1024 1456105673 1456105673
ibr-20_ibr-56_1.txt 1024 1456106473 1456106473
ibr-21_ibr-11_1.txt 1024 1456105738 1456105738
ibr-21_ibr-11_2.txt 1024 1456106218 1456106219
ibr-21_ibr-11_3.txt 1024 1456107308 1456107308
ibr-21_ibr-11_4.txt 1024 1456107528 1456107528
ibr-21_ibr-1_1.txt 1024 1456105518 1456105518
ibr-21_ibr-1_2.txt 1024 1456106788 1456106788
ibr-21_ibr-1_3.txt 1024 1456107138 1456107138
ibr-21_ibr-14_1.txt 1024 1456107073 1456107073
ibr-21_ibr-1_4.txt 1024 1456107368 1456107368
ibr-21_ibr-1_5.txt 1024 1456107478 1456107478
ibr-21_ibr-16_1.txt 1024 1456105948 1456105948
ibr-21_ibr-16_2.txt 1024 1456106088 1456106088
ibr-21_ibr-16_3.txt 1024 1456106448 1456106448
ibr-21_ibr-16_4.txt 1024 1456106548 1456106548
ibr-21_ibr-16_5.txt 1024 1456106718 1456106718
ibr-21_ibr-16_6.txt 1024 1456106798 1456106798
ibr-21_ibr-16_7.txt 1024 1456107028 1456107028
ibr-21_ibr-16_8.txt 1024 1456107644 1456107644
ibr-21_ibr-16_9.txt 1024 1456107748 1456107748
ibr-21_ibr-1_6.txt 1024 1456107648 1456107648
ibr-21_ibr-18_1.txt 1024 1456107053 1456107053
ibr-21_ibr-26_1.txt 1024 1456105768 1456105768
ibr-21_ibr-26_2.txt 1024 1456107278 1456107278
ibr-21_ibr-26_3.txt 1024 1456107348 1456107348
ibr-21_ibr-26_4.txt 1024 1456107508 1456107508
ibr-21_ibr-31_1.txt 1024 1456105378 1456105378
ibr-21_ibr-31_2.txt 1024 1456105633 1456105633
ibr-21_ibr-31_3.txt 1024 1456105888 1456105888
ibr-21_ibr-31_4.txt 1024 1456105978 1456105978
ibr-21_ibr-31_5.txt 1024 1456107378 1456107378
ibr-21_ibr-31_6.txt 1024 1456107598 1456107598
ibr-21_ibr-31_7.txt 1024 1456107988 1456107988
ibr-21_ibr-34_1.txt 1024 1456106953 1456106953
ibr-21_ibr-36_1.txt 1024 1456105798 1456105798
ibr-21_ibr-36_2.txt 1024 1456105918 1456105918
ibr-21_ibr-36_3.txt 1024 1456106488 1456106488
ibr-21_ibr-36_4.txt 1024 1456106698 1456106698
ibr-21_ibr-36_5.txt 1024 1456106728 1456106728
ibr-21_ibr-36_6.txt 1024 1456107018 1456107018
ibr-21_ibr-36_7.txt 1024 1456107423 1456107423
ibr-21_ibr-39_1.txt 1024 1456107033 1456107033
ibr-21_ibr-41_1.txt 1024 1456105688 1456105688
ibr-21_ibr-41_2.txt 1024 1456105898 1456105898
ibr-21_ibr-41_3.txt 1024 1456106208 1456106208
ibr-21_ibr-41_4.txt 1024 1456107918 1456107918
ibr-21_ibr-41_5.txt 1024 1456107958 1456107958
ibr-21_ibr-46_1.txt 1024 1456105438 1456105438
ibr-21_ibr-46_2.txt 1024 1456105718 1456105718
ibr-21_ibr-46_3.txt 1024 1456105828 1456105828
ibr-21_ibr-46_4.txt 1024 1456107538 1456107538
ibr-21_ibr-46_5.txt 1024 1456107698 1456107698
ibr-21_ibr-46_6.txt 1024 1456107708 1456107708
ibr-21_ibr-46_7.txt 1024 1456107953 1456107953
ibr-21_ibr-47_1.txt 1024 1456105303 1456105303
ibr-21_ibr-51_1.txt 1024 1456105778 1456105778
ibr-21_ibr-51_2.txt 1024 1456106408 1456106408
ibr-21_ibr-51_3.txt 1024 1456106428 1456106428
ibr-21_ibr-5_1.txt 1024 1456106603 1456106603
ibr-21_ibr-55_1.txt 1024 1456105963 1456105963
ibr-21_ibr-56_1.txt 1024 1456105248 1456105248
ibr-21_ibr-56_2.txt 1024 1456105468 1456105468
ibr-21_ibr-56_3.txt 1024 1456106539 1456106539
ibr-21_ibr-56_4.txt 1024 1456107078 1456107078
ibr-21_ibr-56_5.txt 1024 1456107499 1456107499
ibr-21_ibr-56_6.txt 1024 1456108078 1456108078
ibr-21_ibr-6_1.txt 1024 1456105298 1456105298
ibr-21_ibr-6_2.txt 1024 1456105318 1456105318
ibr-21_ibr-6_3.txt 1024 1456106288 1456106288
ibr-21_ibr-6_4.txt 1024 1456106648 1456106648
ibr-21_ibr-6_5.txt 1024 1456107878 1456107878
ibr-21_ibr-8_1.txt 1024 1456105263 1456105263
ibr-22_ibr-15_1.txt 1024 1456107273 1456107273
ibr-22_ibr-19_1.txt 1024 1456107973 1456107973
ibr-22_ibr-2_1.txt 1024 1456106723 1456106723
ibr-22_ibr-24_1.txt 1024 1456107213 1456107213
ibr-22_ibr-25_1.txt 1024 1456108083 1456108083
ibr-22_ibr-35_1.txt 1024 1456107403 1456107403
ibr-22_ibr-40_1.txt 1024 1456105583 1456105583
ibr-22_ibr-40_2.txt 1024 1456107623 1456107623
ibr-22_ibr-4_1.txt 1024 1456107933 1456107933
ibr-22_ibr-47_1.txt 1024 1456107863 1456107863
ibr-22_ibr-49_1.txt 1024 1456107563 1456107563
ibr-22_ibr-52_1.txt 1024 1456108073 1456108073
ibr-22_ibr-9_1.txt 1024 1456105273 1456105273
ibr-23_ibr-16_1.txt 1024 1456105283 1456105283
ibr-23_ibr-19_1.txt 1024 1456106353 1456106353
ibr-23_ibr-21_1.txt 1024 1456107353 1456107353
ibr-23_ibr-25_1.txt 1024 1456106473 1456106473
ibr-23_ibr-30_1.txt 1024 1456107583 1456107583
ibr-23_ibr-31_1.txt 1024 1456106343 1456106343
ibr-23_ibr-31_2.txt 1024 1456108223 1456108223
ibr-23_ibr-34_1.txt 1024 1456105393 1456105393
ibr-23_ibr-44_1.txt 1024 1456106733 1456106733
ibr-23_ibr-47_1.txt 1024 1456106333 1456106333
ibr-23_ibr-49_1.txt 1024 1456107773 1456107773
ibr-23_ibr-51_1.txt 1024 1456106983 1456106983
ibr-23_ibr-52_1.txt 1024 1456105633 1456105633
ibr-24_ibr-16_1.txt 1024 1456106943 1456106943
ibr-24_ibr-22_1.txt 1024 1456106013 1456106013
ibr-24_ibr-26_1.txt 1024 1456105404 1456105404
ibr-24_ibr-32_1.txt 1024 1456107003 1456107003
ibr-24_ibr-36_1.txt 1024 1456105513 1456105513
ibr-24_ibr-38_1.txt 1024 1456106933 1456106933
ibr-24_ibr-41_1.txt 1024 1456106263 1456106263
ibr-24_ibr-41_2.txt 1024 1456106483 1456106483
ibr-24_ibr-4_1.txt 1024 1456105663 1456105663
ibr-24_ibr-9_1.txt 1024 1456106203 1456106203
ibr-25_ibr-13_1.txt 1024 1456108113 1456108113
ibr-25_ibr-23_1.txt 1024 1456107363 1456107363
ibr-25_ibr-24_1.txt 1024 1456106783 1456106783
ibr-25_ibr-29_1.txt 1024 1456105404 1456105404
ibr-25_ibr-29_2.txt 1024 1456105603 1456105603
ibr-25_ibr-40_1.txt 1024 1456107273 1456107273
ibr-25_ibr-42_1.txt 1024 1456106953 1456106953
ibr-25_ibr-53_1.txt 1024 1456105553 1456105553
ibr-25_ibr-53_2.txt 1024 1456106583 1456106583
ibr-25_ibr-53_3.txt 1024 1456106983 1456106983
ibr-25_ibr-54_1.txt 1024 1456106593 1456106593
ibr-25_ibr-55_1.txt 1024 1456106203 1456106203
ibr-25_ibr-55_2.txt 1024 1456106873 1456106873
ibr-25_ibr-56_1.txt 1024 1456105453 1456105453
ibr-25_ibr-56_2.txt 1024 1456105473 1456105473
ibr-25_ibr-6_1.txt 1024 1456106503 1456106503
ibr-25_ibr-7_1.txt 1024 1456106653 1456106653
ibr-26_ibr-11_1.txt 1024 1456105408 1456105408
ibr-26_ibr-11_2.txt 1024 1456106298 1456106298
ibr-26_ibr-11_3.txt 1024 1456107198 1456107198
ibr-26_ibr-11_4.txt 1024 1456107258 1456107258
ibr-26_ibr-11_5.txt 1024 1456107328 1456107328
ibr-26_ibr-1_1.txt 1024 1456108048 1456108048
ibr-26_ibr-16_1.txt 1024 1456105928 1456105928
ibr-26_ibr-16_2.txt 1024 1456106268 1456106268
ibr-26_ibr-16_3.txt 1024 1456106278 1456106278
ibr-26_ibr-16_4.txt 1024 1456106418 1456106418
ibr-26_ibr-16_5.txt 1024 1456107058 1456107058
ibr-26_ibr-16_6.txt 1024 1456107558 1456107558
ibr-26_ibr-16_7.txt 1024 1456107738 1456107738
ibr-26_ibr-16_8.txt 1024 1456107948 1456107948
ibr-26_ibr-17_1.txt 1024 1456106283 1456106283
ibr-26_ibr-19_1.txt 1024 1456106553 1456106553
ibr-26_ibr-20_1.txt 1024 1456106423 1456106423
ibr-26_ibr-21_1.txt 1024 1456105578 1456105578
ibr-26_ibr-21_2.txt 1024 1456105908 1456105908
ibr-26_ibr-21_3.txt 1024 1456106128 1456106128
ibr-26_ibr-21_4.txt 1024 1456106288 1456106288
ibr-26_ibr-21_5.txt 1024 1456106768 1456106768
ibr-26_ibr-21_6.txt 1024 1456107598 1456107598
ibr-26_ibr-21_7.txt 1024 1456108058 1456108058
ibr-26_ibr-23_1.txt 1024 1456108213 1456108213
ibr-26_ibr-31_1.txt 1024 1456105558 1456105558
ibr-26_ibr-31_2.txt 1024 1456105978 1456105978
ibr-26_ibr-31_3.txt 1024 1456106123 1456106123
ibr-26_ibr-31_4.txt 1024 1456106148 1456106148
ibr-26_ibr-31_5.txt 1024 1456106588 1456106588
ibr-26_ibr-31_6.txt 1024 1456108018 1456108018
ibr-26_ibr-35_1.txt 1024 1456105333 1456105333
ibr-26_ibr-36_1.txt 1024 1456105818 1456105818
ibr-26_ibr-36_2.txt 1024 1456107308 1456107308
ibr-26_ibr-36_3.txt 1024 1456107718 1456107718
ibr-26_ibr-36_4.txt 1024 1456107858 1456107858
ibr-26_ibr-37_1.txt 1024 1456105773 1456105773
ibr-26_ibr-41_1.txt 1024 1456105358 1456105358
ibr-26_ibr-41_2.txt 1024 1456105368 1456105368
ibr-26_ibr-41_3.txt 1024 1456105608 1456105608
ibr-26_ibr-41_4.txt 1024 1456105798 1456105798
ibr-26_ibr-41_5.txt 1024 1456106608 1456106608
ibr-26_ibr-41_6.txt 1024 1456107408 1456107408
ibr-26_ibr-41_7.txt 1024 1456107443 1456107443
ibr-26_ibr-41_8.txt 1024 1456107478 1456107478
ibr-26_ibr-42_1.txt 1024 1456106383 1456106383
ibr-26_ibr-46_1.txt 1024 1456105478 1456105478
ibr-26_ibr-46_2.txt 1024 1456105828 1456105828
ibr-26_ibr-46_3.txt 1024 1456106568 1456106568
ibr-26_ibr-46_4.txt 1024 1456107418 1456107418
ibr-26_ibr-47_1.txt 1024 1456106943 1456106943
ibr-26_ibr-48_1.txt 1024 1456105803 1456105803
ibr-26_ibr-51_1.txt 1024 1456106028 1456106028
ibr-26_ibr-51_2.txt 1024 1456106698 1456106698
ibr-26_ibr-51_3.txt 1024 1456107108 1456107108
ibr-26_ibr-51_4.txt 1024 1456107688 1456107688
ibr-26_ibr-51_5.txt 1024 1456107778 1456107778
ibr-26_ibr-51_6.txt 1024 1456107918 1456107918
ibr-26_ibr-52_1.txt 1024 1456105843 1456105843
ibr-26_ibr-52_2.txt 1024 1456106713 1456106713
ibr-26_ibr-53_1.txt 1024 1456107523 1456107523
ibr-26_ibr-56_1.txt 1024 1456105598 1456105598
ibr-26_ibr-56_2.txt 1024 1456107148 1456107148
ibr-26_ibr-56_3.txt 1024 1456107588 1456107588
ibr-26_ibr-6_1.txt 1024 1456106598 1456106598
ibr-26_ibr-6_2.txt 1024 1456107009 1456107009
ibr-26_ibr-6_3.txt 1024 1456107578 1456107578
ibr-26_ibr-6_4.txt 1024 1456108008 1456108008
ibr-26_ibr-6_5.txt 1024 1456108178 1456108178
ibr-26_ibr-6_6.txt 1024 1456108228 1456108228
ibr-26_ibr-8_1.txt 1024 1456105313 1456105313
ibr-27_ibr-16_1.txt 1024 1456106393 1456106393
ibr-27_ibr-33_1.txt 1024 1456105933 1456105933
ibr-27_ibr-33_2.txt 1024 1456107143 1456107143
ibr-27_ibr-37_1.txt 1024 1456107563 1456107563
ibr-27_ibr-47_1.txt 1024 1456106413 1456106414
ibr-27_ibr-51_1.txt 1024 1456107943 1456107943
ibr-28_ibr-10_1.txt 1024 1456108203 1456108203
ibr-28_ibr-17_1.txt 1024 1456106313 1456106313
ibr-28_ibr-18_1.txt 1024 1456107713 1456107713
ibr-28_ibr-27_1.txt 1024 1456108033 1456108033
ibr-28_ibr-3_1.txt 1024 1456106643 1456106643
ibr-28_ibr-34_1.txt 1024 1456108223 1456108223
ibr-28_ibr-4_1.txt 1024 1456107193 1456107193
ibr-28_ibr-42_1.txt 1024 1456105784 1456105784
ibr-28_ibr-42_2.txt 1024 1456107063 1456107063
ibr-28_ibr-48_1.txt 1024 1456107993 1456107993
ibr-28_ibr-51_1.txt 1024 1456106713 1456106713
ibr-28_ibr-56_1.txt 1024 1456107823 1456107823
ibr-28_ibr-9_1.txt 1024 1456108123 1456108123
ibr-29_ibr-20_1.txt 1024 1456108043 1456108043
ibr-29_ibr-2_1.txt 1024 1456105923 1456105923
ibr-29_ibr-39_1.txt 1024 1456107133 1456107133
ibr-29_ibr-47_1.txt 1024 1456107093 1456107093
ibr-29_ibr-5_1.txt 1024 1456105833 1456105833
ibr-29_ibr-52_1.txt 1024 1456106123 1456106123
ibr-29_ibr-52_2.txt 1024 1456106563 1456106563
ibr-2_ibr-14_1.txt 1024 1456106133 1456106133
ibr-2_ibr-29_1.txt 1024 1456105773 1456105773
ibr-2_ibr-30_1.txt 1024 1456105863 1456105863
ibr-2_ibr-42_1.txt 1024 1456106183 1456106183
ibr-2_ibr-48_1.txt 1024 1456106273 1456106273
ibr-2_ibr-48_2.txt 1024 1456106493 1456106493
ibr-2_ibr-50_1.txt 1024 1456105753 1456105753
ibr-2_ibr-53_1.txt 1024 1456105853 1456105853
ibr-2_ibr-54_1.txt 1024 1456106093 1456106093
ibr-2_ibr-7_1.txt 1024 1456106993 1456106993
ibr-2_ibr-7_2.txt 1024 1456107813 1456107813
ibr-30_ibr-17_1.txt 1024 1456105913 1456105913
ibr-30_ibr-18_1.txt 1024 1456105343 1456105343
ibr-30_ibr-24_1.txt 1024 1456108113 1456108113
ibr-30_ibr-36_1.txt 1024 1456106773 1456106773
ibr-30_ibr-40_1.txt 1024 1456105873 1456105873
ibr-30_ibr-41_1.txt 1024 1456107053 1456107053
ibr-30_ibr-44_1.txt 1024 1456106463 1456106463
ibr-30_ibr-45_1.txt 1024 1456106863 1456106863
ibr-30_ibr-50_1.txt 1024 1456106823 1456106823
ibr-30_ibr-50_2.txt 1024 1456108173 1456108173
ibr-31_ibr-11_1.txt 1024 1456106048 1456106048
ibr-31_ibr-11_2.txt 1024 1456106868 1456106868
ibr-31_ibr-11_3.txt 1024 1456107828 1456107828
ibr-31_ibr-11_4.txt 1024 1456108198 1456108198
ibr-31_ibr-1_1.txt 1024 1456105308 1456105308
ibr-31_ibr-1_2.txt 1024 1456106258 1456106258
ibr-31_ibr-1_3.txt 1024 1456106718 1456106718
ibr-31_ibr-1_4.txt 1024 1456107318 1456107318
ibr-31_ibr-1_5.txt 1024 1456107549 1456107549
ibr-31_ibr-16_1.txt 1024 1456106448 1456106448
ibr-31_ibr-16_2.txt 1024 1456106748 1456106748
ibr-31_ibr-16_3.txt 1024 1456107998 1456107998
ibr-31_ibr-20_1.txt 1024 1456105443 1456105443
ibr-31_ibr-20_2.txt 1024 1456106733 1456106733
ibr-31_ibr-21_1.txt 1024 1456105928 1456105928
ibr-31_ibr-21_2.txt 1024 1456106878 1456106878
ibr-31_ibr-21_3.txt 1024 1456106928 1456106928
ibr-31_ibr-21_4.txt 1024 1456108178 1456108178
ibr-31_ibr-26_1.txt 1024 1456105608 1456105608
ibr-31_ibr-26_2.txt 1024 1456105758 1456105758
ibr-31_ibr-26_3.txt 1024 1456106053 1456106053
ibr-31_ibr-26_4.txt 1024 1456106168 1456106168
ibr-31_ibr-26_5.txt 1024 1456106338 1456106338
ibr-31_ibr-26_6.txt 1024 1456107298 1456107298
ibr-31_ibr-26_7.txt 1024 1456107388 1456107388
ibr-31_ibr-26_8.txt 1024 1456107948 1456107948
ibr-31_ibr-26_9.txt 1024 1456108108 1456108108
ibr-31_ibr-33_1.txt 1024 1456105393 1456105393
ibr-31_ibr-34_1.txt 1024 1456105703 1456105703
ibr-31_ibr-35_1.txt 1024 1456107653 1456107653
ibr-31_ibr-36_1.txt 1024 1456105588 1456105588
ibr-31_ibr-36_2.txt 1024 1456105718 1456105718
ibr-31_ibr-36_3.txt 1024 1456105958 1456105958
ibr-31_ibr-36_4.txt 1024 1456107218 1456107218
ibr-31_ibr-36_5.txt 1024 1456107758 1456107758
ibr-31_ibr-36_6.txt 1024 1456108188 1456108188
ibr-31_ibr-38_1.txt 1024 1456107633 1456107633
ibr-31_ibr-41_10.txt 1024 1456108168 1456108168
ibr-31_ibr-41_1.txt 1024 1456105283 1456105283
ibr-31_ibr-41_2.txt 1024 1456105328 1456105328
ibr-31_ibr-41_3.txt 1024 1456105878 1456105878
ibr-31_ibr-41_4.txt 1024 1456106158 1456106158
ibr-31_ibr-41_5.txt 1024 1456106398 1456106398
ibr-31_ibr-41_6.txt 1024 1456106958 1456106958
ibr-31_ibr-41_7.txt 1024 1456107488 1456107488
ibr-31_ibr-41_8.txt 1024 1456107698 1456107698
ibr-31_ibr-41_9.txt 1024 1456107838 1456107838
ibr-31_ibr-46_1.txt 1024 1456105568 1456105568
ibr-31_ibr-46_2.txt 1024 1456105728 1456105728
ibr-31_ibr-46_3.txt 1024 1456106188 1456106188
ibr-31_ibr-46_4.txt 1024 1456106238 1456106238
ibr-31_ibr-46_5.txt 1024 1456106298 1456106298
ibr-31_ibr-46_6.txt 1024 1456106378 1456106378
ibr-31_ibr-46_7.txt 1024 1456106808 1456106808
ibr-31_ibr-46_8.txt 1024 1456107178 1456107178
ibr-31_ibr-46_9.txt 1024 1456107448 1456107448
ibr-31_ibr-51_1.txt 1024 1456107368 1456107368
ibr-31_ibr-54_1.txt 1024 1456106063 1456106063
ibr-31_ibr-56_1.txt 1024 1456105688 1456105688
ibr-31_ibr-56_2.txt 1024 1456106148 1456106148
ibr-31_ibr-56_3.txt 1024 1456106443 1456106443
ibr-31_ibr-56_4.txt 1024 1456107068 1456107068
ibr-31_ibr-6_1.txt 1024 1456105448 1456105448
ibr-31_ibr-6_2.txt 1024 1456105508 1456105508
ibr-31_ibr-6_3.txt 1024 1456106219 1456106219
ibr-31_ibr-6_4.txt 1024 1456106388 1456106388
ibr-31_ibr-6_5.txt 1024 1456106968 1456106968
ibr-31_ibr-6_6.txt 1024 1456108098 1456108098
ibr-32_ibr-12_1.txt 1024 1456107403 1456107403
ibr-32_ibr-16_1.txt 1024 1456106653 1456106653
ibr-32_ibr-19_1.txt 1024 1456106773 1456106773
ibr-32_ibr-21_1.txt 1024 1456105763 1456105763
ibr-32_ibr-40_1.txt 1024 1456105253 1456105253
ibr-32_ibr-50_1.txt 1024 1456106853 1456106853
ibr-32_ibr-54_1.txt 1024 1456106593 1456106593
ibr-33_ibr-13_1.txt 1024 1456107993 1456107993
ibr-33_ibr-14_1.txt 1024 1456106963 1456106963
ibr-33_ibr-19_1.txt 1024 1456106573 1456106573
ibr-33_ibr-20_1.txt 1024 1456105813 1456105813
ibr-33_ibr-22_1.txt 1024 1456105563 1456105563
ibr-33_ibr-31_1.txt 1024 1456106633 1456106633
ibr-33_ibr-34_1.txt 1024 1456107913 1456107913
ibr-33_ibr-39_1.txt 1024 1456107453 1456107453
ibr-33_ibr-4_1.txt 1024 1456107033 1456107033
ibr-33_ibr-43_1.txt 1024 1456105413 1456105413
ibr-33_ibr-46_1.txt 1024 1456107373 1456107373
ibr-33_ibr-47_1.txt 1024 1456108103 1456108103
ibr-33_ibr-48_1.txt 1024 1456107323 1456107323
ibr-33_ibr-49_1.txt 1024 1456107644 1456107644
ibr-33_ibr-53_1.txt 1024 1456105623 1456105623
ibr-33_ibr-56_1.txt 1024 1456105323 1456105323
ibr-34_ibr-18_1.txt 1024 1456108203 1456108203
ibr-34_ibr-20_1.txt 1024 1456105563 1456105563
ibr-34_ibr-20_2.txt 1024 1456107763 1456107763
ibr-34_ibr-22_1.txt 1024 1456106613 1456106613
ibr-34_ibr-23_1.txt 1024 1456106433 1456106433
ibr-34_ibr-25_1.txt 1024 1456107283 1456107283
ibr-34_ibr-26_1.txt 1024 1456105443 1456105443
ibr-34_ibr-38_1.txt 1024 1456107153 1456107153
ibr-34_ibr-39_1.txt 1024 1456106833 1456106833
ibr-34_ibr-4_1.txt 1024 1456107433 1456107433
ibr-34_ibr-48_1.txt 1024 1456106513 1456106513
ibr-34_ibr-50_1.txt 1024 1456106923 1456106923
ibr-34_ibr-9_1.txt 1024 1456106963 1456106963
ibr-35_ibr-10_1.txt 1024 1456105493 1456105493
ibr-35_ibr-17_1.txt 1024 1456108093 1456108093
ibr-35_ibr-23_1.txt 1024 1456105413 1456105413
ibr-35_ibr-29_1.txt 1024 1456106793 1456106793
ibr-35_ibr-33_1.txt 1024 1456105244 1456105244
ibr-35_ibr-8_1.txt 1024 1456107333 1456107333
ibr-36_ibr-10_1.txt 1024 1456105613 1456105613
ibr-36_ibr-11_1.txt 1024 1456106058 1456106058
ibr-36_ibr-11_2.txt 1024 1456106668 1456106668
ibr-36_ibr-11_3.txt 1024 1456106858 1456106858
ibr-36_ibr-11_4.txt 1024 1456107103 1456107103
ibr-36_ibr-11_5.txt 1024 1456107608 1456107608
ibr-36_ibr-1_1.txt 1024 1456106038 1456106038
ibr-36_ibr-1_2.txt 1024 1456106918 1456106918
ibr-36_ibr-1_3.txt 1024 1456107438 1456107438
ibr-36_ibr-1_4.txt 1024 1456108128 1456108128
ibr-36_ibr-16_1.txt 1024 1456105958 1456105958
ibr-36_ibr-16_2.txt 1024 1456106098 1456106098
ibr-36_ibr-16_3.txt 1024 1456106558 1456106558
ibr-36_ibr-16_4.txt 1024 1456107638 1456107638
ibr-36_ibr-16_5.txt 1024 1456107658 1456107658
ibr-36_ibr-16_6.txt 1024 1456107833 1456107833
ibr-36_ibr-16_7.txt 1024 1456107998 1456107998
ibr-36_ibr-21_1.txt 1024 1456106223 1456106223
ibr-36_ibr-21_2.txt 1024 1456107878 1456107878
ibr-36_ibr-21_3.txt 1024 1456108018 1456108018
ibr-36_ibr-25_1.txt 1024 1456107843 1456107843
ibr-36_ibr-26_1.txt 1024 1456105338 1456105338
ibr-36_ibr-26_2.txt 1024 1456105708 1456105708
ibr-36_ibr-26_3.txt 1024 1456105758 1456105758
ibr-36_ibr-26_4.txt 1024 1456107788 1456107788
ibr-36_ibr-31_1.txt 1024 1456106048 1456106048
ibr-36_ibr-31_2.txt 1024 1456106348 1456106348
ibr-36_ibr-31_3.txt 1024 1456106658 1456106658
ibr-36_ibr-31_4.txt 1024 1456107038 1456107038
ibr-36_ibr-31_5.txt 1024 1456107298 1456107298
ibr-36_ibr-31_6.txt 1024 1456108148 1456108148
ibr-36_ibr-41_1.txt 1024 1456105398 1456105398
ibr-36_ibr-41_2.txt 1024 1456106018 1456106018
ibr-36_ibr-41_3.txt 1024 1456106128 1456106128
ibr-36_ibr-41_4.txt 1024 1456107518 1456107518
ibr-36_ibr-42_1.txt 1024 1456105593 1456105593
ibr-36_ibr-46_1.txt 1024 1456105618 1456105618
ibr-36_ibr-46_2.txt 1024 1456106888 1456106888
ibr-36_ibr-46_3.txt 1024 1456107543 1456107543
ibr-36_ibr-46_4.txt 1024 1456107628 1456107628
ibr-36_ibr-46_5.txt 1024 1456107718 1456107718
ibr-36_ibr-46_6.txt 1024 1456107728 1456107728
ibr-36_ibr-50_1.txt 1024 1456107853 1456107853
ibr-36_ibr-51_1.txt 1024 1456106108 1456106108
ibr-36_ibr-51_2.txt 1024 1456106318 1456106318
ibr-36_ibr-51_3.txt 1024 1456106468 1456106468
ibr-36_ibr-51_4.txt 1024 1456107078 1456107078
ibr-36_ibr-51_5.txt 1024 1456107328 1456107328
ibr-36_ibr-51_6.txt 1024 1456107768 1456107768
ibr-36_ibr-51_7.txt 1024 1456107798 1456107799
ibr-36_ibr-51_8.txt 1024 1456108158 1456108158
ibr-36_ibr-53_1.txt 1024 1456105513 1456105513
ibr-36_ibr-56_1.txt 1024 1456105488 1456105488
ibr-36_ibr-56_2.txt 1024 1456105598 1456105598
ibr-36_ibr-56_3.txt 1024 1456105678 1456105678
ibr-36_ibr-56_4.txt 1024 1456105778 1456105778
ibr-36_ibr-56_5.txt 1024 1456105838 1456105838
ibr-36_ibr-56_6.txt 1024 1456106178 1456106178
ibr-36_ibr-56_7.txt 1024 1456106528 1456106528
ibr-36_ibr-56_8.txt 1024 1456106628 1456106628
ibr-36_ibr-56_9.txt 1024 1456107898 1456107898
ibr-36_ibr-6_1.txt 1024 1456105258 1456105258
ibr-36_ibr-6_2.txt 1024 1456107238 1456107238
ibr-36_ibr-6_3.txt 1024 1456107928 1456107928
ibr-37_ibr-11_1.txt 1024 1456106543 1456106543
ibr-37_ibr-19_1.txt 1024 1456105883 1456105883
ibr-37_ibr-23_1.txt 1024 1456106823 1456106823
ibr-37_ibr-41_1.txt 1024 1456107023 1456107023
ibr-37_ibr-4_1.txt 1024 1456106693 1456106693
ibr-37_ibr-42_1.txt 1024 1456106213 1456106213
ibr-37_ibr-7_1.txt 1024 1456106793 1456106793
ibr-38_ibr-12_1.txt 1024 1456107223 1456107223
ibr-38_ibr-20_1.txt 1024 1456106393 1456106393
ibr-38_ibr-32_1.txt 1024 1456106084 1456106084
ibr-38_ibr-39_1.txt 1024 1456105373 1456105373
ibr-38_ibr-42_1.txt 1024 1456106813 1456106813
ibr-38_ibr-45_1.txt 1024 1456105983 1456105983
ibr-38_ibr-45_2.txt 1024 1456107463 1456107463
ibr-38_ibr-46_1.txt 1024 1456105933 1456105933
ibr-38_ibr-47_1.txt 1024 1456107023 1456107023
ibr-38_ibr-48_1.txt 1024 1456106113 1456106113
ibr-38_ibr-51_1.txt 1024 1456107783 1456107783
ibr-38_ibr-55_1.txt 1024 1456107693 1456107693
ibr-39_ibr-13_1.txt 1024 1456107793 1456107793
ibr-39_ibr-15_1.txt 1024 1456105953 1456105953
ibr-39_ibr-23_1.txt 1024 1456106503 1456106503
ibr-39_ibr-29_1.txt 1024 1456108003 1456108003
ibr-39_ibr-41_1.txt 1024 1456106303 1456106303
ibr-39_ibr-50_1.txt 1024 1456107674 1456107674
ibr-39_ibr-52_1.txt 1024 1456106084 1456106084
ibr-39_ibr-54_1.txt 1024 1456106483 1456106483
ibr-39_ibr-6_1.txt 1024 1456107343 1456107343
ibr-39_ibr-6_2.txt 1024 1456107423 1456107423
ibr-3_ibr-10_1.txt 1024 1456107573 1456107573
ibr-3_ibr-12_1.txt 1024 1456105453 1456105453
ibr-3_ibr-18_1.txt 1024 1456107933 1456107933
ibr-3_ibr-39_1.txt 1024 1456107253 1456107253
ibr-3_ibr-4_1.txt 1024 1456105943 1456105943
ibr-3_ibr-45_1.txt 1024 1456107963 1456107963
ibr-3_ibr-49_1.txt 1024 1456107443 1456107443
ibr-3_ibr-5_1.txt 1024 1456106453 1456106453
ibr-40_ibr-14_1.txt 1024 1456105463 1456105463
ibr-40_ibr-26_1.txt 1024 1456105333 1456105333
ibr-40_ibr-27_1.txt 1024 1456106523 1456106523
ibr-40_ibr-31_1.txt 1024 1456107183 1456107183
ibr-40_ibr-3_1.txt 1024 1456105873 1456105873
ibr-40_ibr-32_1.txt 1024 1456107783 1456107783
ibr-40_ibr-34_1.txt 1024 1456107283 1456107283
ibr-40_ibr-35_1.txt 1024 1456105643 1456105643
ibr-40_ibr-37_1.txt 1024 1456107293 1456107293
ibr-40_ibr-38_1.txt 1024 1456107113 1456107113
ibr-40_ibr-39_1.txt 1024 1456107253 1456107253
ibr-40_ibr-4_1.txt 1024 1456106703 1456106703
ibr-40_ibr-42_1.txt 1024 1456107693 1456107693
ibr-40_ibr-48_1.txt 1024 1456105743 1456105743
ibr-41_ibr-10_1.txt 1024 1456105483 1456105483
ibr-41_ibr-10_2.txt 1024 1456107923 1456107923
ibr-41_ibr-11_1.txt 1024 1456105528 1456105528
ibr-41_ibr-11_2.txt 1024 1456106658 1456106658
ibr-41_ibr-11_3.txt 1024 1456107868 1456107868
ibr-41_ibr-11_4.txt 1024 1456107978 1456107978
ibr-41_ibr-1_1.txt 1024 1456106068 1456106068
ibr-41_ibr-1_2.txt 1024 1456106358 1456106358
ibr-41_ibr-1_3.txt 1024 1456107808 1456107808
ibr-41_ibr-1_4.txt 1024 1456107908 1456107908
ibr-41_ibr-16_1.txt 1024 1456106888 1456106888
ibr-41_ibr-16_2.txt 1024 1456106958 1456106958
ibr-41_ibr-16_3.txt 1024 1456107018 1456107018
ibr-41_ibr-16_4.txt 1024 1456108078 1456108078
ibr-41_ibr-16_5.txt 1024 1456108218 1456108218
ibr-41_ibr-19_1.txt 1024 1456105993 1456105993
ibr-41_ibr-21_1.txt 1024 1456105348 1456105348
ibr-41_ibr-21_2.txt 1024 1456105588 1456105588
ibr-41_ibr-21_3.txt 1024 1456105638 1456105638
ibr-41_ibr-21_4.txt 1024 1456106688 1456106688
ibr-41_ibr-21_5.txt 1024 1456106998 1456106998
ibr-41_ibr-21_6.txt 1024 1456107098 1456107098
ibr-41_ibr-21_7.txt 1024 1456107568 1456107568
ibr-41_ibr-21_8.txt 1024 1456107728 1456107728
ibr-41_ibr-25_1.txt 1024 1456108153 1456108153
ibr-41_ibr-30_1.txt 1024 1456107493 1456107493
ibr-41_ibr-31_1.txt 1024 1456106458 1456106458
ibr-41_ibr-31_2.txt 1024 1456106588 1456106588
ibr-41_ibr-31_3.txt 1024 1456106618 1456106618
ibr-41_ibr-36_1.txt 1024 1456106178 1456106178
ibr-41_ibr-36_2.txt 1024 1456106378 1456106378
ibr-41_ibr-36_3.txt 1024 1456107838 1456107838
ibr-41_ibr-37_1.txt 1024 1456106763 1456106763
ibr-41_ibr-43_1.txt 1024 1456106133 1456106133
ibr-41_ibr-46_1.txt 1024 1456105288 1456105288
ibr-41_ibr-46_2.txt 1024 1456105368 1456105368
ibr-41_ibr-46_3.txt 1024 1456106228 1456106228
ibr-41_ibr-46_4.txt 1024 1456106388 1456106388
ibr-41_ibr-46_5.txt 1024 1456106928 1456106928
ibr-41_ibr-46_6.txt 1024 1456107468 1456107468
ibr-41_ibr-51_1.txt 1024 1456106088 1456106088
ibr-41_ibr-51_2.txt 1024 1456106948 1456106948
ibr-41_ibr-51_3.txt 1024 1456107248 1456107248
ibr-41_ibr-51_4.txt 1024 1456107268 1456107268
ibr-41_ibr-51_5.txt 1024 1456108208 1456108208
ibr-41_ibr-56_1.txt 1024 1456105418 1456105418
ibr-41_ibr-56_2.txt 1024 1456105508 1456105508
ibr-41_ibr-56_3.txt 1024 1456106119 1456106119
ibr-41_ibr-56_4.txt 1024 1456107158 1456107158
ibr-41_ibr-56_5.txt 1024 1456107228 1456107228
ibr-41_ibr-56_6.txt 1024 1456107458 1456107458
ibr-41_ibr-56_7.txt 1024 1456107883 1456107883
ibr-41_ibr-56_8.txt 1024 1456107938 1456107938
ibr-41_ibr-6_1.txt 1024 1456106138 1456106138
ibr-41_ibr-6_2.txt 1024 1456106248 1456106248
ibr-41_ibr-6_3.txt 1024 1456107588 1456107588
ibr-41_ibr-6_4.txt 1024 1456108068 1456108068
ibr-42_ibr-14_1.txt 1024 1456105593 1456105593
ibr-42_ibr-24_1.txt 1024 1456106423 1456106423
ibr-42_ibr-25_1.txt 1024 1456106613 1456106613
ibr-42_ibr-26_1.txt 1024 1456108033 1456108033
ibr-42_ibr-29_1.txt 1024 1456107233 1456107233
ibr-42_ibr-33_1.txt 1024 1456107073 1456107073
ibr-42_ibr-35_1.txt 1024 1456106353 1456106353
ibr-42_ibr-37_1.txt 1024 1456107823 1456107823
ibr-42_ibr-44_1.txt 1024 1456105313 1456105313
ibr-42_ibr-44_2.txt 1024 1456106003 1456106003
ibr-42_ibr-50_1.txt 1024 1456107663 1456107663
ibr-42_ibr-5_1.txt 1024 1456106513 1456106513
ibr-43_ibr-12_1.txt 1024 1456108083 1456108083
ibr-43_ibr-19_1.txt 1024 1456105723 1456105723
ibr-43_ibr-28_1.txt 1024 1456106753 1456106753
ibr-43_ibr-4_1.txt 1024 1456107103 1456107103
ibr-43_ibr-42_1.txt 1024 1456107513 1456107513
ibr-43_ibr-48_1.txt 1024 1456107733 1456107733
ibr-43_ibr-55_1.txt 1024 1456106033 1456106033
ibr-43_ibr-7_1.txt 1024 1456108143 1456108143
ibr-44_ibr-12_1.txt 1024 1456105493 1456105493
ibr-44_ibr-15_1.txt 1024 1456108123 1456108123
ibr-44_ibr-19_1.txt 1024 1456105893 1456105893
ibr-44_ibr-21_1.txt 1024 1456107983 1456107983
ibr-44_ibr-23_1.txt 1024 1456105573 1456105573
ibr-44_ibr-27_1.txt 1024 1456106273 1456106273
ibr-44_ibr-35_1.txt 1024 1456106493 1456106493
ibr-44_ibr-36_1.txt 1024 1456106173 1456106173
ibr-44_ibr-39_1.txt 1024 1456106293 1456106293
ibr-44_ibr-4_1.txt 1024 1456107163 1456107163
ibr-44_ibr-4_2.txt 1024 1456107523 1456107523
ibr-44_ibr-51_1.txt 1024 1456108213 1456108213
ibr-44_ibr-53_1.txt 1024 1456107853 1456107853
ibr-45_ibr-17_1.txt 1024 1456108013 1456108013
ibr-45_ibr-22_1.txt 1024 1456107743 1456107743
ibr-45_ibr-31_1.txt 1024 1456105533 1456105533
ibr-45_ibr-32_1.txt 1024 1456106283 1456106283
ibr-45_ibr-32_2.txt 1024 1456107113 1456107113
ibr-45_ibr-35_1.txt 1024 1456106233 1456106233
ibr-45_ibr-44_1.txt 1024 1456106783 1456106783
ibr-45_ibr-47_1.txt 1024 1456107293 1456107293
ibr-45_ibr-8_1.txt 1024 1456106153 1456106153
ibr-46_ibr-11_1.txt 1024 1456105838 1456105838
ibr-46_ibr-11_2.txt 1024 1456106648 1456106648
ibr-46_ibr-11_3.txt 1024 1456106938 1456106938
ibr-46_ibr-11_4.txt 1024 1456107108 1456107108
ibr-46_ibr-11_5.txt 1024 1456107828 1456107828
ibr-46_ibr-1_1.txt 1024 1456106268 1456106268
ibr-46_ibr-1_2.txt 1024 1456106608 1456106608
ibr-46_ibr-1_3.txt 1024 1456107208 1456107208
ibr-46_ibr-1_4.txt 1024 1456107988 1456107988
ibr-46_ibr-16_1.txt 1024 1456105518 1456105518
ibr-46_ibr-16_2.txt 1024 1456106038 1456106038
ibr-46_ibr-21_1.txt 1024 1456105988 1456105988
ibr-46_ibr-21_2.txt 1024 1456106078 1456106078
ibr-46_ibr-21_3.txt 1024 1456106578 1456106578
ibr-46_ibr-21_4.txt 1024 1456106948 1456106948
ibr-46_ibr-21_5.txt 1024 1456107238 1456107238
ibr-46_ibr-21_6.txt 1024 1456107278 1456107278
ibr-46_ibr-21_7.txt 1024 1456107798 1456107799
ibr-46_ibr-26_1.txt 1024 1456105363 1456105363
ibr-46_ibr-26_2.txt 1024 1456105388 1456105388
ibr-46_ibr-26_3.txt 1024 1456105868 1456105868
ibr-46_ibr-26_4.txt 1024 1456106018 1456106018
ibr-46_ibr-26_5.txt 1024 1456106208 1456106208
ibr-46_ibr-26_6.txt 1024 1456107688 1456107688
ibr-46_ibr-26_7.txt 1024 1456108168 1456108168
ibr-46_ibr-30_1.txt 1024 1456105303 1456105303
ibr-46_ibr-31_1.txt 1024 1456105948 1456105948
ibr-46_ibr-31_2.txt 1024 1456105998 1456105998
ibr-46_ibr-31_3.txt 1024 1456107268 1456107268
ibr-46_ibr-31_4.txt 1024 1456107958 1456107958
ibr-46_ibr-31_5.txt 1024 1456108008 1456108008
ibr-46_ibr-36_10.txt 1024 1456108068 1456108068
ibr-46_ibr-36_1.txt 1024 1456105528 1456105528
ibr-46_ibr-36_2.txt 1024 1456105648 1456105648
ibr-46_ibr-36_3.txt 1024 1456105858 1456105858
ibr-46_ibr-36_4.txt 1024 1456105968 1456105968
ibr-46_ibr-36_5.txt 1024 1456106478 1456106478
ibr-46_ibr-36_6.txt 1024 1456106598 1456106598
ibr-46_ibr-36_7.txt 1024 1456107048 1456107048
ibr-46_ibr-36_8.txt 1024 1456107608 1456107608
ibr-46_ibr-36_9.txt 1024 1456108028 1456108028
ibr-46_ibr-39_1.txt 1024 1456105293 1456105293
ibr-46_ibr-41_1.txt 1024 1456105938 1456105938
ibr-46_ibr-41_2.txt 1024 1456106228 1456106228
ibr-46_ibr-41_3.txt 1024 1456106368 1456106368
ibr-46_ibr-41_4.txt 1024 1456106628 1456106628
ibr-46_ibr-41_5.txt 1024 1456106818 1456106818
ibr-46_ibr-43_1.txt 1024 1456108193 1456108193
ibr-46_ibr-48_1.txt 1024 1456105423 1456105423
ibr-46_ibr-51_1.txt 1024 1456105298 1456105298
ibr-46_ibr-51_2.txt 1024 1456105358 1456105358
ibr-46_ibr-51_3.txt 1024 1456105908 1456105908
ibr-46_ibr-51_4.txt 1024 1456107118 1456107118
ibr-46_ibr-51_5.txt 1024 1456107288 1456107288
ibr-46_ibr-55_1.txt 1024 1456106163 1456106163
ibr-46_ibr-56_1.txt 1024 1456106518 1456106518
ibr-46_ibr-56_2.txt 1024 1456107418 1456107418
ibr-46_ibr-6_1.txt 1024 1456105668 1456105668
ibr-46_ibr-6_2.txt 1024 1456106623 1456106623
ibr-46_ibr-6_3.txt 1024 1456107169 1456107169
ibr-46_ibr-6_4.txt 1024 1456107458 1456107458
ibr-46_ibr-6_5.txt 1024 1456107808 1456107808
ibr-46_ibr-6_6.txt 1024 1456108038 1456108038
ibr-47_ibr-13_1.txt 1024 1456107603 1456107603
ibr-47_ibr-16_1.txt 1024 1456106363 1456106363
ibr-47_ibr-17_1.txt 1024 1456106073 1456106073
ibr-47_ibr-20_1.txt 1024 1456105293 1456105293
ibr-47_ibr-27_1.txt 1024 1456105853 1456105853
ibr-47_ibr-27_2.txt 1024 1456107303 1456107303
ibr-47_ibr-4_1.txt 1024 1456106973 1456106973
ibr-47_ibr-46_1.txt 1024 1456106383 1456106383
ibr-47_ibr-46_2.txt 1024 1456108003 1456108003
ibr-48_ibr-13_1.txt 1024 1456105893 1456105893
ibr-48_ibr-19_1.txt 1024 1456106993 1456106993
ibr-48_ibr-2_1.txt 1024 1456106143 1456106143
ibr-48_ibr-27_1.txt 1024 1456107043 1456107043
ibr-48_ibr-3_1.txt 1024 1456107973 1456107973
ibr-48_ibr-32_1.txt 1024 1456107553 1456107553
ibr-48_ibr-34_1.txt 1024 1456108133 1456108133
ibr-48_ibr-37_1.txt 1024 1456105733 1456105733
ibr-48_ibr-38_1.txt 1024 1456106103 1456106103
ibr-48_ibr-45_1.txt 1024 1456108163 1456108163
ibr-48_ibr-47_1.txt 1024 1456106803 1456106803
ibr-48_ibr-8_1.txt 1024 1456107923 1456107923
ibr-49_ibr-16_1.txt 1024 1456108023 1456108023
ibr-49_ibr-22_1.txt 1024 1456105353 1456105353
ibr-49_ibr-29_1.txt 1024 1456106403 1456106403
ibr-49_ibr-34_1.txt 1024 1456107883 1456107883
ibr-49_ibr-35_1.txt 1024 1456107413 1456107413
ibr-49_ibr-37_1.txt 1024 1456105823 1456105823
ibr-49_ibr-40_1.txt 1024 1456107383 1456107383
ibr-49_ibr-5_1.txt 1024 1456106373 1456106373
ibr-49_ibr-52_1.txt 1024 1456105523 1456105523
ibr-49_ibr-53_1.txt 1024 1456106853 1456106853
ibr-49_ibr-54_1.txt 1024 1456107503 1456107503
ibr-4_ibr-15_1.txt 1024 1456107683 1456107683
ibr-4_ibr-26_1.txt 1024 1456106893 1456106893
ibr-4_ibr-38_1.txt 1024 1456108053 1456108053
ibr-4_ibr-40_1.txt 1024 1456106153 1456106153
ibr-4_ibr-42_1.txt 1024 1456106813 1456106813
ibr-4_ibr-56_1.txt 1024 1456107223 1456107223
ibr-4_ibr-9_1.txt 1024 1456106193 1456106193
ibr-50_ibr-11_1.txt 1024 1456105913 1456105913
ibr-50_ibr-16_1.txt 1024 1456107873 1456107873
ibr-50_ibr-20_1.txt 1024 1456106843 1456106843
ibr-50_ibr-24_1.txt 1024 1456107013 1456107013
ibr-50_ibr-25_1.txt 1024 1456106173 1456106173
ibr-50_ibr-30_1.txt 1024 1456107983 1456107983
ibr-50_ibr-31_1.txt 1024 1456106583 1456106583
ibr-50_ibr-31_2.txt 1024 1456107123 1456107123
ibr-50_ibr-3_1.txt 1024 1456106233 1456106233
ibr-50_ibr-32_1.txt 1024 1456107833 1456107833
ibr-50_ibr-34_1.txt 1024 1456108183 1456108183
ibr-50_ibr-37_1.txt 1024 1456107173 1456107173
ibr-50_ibr-4_1.txt 1024 1456106414 1456106414
ibr-50_ibr-42_1.txt 1024 1456105683 1456105683
ibr-50_ibr-43_1.txt 1024 1456106923 1456106923
ibr-50_ibr-47_1.txt 1024 1456105763 1456105763
ibr-50_ibr-49_1.txt 1024 1456107943 1456107943
ibr-50_ibr-5_1.txt 1024 1456107583 1456107583
ibr-50_ibr-8_1.txt 1024 1456106693 1456106693
ibr-51_ibr-11_1.txt 1024 1456105268 1456105268
ibr-51_ibr-11_2.txt 1024 1456106438 1456106438
ibr-51_ibr-11_3.txt 1024 1456106508 1456106508
ibr-51_ibr-11_4.txt 1024 1456106868 1456106868
ibr-51_ibr-11_5.txt 1024 1456106998 1456106998
ibr-51_ibr-11_6.txt 1024 1456107638 1456107638
ibr-51_ibr-11_7.txt 1024 1456107678 1456107678
ibr-51_ibr-1_1.txt 1024 1456107288 1456107288
ibr-51_ibr-1_2.txt 1024 1456107628 1456107628
ibr-51_ibr-1_3.txt 1024 1456107708 1456107708
ibr-51_ibr-1_4.txt 1024 1456107938 1456107938
ibr-51_ibr-1_5.txt 1024 1456108158 1456108158
ibr-51_ibr-16_1.txt 1024 1456105398 1456105398
ibr-51_ibr-16_2.txt 1024 1456105868 1456105868
ibr-51_ibr-16_3.txt 1024 1456106278 1456106278
ibr-51_ibr-16_4.txt 1024 1456106498 1456106498
ibr-51_ibr-16_5.txt 1024 1456106708 1456106708
ibr-51_ibr-16_6.txt 1024 1456107398 1456107398
ibr-51_ibr-16_7.txt 1024 1456107928 1456107928
ibr-51_ibr-16_8.txt 1024 1456108138 1456108138
ibr-51_ibr-17_1.txt 1024 1456107313 1456107313
ibr-51_ibr-21_1.txt 1024 1456105618 1456105618
ibr-51_ibr-21_2.txt 1024 1456105748 1456105748
ibr-51_ibr-21_3.txt 1024 1456105888 1456105888
ibr-51_ibr-21_4.txt 1024 1456106028 1456106028
ibr-51_ibr-21_5.txt 1024 1456106638 1456106638
ibr-51_ibr-21_6.txt 1024 1456107738 1456107738
ibr-51_ibr-26_1.txt 1024 1456106238 1456106238
ibr-51_ibr-26_2.txt 1024 1456106788 1456106788
ibr-51_ibr-31_1.txt 1024 1456105338 1456105338
ibr-51_ibr-31_2.txt 1024 1456105458 1456105458
ibr-51_ibr-31_3.txt 1024 1456105548 1456105548
ibr-51_ibr-31_4.txt 1024 1456105638 1456105638
ibr-51_ibr-31_5.txt 1024 1456106748 1456106748
ibr-51_ibr-31_6.txt 1024 1456106818 1456106818
ibr-51_ibr-31_7.txt 1024 1456107358 1456107358
ibr-51_ibr-31_8.txt 1024 1456107408 1456107408
ibr-51_ibr-31_9.txt 1024 1456107658 1456107658
ibr-51_ibr-33_1.txt 1024 1456107953 1456107953
ibr-51_ibr-36_1.txt 1024 1456107128 1456107128
ibr-51_ibr-36_2.txt 1024 1456107763 1456107763
ibr-51_ibr-36_3.txt 1024 1456107888 1456107888
ibr-51_ibr-41_1.txt 1024 1456105278 1456105278
ibr-51_ibr-41_2.txt 1024 1456106188 1456106188
ibr-51_ibr-41_3.txt 1024 1456107768 1456107768
ibr-51_ibr-46_1.txt 1024 1456105658 1456105658
ibr-51_ibr-46_2.txt 1024 1456108118 1456108118
ibr-51_ibr-56_1.txt 1024 1456106308 1456106308
ibr-51_ibr-56_2.txt 1024 1456106548 1456106548
ibr-51_ibr-56_3.txt 1024 1456106578 1456106578
ibr-51_ibr-56_4.txt 1024 1456107378 1456107378
ibr-51_ibr-56_5.txt 1024 1456108188 1456108188
ibr-51_ibr-6_1.txt 1024 1456105728 1456105728
ibr-51_ibr-6_2.txt 1024 1456106119 1456106119
ibr-51_ibr-6_3.txt 1024 1456106528 1456106528
ibr-51_ibr-6_4.txt 1024 1456106568 1456106568
ibr-51_ibr-6_5.txt 1024 1456106978 1456106978
ibr-51_ibr-6_6.txt 1024 1456107208 1456107208
ibr-51_ibr-6_7.txt 1024 1456107218 1456107218
ibr-51_ibr-7_1.txt 1024 1456107323 1456107323
ibr-52_ibr-14_1.txt 1024 1456105523 1456105523
ibr-52_ibr-19_1.txt 1024 1456106533 1456106533
ibr-52_ibr-24_1.txt 1024 1456108063 1456108063
ibr-52_ibr-36_1.txt 1024 1456107363 1456107363
ibr-52_ibr-51_1.txt 1024 1456105784 1456105784
ibr-52_ibr-54_1.txt 1024 1456105363 1456105363
ibr-53_ibr-15_1.txt 1024 1456106003 1456106003
ibr-53_ibr-2_1.txt 1024 1456107463 1456107463
ibr-53_ibr-24_1.txt 1024 1456108063 1456108063
ibr-53_ibr-26_1.txt 1024 1456105613 1456105613
ibr-53_ibr-35_1.txt 1024 1456106683 1456106683
ibr-53_ibr-36_1.txt 1024 1456108193 1456108193
ibr-53_ibr-43_1.txt 1024 1456105553 1456105553
ibr-53_ibr-45_1.txt 1024 1456105473 1456105473
ibr-53_ibr-47_1.txt 1024 1456107843 1456107843
ibr-53_ibr-51_1.txt 1024 1456107503 1456107503
ibr-53_ibr-6_1.txt 1024 1456108053 1456108053
ibr-54_ibr-10_1.txt 1024 1456105723 1456105723
ibr-54_ibr-12_1.txt 1024 1456107473 1456107473
ibr-54_ibr-25_1.txt 1024 1456106673 1456106673
ibr-54_ibr-25_2.txt 1024 1456107553 1456107553
ibr-54_ibr-30_1.txt 1024 1456107873 1456107873
ibr-54_ibr-3_1.txt 1024 1456106343 1456106343
ibr-54_ibr-32_1.txt 1024 1456106403 1456106403
ibr-54_ibr-40_1.txt 1024 1456107303 1456107303
ibr-54_ibr-47_1.txt 1024 1456107753 1456107753
ibr-54_ibr-52_1.txt 1024 1456106663 1456106663
ibr-54_ibr-53_1.txt 1024 1456106533 1456106533
ibr-55_ibr-28_1.txt 1024 1456105643 1456105643
ibr-55_ibr-29_1.txt 1024 1456107573 1456107573
ibr-55_ibr-30_1.txt 1024 1456107333 1456107333
ibr-55_ibr-36_1.txt 1024 1456106023 1456106023
ibr-55_ibr-37_1.txt 1024 1456105573 1456105573
ibr-55_ibr-41_1.txt 1024 1456106453 1456106453
ibr-55_ibr-52_1.txt 1024 1456107163 1456107163
ibr-55_ibr-54_1.txt 1024 1456106743 1456106743
ibr-56_ibr-13_1.txt 1024 1456107063 1456107063
ibr-56_ibr-16_1.txt 1024 1456106443 1456106443
ibr-56_ibr-16_2.txt 1024 1456107393 1456107393
ibr-56_ibr-17_1.txt 1024 1456105543 1456105543
ibr-56_ibr-25_1.txt 1024 1456107723 1456107723
ibr-56_ibr-33_1.txt 1024 1456105253 1456105253
ibr-56_ibr-41_1.txt 1024 1456107613 1456107613
ibr-56_ibr-43_1.txt 1024 1456107263 1456107263
ibr-56_ibr-46_1.txt 1024 1456105803 1456105803
ibr-56_ibr-48_1.txt 1024 1456105713 1456105713
ibr-56_ibr-51_1.txt 1024 1456107703 1456107703
ibr-56_ibr-54_1.txt 1024 1456106243 1456106243
ibr-5_ibr-13_1.txt 1024 1456107603 1456107603
ibr-5_ibr-14_1.txt 1024 1456107493 1456107493
ibr-5_ibr-19_1.txt 1024 1456105263 1456105263
ibr-5_ibr-23_1.txt 1024 1456107203 1456107203
ibr-5_ibr-23_2.txt 1024 1456107233 1456107233
ibr-5_ibr-32_1.txt 1024 1456106903 1456106903
ibr-5_ibr-36_1.txt 1024 1456105323 1456105323
ibr-5_ibr-36_2.txt 1024 1456106743 1456106743
ibr-5_ibr-42_1.txt 1024 1456106073 1456106073
ibr-5_ibr-43_1.txt 1024 1456105383 1456105383
ibr-5_ibr-49_1.txt 1024 1456105503 1456105503
ibr-5_ibr-49_2.txt 1024 1456106243 1456106243
ibr-6_ibr-11_1.txt 1024 1456106863 1456106863
ibr-6_ibr-11_2.txt 1024 1456106918 1456106918
ibr-6_ibr-11_3.txt 1024 1456106938 1456106938
ibr-6_ibr-11_4.txt 1024 1456107148 1456107148
ibr-6_ibr-1_1.txt 1024 1456105848 1456105848
ibr-6_ibr-1_2.txt 1024 1456107009 1456107009
ibr-6_ibr-1_3.txt 1024 1456107528 1456107528
ibr-6_ibr-15_1.txt 1024 1456105353 1456105353
ibr-6_ibr-16_1.txt 1024 1456105438 1456105438
ibr-6_ibr-16_2.txt 1024 1456105488 1456105488
ibr-6_ibr-16_3.txt 1024 1456105833 1456105833
ibr-6_ibr-16_4.txt 1024 1456106033 1456106033
ibr-6_ibr-16_5.txt 1024 1456106308 1456106308
ibr-6_ibr-16_6.txt 1024 1456106678 1456106678
ibr-6_ibr-16_7.txt 1024 1456106808 1456106808
ibr-6_ibr-16_8.txt 1024 1456107178 1456107178
ibr-6_ibr-21_10.txt 1024 1456108153 1456108153
ibr-6_ibr-21_1.txt 1024 1456105388 1456105388
ibr-6_ibr-21_2.txt 1024 1456105808 1456105808
ibr-6_ibr-21_3.txt 1024 1456106163 1456106163
ibr-6_ibr-21_4.txt 1024 1456106183 1456106183
ibr-6_ibr-21_5.txt 1024 1456106398 1456106398
ibr-6_ibr-21_6.txt 1024 1456106468 1456106468
ibr-6_ibr-21_7.txt 1024 1456107338 1456107338
ibr-6_ibr-21_8.txt 1024 1456107778 1456107778
ibr-6_ibr-21_9.txt 1024 1456108088 1456108088
ibr-6_ibr-26_1.txt 1024 1456106158 1456106158
ibr-6_ibr-26_2.txt 1024 1456106318 1456106318
ibr-6_ibr-26_3.txt 1024 1456107198 1456107198
ibr-6_ibr-26_4.txt 1024 1456107668 1456107668
ibr-6_ibr-26_5.txt 1024 1456107713 1456107713
ibr-6_ibr-26_6.txt 1024 1456107748 1456107748
ibr-6_ibr-26_7.txt 1024 1456108038 1456108038
ibr-6_ibr-28_1.txt 1024 1456106103 1456106103
ibr-6_ibr-31_1.txt 1024 1456105938 1456105938
ibr-6_ibr-31_2.txt 1024 1456106758 1456106758
ibr-6_ibr-31_3.txt 1024 1456107028 1456107028
ibr-6_ibr-31_4.txt 1024 1456107098 1456107098
ibr-6_ibr-31_5.txt 1024 1456107468 1456107468
ibr-6_ibr-31_6.txt 1024 1456107568 1456107568
ibr-6_ibr-32_1.txt 1024 1456106063 1456106063
ibr-6_ibr-33_1.txt 1024 1456105433 1456105433
ibr-6_ibr-36_1.txt 1024 1456105658 1456105658
ibr-6_ibr-36_2.txt 1024 1456107548 1456107549
ibr-6_ibr-36_3.txt 1024 1456107618 1456107618
ibr-6_ibr-36_4.txt 1024 1456107818 1456107818
ibr-6_ibr-41_1.txt 1024 1456105378 1456105378
ibr-6_ibr-41_2.txt 1024 1456105788 1456105788
ibr-6_ibr-41_3.txt 1024 1456106898 1456106898
ibr-6_ibr-41_4.txt 1024 1456106933 1456106933
ibr-6_ibr-41_5.txt 1024 1456107088 1456107088
ibr-6_ibr-41_6.txt 1024 1456107538 1456107538
ibr-6_ibr-4_1.txt 1024 1456106113 1456106113
ibr-6_ibr-46_1.txt 1024 1456105268 1456105268
ibr-6_ibr-46_2.txt 1024 1456107058 1456107058
ibr-6_ibr-46_3.txt 1024 1456107138 1456107138
ibr-6_ibr-50_1.txt 1024 1456106053 1456106053
ibr-6_ibr-51_1.txt 1024 1456105428 1456105428
ibr-6_ibr-51_2.txt 1024 1456105448 1456105448
ibr-6_ibr-51_3.txt 1024 1456107188 1456107188
ibr-6_ibr-51_4.txt 1024 1456107428 1456107428
ibr-6_ibr-51_5.txt 1024 1456107848 1456107848
ibr-6_ibr-51_6.txt 1024 1456107895 1456107895
ibr-6_ibr-56_1.txt 1024 1456106638 1456106638
ibr-6_ibr-56_2.txt 1024 1456107968 1456107968
ibr-6_ibr-56_3.txt 1024 1456108118 1456108118
ibr-6_ibr-7_1.txt 1024 1456107793 1456107793
ibr-7_ibr-11_1.txt 1024 1456106553 1456106553
ibr-7_ibr-11_2.txt 1024 1456107963 1456107963
ibr-7_ibr-13_1.txt 1024 1456106253 1456106253
ibr-7_ibr-24_1.txt 1024 1456105713 1456105713
ibr-7_ibr-24_2.txt 1024 1456106523 1456106523
ibr-7_ibr-24_3.txt 1024 1456107593 1456107593
ibr-7_ibr-27_1.txt 1024 1456105693 1456105693
ibr-7_ibr-36_1.txt 1024 1456105623 1456105623
ibr-7_ibr-37_1.txt 1024 1456107483 1456107483
ibr-7_ibr-38_1.txt 1024 1456106293 1456106293
ibr-7_ibr-48_1.txt 1024 1456105423 1456105423
ibr-7_ibr-56_1.txt 1024 1456106883 1456106883
ibr-7_ibr-6_1.txt 1024 1456106313 1456106313
ibr-7_ibr-8_1.txt 1024 1456107043 1456107043
ibr-8_ibr-10_1.txt 1024 1456105273 1456105273
ibr-8_ibr-13_1.txt 1024 1456107903 1456107903
ibr-8_ibr-20_1.txt 1024 1456105503 1456105503
ibr-8_ibr-30_1.txt 1024 1456106223 1456106223
ibr-8_ibr-30_2.txt 1024 1456107263 1456107263
ibr-8_ibr-31_1.txt 1024 1456106973 1456106973
ibr-8_ibr-36_1.txt 1024 1456107183 1456107183
ibr-8_ibr-47_1.txt 1024 1456105733 1456105733
ibr-8_ibr-48_1.txt 1024 1456108023 1456108023
ibr-8_ibr-53_1.txt 1024 1456105373 1456105373
ibr-8_ibr-7_1.txt 1024 1456107723 1456107723
ibr-8_ibr-7_2.txt 1024 1456107773 1456107773
ibr-9_ibr-10_1.txt 1024 1456107653 1456107653
ibr-9_ibr-15_1.txt 1024 1456106323 1456106323
ibr-9_ibr-16_1.txt 1024 1456105483 1456105483
ibr-9_ibr-18_1.txt 1024 1456107633 1456107633
ibr-9_ibr-22_1.txt 1024 1456108013 1456108013
ibr-9_ibr-25_1.txt 1024 1456106873 1456106873
ibr-9_ibr-33_1.txt 1024 1456107473 1456107473
ibr-9_ibr-37_1.txt 1024 1456107803 1456107803
ibr-9_ibr-43_1.txt 1024 1456108103 1456108103
ibr-9_ibr-45_1.txt 1024 1456107013 1456107013
ibr-9_ibr-49_1.txt 1024 1456105693 1456105693
ibr-9_ibr-49_2.txt 1024 1456106603 1456106603
ibr-9_ibr-56_1.txt 1024 1456107083 1456107083
