# name size  create_time reach_time
ibr-10_ibr-22_1.txt 1024 1456155254 1456156193
ibr-10_ibr-23_1.txt 1024 1456155253 1456156753
ibr-10_ibr-24_1.txt 1024 1456155253 1456158789
ibr-10_ibr-28_1.txt 1024 1456155253 1456156733
ibr-10_ibr-33_1.txt 1024 1456155254 1456157228
ibr-10_ibr-40_1.txt 1024 1456155254 1456158849
ibr-10_ibr-41_1.txt 0 1456155254 1456155254
ibr-10_ibr-41_2.txt 0 1456155254 1456155254
ibr-10_ibr-42_1.txt 1024 1456155254 1456157864
ibr-10_ibr-49_1.txt 1024 1456155253 1456156833
ibr-10_ibr-49_2.txt 1024 1456155253 1456157153
ibr-10_ibr-49_3.txt 1024 1456155253 1456158654
ibr-10_ibr-50_1.txt 0 1456155253 1456155253
ibr-10_ibr-50_2.txt 1024 1456155253 1456158813
ibr-10_ibr-53_1.txt 1024 1456155253 1456157188
ibr-11_ibr-1_1.txt 0 1456155253 1456155253
ibr-11_ibr-12_1.txt 0 1456155253 1456155253
ibr-11_ibr-1_2.txt 0 1456155254 1456155254
ibr-11_ibr-1_3.txt 1024 1456155254 1456160333
ibr-11_ibr-14_1.txt 1024 1456155253 1456156519
ibr-11_ibr-1_4.txt 0 1456155254 1456155254
ibr-11_ibr-1_5.txt 1024 1456155254 1456159763
ibr-11_ibr-16_1.txt 1024 1456155253 1456156158
ibr-11_ibr-16_2.txt 1024 1456155255 1456159618
ibr-11_ibr-16_3.txt 0 1456155255 1456155255
ibr-11_ibr-16_4.txt 0 1456155255 1456155255
ibr-11_ibr-16_5.txt 1024 1456155254 1456159948
ibr-11_ibr-16_6.txt 1024 1456155254 1456159684
ibr-11_ibr-1_6.txt 0 1456155255 1456155255
ibr-11_ibr-1_7.txt 0 1456155254 1456155254
ibr-11_ibr-21_1.txt 1024 1456155254 1456156168
ibr-11_ibr-21_2.txt 1024 1456155254 1456156313
ibr-11_ibr-21_3.txt 1024 1456155254 1456160458
ibr-11_ibr-21_4.txt 1024 1456155254 1456160458
ibr-11_ibr-21_5.txt 0 1456155254 1456155254
ibr-11_ibr-21_6.txt 1024 1456155254 1456159812
ibr-11_ibr-21_7.txt 0 1456155254 1456155254
ibr-11_ibr-21_8.txt 1024 1456155254 1456160304
ibr-11_ibr-26_1.txt 1024 1456155254 1456155920
ibr-11_ibr-26_2.txt 1024 1456155254 1456156138
ibr-11_ibr-26_3.txt 0 1456155255 1456155255
ibr-11_ibr-26_4.txt 0 1456155255 1456155255
ibr-11_ibr-26_5.txt 1024 1456155254 1456160480
ibr-11_ibr-26_6.txt 1024 1456155254 1456159508
ibr-11_ibr-26_7.txt 0 1456155254 1456155254
ibr-11_ibr-28_1.txt 1024 1456155253 1456158899
ibr-11_ibr-29_1.txt 0 1456155254 1456155254
ibr-11_ibr-30_1.txt 0 1456155253 1456155253
ibr-11_ibr-31_1.txt 0 1456155254 1456155254
ibr-11_ibr-31_2.txt 0 1456155254 1456155254
ibr-11_ibr-31_3.txt 1024 1456155254 1456159688
ibr-11_ibr-31_4.txt 1024 1456155254 1456159688
ibr-11_ibr-36_1.txt 1024 1456155254 1456156207
ibr-11_ibr-36_2.txt 0 1456155255 1456155255
ibr-11_ibr-36_3.txt 1024 1456155255 1456159693
ibr-11_ibr-36_4.txt 1024 1456155254 1456159693
ibr-11_ibr-36_5.txt 0 1456155254 1456155254
ibr-11_ibr-40_1.txt 0 1456155253 1456155253
ibr-11_ibr-41_1.txt 1024 1456155254 1456155989
ibr-11_ibr-41_2.txt 1024 1456155254 1456155989
ibr-11_ibr-41_3.txt 0 1456155254 1456155254
ibr-11_ibr-41_4.txt 1024 1456155254 1456159784
ibr-11_ibr-41_5.txt 0 1456155254 1456155254
ibr-11_ibr-41_6.txt 1024 1456155254 1456160723
ibr-11_ibr-41_7.txt 0 1456155254 1456155254
ibr-11_ibr-44_1.txt 0 1456155253 1456155253
ibr-11_ibr-51_1.txt 1024 1456155254 1456156125
ibr-11_ibr-51_2.txt 1024 1456155254 1456156125
ibr-11_ibr-51_3.txt 0 1456155254 1456155254
ibr-11_ibr-51_4.txt 0 1456155254 1456155254
ibr-11_ibr-51_5.txt 1024 1456155254 1456160720
ibr-11_ibr-53_1.txt 0 1456155254 1456155254
ibr-11_ibr-55_1.txt 1024 1456155253 1456156063
ibr-11_ibr-56_1.txt 1024 1456155254 1456156163
ibr-11_ibr-56_2.txt 1024 1456155253 1456160213
ibr-11_ibr-56_3.txt 0 1456155254 1456155254
ibr-11_ibr-56_4.txt 0 1456155254 1456155254
ibr-11_ibr-56_5.txt 0 1456155254 1456155254
ibr-11_ibr-56_6.txt 0 1456155254 1456155254
ibr-11_ibr-56_7.txt 0 1456155254 1456155254
ibr-11_ibr-6_1.txt 1024 1456155254 1456160278
ibr-11_ibr-6_2.txt 0 1456155254 1456155254
ibr-11_ibr-6_3.txt 0 1456155254 1456155254
ibr-11_ibr-6_4.txt 1024 1456155254 1456160063
ibr-12_ibr-17_1.txt 1024 1456155253 1456158599
ibr-12_ibr-19_1.txt 1024 1456155254 1456159458
ibr-12_ibr-21_1.txt 0 1456155254 1456155254
ibr-12_ibr-23_1.txt 0 1456155253 1456155253
ibr-12_ibr-24_1.txt 1024 1456155253 1456157503
ibr-12_ibr-25_1.txt 1024 1456155253 1456158118
ibr-12_ibr-26_1.txt 1024 1456155254 1456159944
ibr-12_ibr-56_1.txt 1024 1456155254 1456157718
ibr-13_ibr-14_1.txt 1024 1456155253 1456158079
ibr-13_ibr-22_1.txt 1024 1456155253 1456157188
ibr-13_ibr-28_1.txt 1024 1456155253 1456156064
ibr-13_ibr-29_1.txt 1024 1456155253 1456159453
ibr-13_ibr-30_1.txt 1024 1456155254 1456159588
ibr-13_ibr-36_1.txt 1024 1456155254 1456158853
ibr-13_ibr-38_1.txt 1024 1456155253 1456156168
ibr-13_ibr-40_1.txt 0 1456155254 1456155254
ibr-13_ibr-47_1.txt 0 1456155253 1456155253
ibr-13_ibr-47_2.txt 1024 1456155254 1456159723
ibr-13_ibr-48_1.txt 1024 1456155254 1456158078
ibr-13_ibr-8_1.txt 1024 1456155253 1456157509
ibr-14_ibr-16_1.txt 0 1456155254 1456155254
ibr-14_ibr-29_1.txt 0 1456155254 1456155254
ibr-14_ibr-29_2.txt 0 1456155254 1456155254
ibr-14_ibr-3_1.txt 0 1456155253 1456155253
ibr-15_ibr-24_1.txt 1024 1456155253 1456157894
ibr-15_ibr-38_1.txt 1024 1456155253 1456158379
ibr-15_ibr-39_1.txt 1024 1456155253 1456156443
ibr-15_ibr-43_1.txt 1024 1456155254 1456157703
ibr-15_ibr-49_1.txt 1024 1456155254 1456159703
ibr-15_ibr-5_1.txt 1024 1456155253 1456158599
ibr-15_ibr-55_1.txt 1024 1456155253 1456156115
ibr-15_ibr-6_1.txt 0 1456155254 1456155254
ibr-16_ibr-11_1.txt 0 1456155254 1456155254
ibr-16_ibr-11_2.txt 0 1456155254 1456155254
ibr-16_ibr-1_1.txt 1024 1456155254 1456156183
ibr-16_ibr-12_1.txt 0 1456155253 1456155253
ibr-16_ibr-1_2.txt 0 1456155254 1456155254
ibr-16_ibr-1_3.txt 0 1456155254 1456155254
ibr-16_ibr-1_4.txt 0 1456155254 1456155254
ibr-16_ibr-15_1.txt 0 1456155253 1456155253
ibr-16_ibr-15_2.txt 1024 1456155253 1456159743
ibr-16_ibr-1_5.txt 0 1456155254 1456155254
ibr-16_ibr-1_6.txt 0 1456155255 1456155255
ibr-16_ibr-1_7.txt 0 1456155254 1456155254
ibr-16_ibr-20_1.txt 1024 1456155253 1456157048
ibr-16_ibr-21_1.txt 1024 1456155254 1456156313
ibr-16_ibr-21_2.txt 0 1456155253 1456155253
ibr-16_ibr-21_3.txt 0 1456155254 1456155254
ibr-16_ibr-23_1.txt 0 1456155253 1456155253
ibr-16_ibr-26_1.txt 0 1456155254 1456155254
ibr-16_ibr-26_2.txt 1024 1456155254 1456159944
ibr-16_ibr-31_1.txt 1024 1456155254 1456159913
ibr-16_ibr-37_1.txt 1024 1456155253 1456157898
ibr-16_ibr-40_1.txt 1024 1456155254 1456155873
ibr-16_ibr-41_10.txt 0 1456155254 1456155254
ibr-16_ibr-41_11.txt 0 1456155254 1456155254
ibr-16_ibr-41_1.txt 1024 1456155254 1456156293
ibr-16_ibr-41_2.txt 1024 1456155254 1456156293
ibr-16_ibr-41_3.txt 0 1456155254 1456155254
ibr-16_ibr-41_4.txt 0 1456155254 1456155254
ibr-16_ibr-41_5.txt 0 1456155254 1456155254
ibr-16_ibr-41_6.txt 0 1456155254 1456155254
ibr-16_ibr-41_7.txt 1024 1456155254 1456160123
ibr-16_ibr-41_8.txt 1024 1456155254 1456159988
ibr-16_ibr-41_9.txt 0 1456155254 1456155254
ibr-16_ibr-44_1.txt 0 1456155253 1456155253
ibr-16_ibr-46_1.txt 1024 1456155254 1456156198
ibr-16_ibr-46_2.txt 1024 1456155254 1456156768
ibr-16_ibr-46_3.txt 1024 1456155254 1456160263
ibr-16_ibr-46_4.txt 0 1456155254 1456155254
ibr-16_ibr-46_5.txt 0 1456155254 1456155254
ibr-16_ibr-46_6.txt 1024 1456155254 1456160263
ibr-16_ibr-46_7.txt 0 1456155254 1456155254
ibr-16_ibr-51_1.txt 1024 1456155254 1456156125
ibr-16_ibr-51_2.txt 0 1456155254 1456155254
ibr-16_ibr-51_3.txt 0 1456155254 1456155254
ibr-16_ibr-51_4.txt 0 1456155254 1456155254
ibr-16_ibr-51_5.txt 0 1456155254 1456155254
ibr-16_ibr-51_6.txt 0 1456155255 1456155255
ibr-16_ibr-51_7.txt 0 1456155255 1456155255
ibr-16_ibr-54_1.txt 0 1456155253 1456155253
ibr-16_ibr-56_1.txt 1024 1456155254 1456156369
ibr-16_ibr-56_2.txt 1024 1456155254 1456156369
ibr-16_ibr-56_3.txt 1024 1456155254 1456157718
ibr-16_ibr-56_4.txt 0 1456155254 1456155254
ibr-16_ibr-56_5.txt 0 1456155254 1456155254
ibr-16_ibr-6_10.txt 1024 1456155254 1456159758
ibr-16_ibr-6_11.txt 0 1456155254 1456155254
ibr-16_ibr-6_12.txt 0 1456155254 1456155254
ibr-16_ibr-6_1.txt 1024 1456155254 1456156064
ibr-16_ibr-6_2.txt 1024 1456155254 1456156913
ibr-16_ibr-6_3.txt 0 1456155254 1456155254
ibr-16_ibr-6_4.txt 0 1456155254 1456155254
ibr-16_ibr-6_5.txt 1024 1456155254 1456156913
ibr-16_ibr-6_6.txt 0 1456155254 1456155254
ibr-16_ibr-6_7.txt 0 1456155254 1456155254
ibr-16_ibr-6_8.txt 0 1456155254 1456155254
ibr-16_ibr-6_9.txt 1024 1456155254 1456159829
ibr-16_ibr-7_1.txt 0 1456155253 1456155253
ibr-16_ibr-7_2.txt 0 1456155253 1456155253
ibr-16_ibr-8_1.txt 0 1456155253 1456155253
ibr-17_ibr-10_1.txt 1024 1456155253 1456158465
ibr-17_ibr-11_1.txt 1024 1456155254 1456158629
ibr-17_ibr-12_1.txt 1024 1456155253 1456159073
ibr-17_ibr-19_1.txt 1024 1456155254 1456158883
ibr-17_ibr-2_1.txt 1024 1456155253 1456159268
ibr-17_ibr-26_1.txt 0 1456155254 1456155254
ibr-17_ibr-28_1.txt 1024 1456155253 1456159059
ibr-17_ibr-30_1.txt 1024 1456155253 1456158763
ibr-17_ibr-3_1.txt 1024 1456155253 1456156868
ibr-17_ibr-50_1.txt 1024 1456155253 1456156608
ibr-17_ibr-50_2.txt 0 1456155253 1456155253
ibr-17_ibr-7_1.txt 1024 1456155253 1456158529
ibr-18_ibr-15_1.txt 1024 1456155253 1456157678
ibr-18_ibr-19_1.txt 1024 1456155253 1456156953
ibr-18_ibr-21_1.txt 1024 1456155254 1456159678
ibr-18_ibr-2_1.txt 1024 1456155253 1456159278
ibr-18_ibr-24_1.txt 1024 1456155253 1456159134
ibr-18_ibr-36_1.txt 0 1456155254 1456155254
ibr-18_ibr-39_1.txt 0 1456155253 1456155253
ibr-18_ibr-4_1.txt 1024 1456155254 1456159490
ibr-18_ibr-51_1.txt 0 1456155254 1456155254
ibr-18_ibr-53_1.txt 1024 1456155253 1456158654
ibr-18_ibr-54_1.txt 1024 1456155254 1456159144
ibr-18_ibr-7_1.txt 1024 1456155253 1456157934
ibr-19_ibr-12_1.txt 1024 1456155253 1456157763
ibr-19_ibr-18_1.txt 1024 1456155253 1456156537
ibr-19_ibr-22_1.txt 0 1456155253 1456155253
ibr-19_ibr-30_1.txt 1024 1456155253 1456158699
ibr-19_ibr-35_1.txt 1024 1456155253 1456159868
ibr-19_ibr-40_1.txt 0 1456155253 1456155253
ibr-19_ibr-44_1.txt 1024 1456155253 1456158724
ibr-19_ibr-44_2.txt 1024 1456155253 1456158724
ibr-19_ibr-46_1.txt 0 1456155253 1456155253
ibr-19_ibr-47_1.txt 0 1456155254 1456155254
ibr-19_ibr-55_1.txt 1024 1456155253 1456159668
ibr-19_ibr-9_1.txt 0 1456155253 1456155253
ibr-1_ibr-11_1.txt 1024 1456155254 1456155939
ibr-1_ibr-11_2.txt 1024 1456155254 1456156111
ibr-1_ibr-11_3.txt 1024 1456155255 1456159573
ibr-1_ibr-11_4.txt 0 1456155254 1456155254
ibr-1_ibr-11_5.txt 0 1456155254 1456155254
ibr-1_ibr-11_6.txt 0 1456155254 1456155254
ibr-1_ibr-11_7.txt 0 1456155254 1456155254
ibr-1_ibr-16_1.txt 0 1456155255 1456155255
ibr-1_ibr-16_2.txt 1024 1456155253 1456156754
ibr-1_ibr-16_3.txt 1024 1456155254 1456159618
ibr-1_ibr-16_4.txt 0 1456155254 1456155254
ibr-1_ibr-16_5.txt 0 1456155255 1456155255
ibr-1_ibr-21_1.txt 1024 1456155254 1456156353
ibr-1_ibr-21_2.txt 1024 1456155254 1456159594
ibr-1_ibr-21_3.txt 0 1456155254 1456155254
ibr-1_ibr-26_1.txt 0 1456155254 1456155254
ibr-1_ibr-26_2.txt 0 1456155255 1456155255
ibr-1_ibr-26_3.txt 0 1456155255 1456155255
ibr-1_ibr-26_4.txt 0 1456155254 1456155254
ibr-1_ibr-31_1.txt 0 1456155254 1456155254
ibr-1_ibr-31_2.txt 0 1456155254 1456155254
ibr-1_ibr-36_1.txt 1024 1456155254 1456156025
ibr-1_ibr-36_2.txt 1024 1456155255 1456159756
ibr-1_ibr-36_3.txt 1024 1456155254 1456159756
ibr-1_ibr-36_4.txt 1024 1456155255 1456159756
ibr-1_ibr-41_1.txt 0 1456155254 1456155254
ibr-1_ibr-41_2.txt 0 1456155254 1456155254
ibr-1_ibr-41_3.txt 0 1456155254 1456155254
ibr-1_ibr-46_1.txt 1024 1456155253 1456156588
ibr-1_ibr-46_2.txt 0 1456155254 1456155254
ibr-1_ibr-46_3.txt 0 1456155254 1456155254
ibr-1_ibr-46_4.txt 0 1456155253 1456155253
ibr-1_ibr-51_1.txt 0 1456155254 1456155254
ibr-1_ibr-51_2.txt 0 1456155254 1456155254
ibr-1_ibr-56_1.txt 1024 1456155254 1456157718
ibr-1_ibr-56_2.txt 0 1456155254 1456155254
ibr-1_ibr-56_3.txt 0 1456155254 1456155254
ibr-1_ibr-56_4.txt 0 1456155254 1456155254
ibr-1_ibr-56_5.txt 0 1456155254 1456155254
ibr-1_ibr-56_6.txt 0 1456155254 1456155254
ibr-1_ibr-56_7.txt 0 1456155254 1456155254
ibr-1_ibr-6_1.txt 1024 1456155254 1456156333
ibr-1_ibr-6_2.txt 1024 1456155254 1456159548
ibr-1_ibr-6_3.txt 1024 1456155254 1456159548
ibr-1_ibr-6_4.txt 1024 1456155254 1456159548
ibr-1_ibr-6_5.txt 0 1456155255 1456155255
ibr-1_ibr-6_6.txt 1024 1456155254 1456159548
ibr-1_ibr-6_7.txt 0 1456155254 1456155254
ibr-20_ibr-10_1.txt 1024 1456155253 1456158295
ibr-20_ibr-15_1.txt 1024 1456155253 1456156458
ibr-20_ibr-17_1.txt 1024 1456155253 1456156528
ibr-20_ibr-17_2.txt 1024 1456155254 1456159149
ibr-20_ibr-23_1.txt 1024 1456155253 1456157583
ibr-20_ibr-28_1.txt 1024 1456155253 1456158679
ibr-20_ibr-31_1.txt 1024 1456155254 1456159913
ibr-20_ibr-3_1.txt 1024 1456155253 1456160130
ibr-20_ibr-34_1.txt 1024 1456155253 1456156458
ibr-20_ibr-4_1.txt 1024 1456155254 1456156184
ibr-20_ibr-47_1.txt 1024 1456155253 1456158829
ibr-20_ibr-47_2.txt 0 1456155254 1456155254
ibr-20_ibr-50_1.txt 1024 1456155255 1456156528
ibr-20_ibr-52_1.txt 1024 1456155253 1456157098
ibr-20_ibr-55_1.txt 1024 1456155253 1456156613
ibr-20_ibr-56_1.txt 0 1456155254 1456155254
ibr-21_ibr-11_1.txt 0 1456155254 1456155254
ibr-21_ibr-11_2.txt 1024 1456155254 1456160143
ibr-21_ibr-11_3.txt 0 1456155254 1456155254
ibr-21_ibr-11_4.txt 0 1456155254 1456155254
ibr-21_ibr-1_1.txt 1024 1456155254 1456156438
ibr-21_ibr-1_2.txt 0 1456155254 1456155254
ibr-21_ibr-1_3.txt 0 1456155254 1456155254
ibr-21_ibr-14_1.txt 0 1456155253 1456155253
ibr-21_ibr-1_4.txt 0 1456155255 1456155255
ibr-21_ibr-1_5.txt 0 1456155255 1456155255
ibr-21_ibr-16_1.txt 0 1456155254 1456155254
ibr-21_ibr-16_2.txt 1024 1456155254 1456160133
ibr-21_ibr-16_3.txt 0 1456155254 1456155254
ibr-21_ibr-16_4.txt 0 1456155254 1456155254
ibr-21_ibr-16_5.txt 0 1456155254 1456155254
ibr-21_ibr-16_6.txt 0 1456155255 1456155255
ibr-21_ibr-16_7.txt 0 1456155254 1456155254
ibr-21_ibr-16_8.txt 0 1456155254 1456155254
ibr-21_ibr-16_9.txt 0 1456155254 1456155254
ibr-21_ibr-1_6.txt 0 1456155254 1456155254
ibr-21_ibr-18_1.txt 0 1456155253 1456155253
ibr-21_ibr-26_1.txt 0 1456155254 1456155254
ibr-21_ibr-26_2.txt 0 1456155254 1456155254
ibr-21_ibr-26_3.txt 0 1456155254 1456155254
ibr-21_ibr-26_4.txt 0 1456155254 1456155254
ibr-21_ibr-31_1.txt 1024 1456155254 1456156264
ibr-21_ibr-31_2.txt 1024 1456155254 1456156343
ibr-21_ibr-31_3.txt 1024 1456155254 1456159848
ibr-21_ibr-31_4.txt 1024 1456155254 1456159900
ibr-21_ibr-31_5.txt 0 1456155254 1456155254
ibr-21_ibr-31_6.txt 0 1456155254 1456155254
ibr-21_ibr-31_7.txt 0 1456155256 1456155256
ibr-21_ibr-34_1.txt 0 1456155254 1456155254
ibr-21_ibr-36_1.txt 0 1456155254 1456155254
ibr-21_ibr-36_2.txt 0 1456155254 1456155254
ibr-21_ibr-36_3.txt 0 1456155254 1456155254
ibr-21_ibr-36_4.txt 0 1456155254 1456155254
ibr-21_ibr-36_5.txt 0 1456155254 1456155254
ibr-21_ibr-36_6.txt 0 1456155254 1456155254
ibr-21_ibr-36_7.txt 0 1456155254 1456155254
ibr-21_ibr-39_1.txt 0 1456155253 1456155253
ibr-21_ibr-41_1.txt 0 1456155254 1456155254
ibr-21_ibr-41_2.txt 0 1456155254 1456155254
ibr-21_ibr-41_3.txt 1024 1456155254 1456159784
ibr-21_ibr-41_4.txt 0 1456155254 1456155254
ibr-21_ibr-41_5.txt 0 1456155254 1456155254
ibr-21_ibr-46_1.txt 0 1456155253 1456155253
ibr-21_ibr-46_2.txt 1024 1456155254 1456156368
ibr-21_ibr-46_3.txt 0 1456155254 1456155254
ibr-21_ibr-46_4.txt 0 1456155254 1456155254
ibr-21_ibr-46_5.txt 0 1456155254 1456155254
ibr-21_ibr-46_6.txt 0 1456155254 1456155254
ibr-21_ibr-46_7.txt 0 1456155253 1456155253
ibr-21_ibr-47_1.txt 1024 1456155254 1456156193
ibr-21_ibr-51_1.txt 0 1456155254 1456155254
ibr-21_ibr-51_2.txt 0 1456155254 1456155254
ibr-21_ibr-51_3.txt 1024 1456155253 1456160088
ibr-21_ibr-5_1.txt 0 1456155253 1456155253
ibr-21_ibr-55_1.txt 1024 1456155253 1456159678
ibr-21_ibr-56_1.txt 1024 1456155254 1456156163
ibr-21_ibr-56_2.txt 1024 1456155254 1456157718
ibr-21_ibr-56_3.txt 0 1456155254 1456155254
ibr-21_ibr-56_4.txt 0 1456155254 1456155254
ibr-21_ibr-56_5.txt 0 1456155254 1456155254
ibr-21_ibr-56_6.txt 0 1456155254 1456155254
ibr-21_ibr-6_1.txt 1024 1456155254 1456155952
ibr-21_ibr-6_2.txt 1024 1456155254 1456155952
ibr-21_ibr-6_3.txt 1024 1456155254 1456160093
ibr-21_ibr-6_4.txt 0 1456155254 1456155254
ibr-21_ibr-6_5.txt 0 1456155254 1456155254
ibr-21_ibr-8_1.txt 1024 1456155253 1456156064
ibr-22_ibr-15_1.txt 1024 1456155254 1456158399
ibr-22_ibr-19_1.txt 1024 1456155253 1456159860
ibr-22_ibr-2_1.txt 1024 1456155253 1456158124
ibr-22_ibr-24_1.txt 1024 1456155253 1456157865
ibr-22_ibr-25_1.txt 1024 1456155254 1456158734
ibr-22_ibr-35_1.txt 1024 1456155254 1456158198
ibr-22_ibr-40_1.txt 1024 1456155253 1456156383
ibr-22_ibr-40_2.txt 1024 1456155253 1456159698
ibr-22_ibr-4_1.txt 1024 1456155254 1456158639
ibr-22_ibr-47_1.txt 1024 1456155254 1456160063
ibr-22_ibr-49_1.txt 1024 1456155253 1456160155
ibr-22_ibr-52_1.txt 1024 1456155254 1456160033
ibr-22_ibr-9_1.txt 1024 1456155253 1456155949
ibr-23_ibr-16_1.txt 1024 1456155254 1456156024
ibr-23_ibr-19_1.txt 0 1456155253 1456155253
ibr-23_ibr-21_1.txt 0 1456155254 1456155254
ibr-23_ibr-25_1.txt 1024 1456155254 1456157083
ibr-23_ibr-30_1.txt 1024 1456155254 1456160408
ibr-23_ibr-31_1.txt 1024 1456155254 1456157938
ibr-23_ibr-31_2.txt 1024 1456155254 1456159900
ibr-23_ibr-34_1.txt 1024 1456155253 1456156048
ibr-23_ibr-44_1.txt 1024 1456155253 1456159788
ibr-23_ibr-47_1.txt 0 1456155253 1456155253
ibr-23_ibr-49_1.txt 1024 1456155253 1456160155
ibr-23_ibr-51_1.txt 1024 1456155254 1456160720
ibr-23_ibr-52_1.txt 1024 1456155253 1456156669
ibr-24_ibr-16_1.txt 1024 1456155255 1456159123
ibr-24_ibr-22_1.txt 1024 1456155254 1456156593
ibr-24_ibr-26_1.txt 1024 1456155255 1456156121
ibr-24_ibr-32_1.txt 1024 1456155254 1456158224
ibr-24_ibr-36_1.txt 1024 1456155254 1456156293
ibr-24_ibr-38_1.txt 1024 1456155254 1456157823
ibr-24_ibr-41_1.txt 1024 1456155254 1456159503
ibr-24_ibr-41_2.txt 0 1456155254 1456155254
ibr-24_ibr-4_1.txt 1024 1456155253 1456156903
ibr-24_ibr-9_1.txt 1024 1456155253 1456157803
ibr-25_ibr-13_1.txt 1024 1456155254 1456160114
ibr-25_ibr-23_1.txt 0 1456155253 1456155253
ibr-25_ibr-24_1.txt 0 1456155254 1456155254
ibr-25_ibr-29_1.txt 1024 1456155253 1456156113
ibr-25_ibr-29_2.txt 1024 1456155253 1456156253
ibr-25_ibr-40_1.txt 1024 1456155253 1456159698
ibr-25_ibr-42_1.txt 1024 1456155253 1456159339
ibr-25_ibr-53_1.txt 1024 1456155253 1456156748
ibr-25_ibr-53_2.txt 1024 1456155253 1456157188
ibr-25_ibr-53_3.txt 1024 1456155253 1456158524
ibr-25_ibr-54_1.txt 1024 1456155253 1456157348
ibr-25_ibr-55_1.txt 1024 1456155253 1456159678
ibr-25_ibr-55_2.txt 1024 1456155254 1456159678
ibr-25_ibr-56_1.txt 1024 1456155254 1456156163
ibr-25_ibr-56_2.txt 1024 1456155254 1456156163
ibr-25_ibr-6_1.txt 0 1456155254 1456155254
ibr-25_ibr-7_1.txt 1024 1456155254 1456157568
ibr-26_ibr-11_1.txt 1024 1456155254 1456156111
ibr-26_ibr-11_2.txt 0 1456155254 1456155254
ibr-26_ibr-11_3.txt 0 1456155254 1456155254
ibr-26_ibr-11_4.txt 0 1456155254 1456155254
ibr-26_ibr-11_5.txt 0 1456155254 1456155254
ibr-26_ibr-1_1.txt 0 1456155254 1456155254
ibr-26_ibr-16_1.txt 0 1456155254 1456155254
ibr-26_ibr-16_2.txt 0 1456155253 1456155253
ibr-26_ibr-16_3.txt 0 1456155253 1456155253
ibr-26_ibr-16_4.txt 0 1456155255 1456155255
ibr-26_ibr-16_5.txt 1024 1456155255 1456160738
ibr-26_ibr-16_6.txt 1024 1456155255 1456160738
ibr-26_ibr-16_7.txt 0 1456155254 1456155254
ibr-26_ibr-16_8.txt 0 1456155254 1456155254
ibr-26_ibr-17_1.txt 0 1456155253 1456155253
ibr-26_ibr-19_1.txt 0 1456155254 1456155254
ibr-26_ibr-20_1.txt 0 1456155254 1456155254
ibr-26_ibr-21_1.txt 1024 1456155254 1456156608
ibr-26_ibr-21_2.txt 0 1456155253 1456155253
ibr-26_ibr-21_3.txt 0 1456155254 1456155254
ibr-26_ibr-21_4.txt 0 1456155255 1456155255
ibr-26_ibr-21_5.txt 0 1456155254 1456155254
ibr-26_ibr-21_6.txt 0 1456155254 1456155254
ibr-26_ibr-21_7.txt 0 1456155254 1456155254
ibr-26_ibr-23_1.txt 1024 1456155253 1456159668
ibr-26_ibr-31_1.txt 0 1456155254 1456155254
ibr-26_ibr-31_2.txt 0 1456155254 1456155254
ibr-26_ibr-31_3.txt 0 1456155254 1456155254
ibr-26_ibr-31_4.txt 0 1456155254 1456155254
ibr-26_ibr-31_5.txt 0 1456155254 1456155254
ibr-26_ibr-31_6.txt 0 1456155254 1456155254
ibr-26_ibr-35_1.txt 1024 1456155253 1456156048
ibr-26_ibr-36_1.txt 0 1456155254 1456155254
ibr-26_ibr-36_2.txt 0 1456155254 1456155254
ibr-26_ibr-36_3.txt 0 1456155255 1456155255
ibr-26_ibr-36_4.txt 0 1456155255 1456155255
ibr-26_ibr-37_1.txt 1024 1456155253 1456156343
ibr-26_ibr-41_1.txt 1024 1456155254 1456155989
ibr-26_ibr-41_2.txt 1024 1456155254 1456155989
ibr-26_ibr-41_3.txt 1024 1456155254 1456156293
ibr-26_ibr-41_4.txt 0 1456155254 1456155254
ibr-26_ibr-41_5.txt 0 1456155253 1456155253
ibr-26_ibr-41_6.txt 1024 1456155254 1456160864
ibr-26_ibr-41_7.txt 0 1456155254 1456155254
ibr-26_ibr-41_8.txt 0 1456155254 1456155254
ibr-26_ibr-42_1.txt 0 1456155254 1456155254
ibr-26_ibr-46_1.txt 1024 1456155254 1456156198
ibr-26_ibr-46_2.txt 0 1456155253 1456155253
ibr-26_ibr-46_3.txt 0 1456155254 1456155254
ibr-26_ibr-46_4.txt 0 1456155254 1456155254
ibr-26_ibr-47_1.txt 1024 1456155254 1456158164
ibr-26_ibr-48_1.txt 1024 1456155253 1456158433
ibr-26_ibr-51_1.txt 0 1456155254 1456155254
ibr-26_ibr-51_2.txt 0 1456155254 1456155254
ibr-26_ibr-51_3.txt 1024 1456155254 1456161054
ibr-26_ibr-51_4.txt 1024 1456155254 1456161134
ibr-26_ibr-51_5.txt 0 1456155254 1456155254
ibr-26_ibr-51_6.txt 1024 1456155255 1456160844
ibr-26_ibr-52_1.txt 1024 1456155253 1456157028
ibr-26_ibr-52_2.txt 1024 1456155253 1456157469
ibr-26_ibr-53_1.txt 0 1456155253 1456155253
ibr-26_ibr-56_1.txt 1024 1456155254 1456157718
ibr-26_ibr-56_2.txt 0 1456155254 1456155254
ibr-26_ibr-56_3.txt 1024 1456155254 1456161673
ibr-26_ibr-6_1.txt 0 1456155254 1456155254
ibr-26_ibr-6_2.txt 1024 1456155254 1456160968
ibr-26_ibr-6_3.txt 1024 1456155254 1456161005
ibr-26_ibr-6_4.txt 0 1456155254 1456155254
ibr-26_ibr-6_5.txt 1024 1456155254 1456161065
ibr-26_ibr-6_6.txt 0 1456155254 1456155254
ibr-26_ibr-8_1.txt 1024 1456155253 1456156064
ibr-27_ibr-16_1.txt 1024 1456155254 1456158003
ibr-27_ibr-33_1.txt 0 1456155253 1456155253
ibr-27_ibr-33_2.txt 1024 1456155253 1456159418
ibr-27_ibr-37_1.txt 1024 1456155253 1456158643
ibr-27_ibr-47_1.txt 1024 1456155253 1456157368
ibr-27_ibr-51_1.txt 1024 1456155254 1456159673
ibr-28_ibr-10_1.txt 1024 1456155253 1456159439
ibr-28_ibr-17_1.txt 1024 1456155253 1456156948
ibr-28_ibr-18_1.txt 0 1456155253 1456155253
ibr-28_ibr-27_1.txt 1024 1456155253 1456158639
ibr-28_ibr-3_1.txt 1024 1456155253 1456160123
ibr-28_ibr-34_1.txt 1024 1456155254 1456159033
ibr-28_ibr-4_1.txt 0 1456155254 1456155254
ibr-28_ibr-42_1.txt 0 1456155253 1456155253
ibr-28_ibr-42_2.txt 1024 1456155254 1456160029
ibr-28_ibr-48_1.txt 1024 1456155254 1456159244
ibr-28_ibr-51_1.txt 1024 1456155254 1456159800
ibr-28_ibr-56_1.txt 1024 1456155254 1456161673
ibr-28_ibr-9_1.txt 1024 1456155253 1456159738
ibr-29_ibr-20_1.txt 1024 1456155253 1456159773
ibr-29_ibr-2_1.txt 1024 1456155253 1456158009
ibr-29_ibr-39_1.txt 1024 1456155253 1456158138
ibr-29_ibr-47_1.txt 0 1456155254 1456155254
ibr-29_ibr-5_1.txt 0 1456155253 1456155253
ibr-29_ibr-52_1.txt 0 1456155253 1456155253
ibr-29_ibr-52_2.txt 1024 1456155254 1456158470
ibr-2_ibr-14_1.txt 1024 1456155253 1456156929
ibr-2_ibr-29_1.txt 1024 1456155254 1456157008
ibr-2_ibr-30_1.txt 1024 1456155253 1456156923
ibr-2_ibr-42_1.txt 0 1456155253 1456155253
ibr-2_ibr-48_1.txt 1024 1456155254 1456158018
ibr-2_ibr-48_2.txt 1024 1456155253 1456158018
ibr-2_ibr-50_1.txt 1024 1456155253 1456156708
ibr-2_ibr-53_1.txt 1024 1456155253 1456156788
ibr-2_ibr-54_1.txt 1024 1456155254 1456156718
ibr-2_ibr-7_1.txt 1024 1456155253 1456158149
ibr-2_ibr-7_2.txt 1024 1456155253 1456159753
ibr-30_ibr-17_1.txt 0 1456155254 1456155254
ibr-30_ibr-18_1.txt 1024 1456155253 1456156029
ibr-30_ibr-24_1.txt 1024 1456155254 1456158714
ibr-30_ibr-36_1.txt 0 1456155254 1456155254
ibr-30_ibr-40_1.txt 1024 1456155253 1456157243
ibr-30_ibr-41_1.txt 0 1456155254 1456155254
ibr-30_ibr-44_1.txt 1024 1456155253 1456158324
ibr-30_ibr-45_1.txt 0 1456155253 1456155253
ibr-30_ibr-50_1.txt 1024 1456155254 1456157844
ibr-30_ibr-50_2.txt 1024 1456155253 1456158843
ibr-31_ibr-11_1.txt 1024 1456155254 1456159788
ibr-31_ibr-11_2.txt 1024 1456155255 1456159993
ibr-31_ibr-11_3.txt 0 1456155255 1456155255
ibr-31_ibr-11_4.txt 0 1456155254 1456155254
ibr-31_ibr-1_1.txt 1024 1456155254 1456155994
ibr-31_ibr-1_2.txt 1024 1456155254 1456160333
ibr-31_ibr-1_3.txt 0 1456155254 1456155254
ibr-31_ibr-1_4.txt 1024 1456155254 1456160373
ibr-31_ibr-1_5.txt 0 1456155254 1456155254
ibr-31_ibr-16_1.txt 0 1456155254 1456155254
ibr-31_ibr-16_2.txt 1024 1456155254 1456160138
ibr-31_ibr-16_3.txt 0 1456155254 1456155254
ibr-31_ibr-20_1.txt 1024 1456155253 1456156169
ibr-31_ibr-20_2.txt 1024 1456155253 1456159818
ibr-31_ibr-21_1.txt 0 1456155254 1456155254
ibr-31_ibr-21_2.txt 1024 1456155254 1456160685
ibr-31_ibr-21_3.txt 0 1456155254 1456155254
ibr-31_ibr-21_4.txt 0 1456155254 1456155254
ibr-31_ibr-26_1.txt 0 1456155254 1456155254
ibr-31_ibr-26_2.txt 0 1456155254 1456155254
ibr-31_ibr-26_3.txt 0 1456155255 1456155255
ibr-31_ibr-26_4.txt 0 1456155254 1456155254
ibr-31_ibr-26_5.txt 0 1456155254 1456155254
ibr-31_ibr-26_6.txt 0 1456155254 1456155254
ibr-31_ibr-26_7.txt 0 1456155253 1456155253
ibr-31_ibr-26_8.txt 0 1456155254 1456155254
ibr-31_ibr-26_9.txt 0 1456155254 1456155254
ibr-31_ibr-33_1.txt 1024 1456155253 1456155933
ibr-31_ibr-34_1.txt 1024 1456155254 1456156263
ibr-31_ibr-35_1.txt 0 1456155253 1456155253
ibr-31_ibr-36_1.txt 1024 1456155254 1456156293
ibr-31_ibr-36_2.txt 0 1456155254 1456155254
ibr-31_ibr-36_3.txt 0 1456155255 1456155255
ibr-31_ibr-36_4.txt 0 1456155254 1456155254
ibr-31_ibr-36_5.txt 0 1456155255 1456155255
ibr-31_ibr-36_6.txt 0 1456155255 1456155255
ibr-31_ibr-38_1.txt 0 1456155253 1456155253
ibr-31_ibr-41_10.txt 0 1456155254 1456155254
ibr-31_ibr-41_1.txt 1024 1456155254 1456155989
ibr-31_ibr-41_2.txt 1024 1456155254 1456155989
ibr-31_ibr-41_3.txt 0 1456155254 1456155254
ibr-31_ibr-41_4.txt 0 1456155253 1456155253
ibr-31_ibr-41_5.txt 0 1456155254 1456155254
ibr-31_ibr-41_6.txt 0 1456155254 1456155254
ibr-31_ibr-41_7.txt 1024 1456155254 1456160059
ibr-31_ibr-41_8.txt 0 1456155254 1456155254
ibr-31_ibr-41_9.txt 0 1456155254 1456155254
ibr-31_ibr-46_1.txt 0 1456155254 1456155254
ibr-31_ibr-46_2.txt 0 1456155254 1456155254
ibr-31_ibr-46_3.txt 0 1456155254 1456155254
ibr-31_ibr-46_4.txt 0 1456155254 1456155254
ibr-31_ibr-46_5.txt 1024 1456155253 1456159908
ibr-31_ibr-46_6.txt 0 1456155254 1456155254
ibr-31_ibr-46_7.txt 1024 1456155254 1456159908
ibr-31_ibr-46_8.txt 0 1456155254 1456155254
ibr-31_ibr-46_9.txt 0 1456155254 1456155254
ibr-31_ibr-51_1.txt 0 1456155254 1456155254
ibr-31_ibr-54_1.txt 0 1456155253 1456155253
ibr-31_ibr-56_1.txt 0 1456155254 1456155254
ibr-31_ibr-56_2.txt 0 1456155254 1456155254
ibr-31_ibr-56_3.txt 0 1456155254 1456155254
ibr-31_ibr-56_4.txt 0 1456155254 1456155254
ibr-31_ibr-6_1.txt 1024 1456155254 1456156338
ibr-31_ibr-6_2.txt 1024 1456155253 1456156368
ibr-31_ibr-6_3.txt 1024 1456155254 1456160278
ibr-31_ibr-6_4.txt 1024 1456155253 1456160278
ibr-31_ibr-6_5.txt 0 1456155254 1456155254
ibr-31_ibr-6_6.txt 0 1456155254 1456155254
ibr-32_ibr-12_1.txt 1024 1456155253 1456159123
ibr-32_ibr-16_1.txt 0 1456155254 1456155254
ibr-32_ibr-19_1.txt 1024 1456155253 1456157443
ibr-32_ibr-21_1.txt 0 1456155253 1456155253
ibr-32_ibr-40_1.txt 1024 1456155253 1456155804
ibr-32_ibr-50_1.txt 1024 1456155253 1456157788
ibr-32_ibr-54_1.txt 1024 1456155253 1456157909
ibr-33_ibr-13_1.txt 1024 1456155253 1456159193
ibr-33_ibr-14_1.txt 1024 1456155253 1456158983
ibr-33_ibr-19_1.txt 1024 1456155253 1456157819
ibr-33_ibr-20_1.txt 1024 1456155253 1456156493
ibr-33_ibr-22_1.txt 1024 1456155253 1456156333
ibr-33_ibr-31_1.txt 1024 1456155254 1456157167
ibr-33_ibr-34_1.txt 1024 1456155253 1456158504
ibr-33_ibr-39_1.txt 1024 1456155254 1456159263
ibr-33_ibr-4_1.txt 1024 1456155254 1456157588
ibr-33_ibr-43_1.txt 1024 1456155253 1456156158
ibr-33_ibr-46_1.txt 1024 1456155254 1456160278
ibr-33_ibr-47_1.txt 1024 1456155254 1456159503
ibr-33_ibr-48_1.txt 1024 1456155254 1456157993
ibr-33_ibr-49_1.txt 1024 1456155253 1456158434
ibr-33_ibr-53_1.txt 1024 1456155254 1456156443
ibr-33_ibr-56_1.txt 1024 1456155254 1456156369
ibr-34_ibr-18_1.txt 1024 1456155253 1456159065
ibr-34_ibr-20_1.txt 1024 1456155253 1456156393
ibr-34_ibr-20_2.txt 1024 1456155253 1456158469
ibr-34_ibr-22_1.txt 1024 1456155253 1456158163
ibr-34_ibr-23_1.txt 1024 1456155255 1456157453
ibr-34_ibr-25_1.txt 1024 1456155253 1456158978
ibr-34_ibr-26_1.txt 0 1456155254 1456155254
ibr-34_ibr-38_1.txt 1024 1456155253 1456157688
ibr-34_ibr-39_1.txt 1024 1456155254 1456158489
ibr-34_ibr-4_1.txt 1024 1456155254 1456158735
ibr-34_ibr-48_1.txt 1024 1456155254 1456157723
ibr-34_ibr-50_1.txt 1024 1456155253 1456157753
ibr-34_ibr-9_1.txt 1024 1456155253 1456157753
ibr-35_ibr-10_1.txt 1024 1456155254 1456156133
ibr-35_ibr-17_1.txt 1024 1456155253 1456160534
ibr-35_ibr-23_1.txt 1024 1456155254 1456155949
ibr-35_ibr-29_1.txt 1024 1456155253 1456157473
ibr-35_ibr-33_1.txt 1024 1456155253 1456155793
ibr-35_ibr-8_1.txt 1024 1456155253 1456158833
ibr-36_ibr-10_1.txt 1024 1456155253 1456156163
ibr-36_ibr-11_1.txt 0 1456155254 1456155254
ibr-36_ibr-11_2.txt 0 1456155254 1456155254
ibr-36_ibr-11_3.txt 1024 1456155254 1456159788
ibr-36_ibr-11_4.txt 0 1456155255 1456155255
ibr-36_ibr-11_5.txt 0 1456155254 1456155254
ibr-36_ibr-1_1.txt 0 1456155255 1456155255
ibr-36_ibr-1_2.txt 0 1456155254 1456155254
ibr-36_ibr-1_3.txt 1024 1456155255 1456160839
ibr-36_ibr-1_4.txt 0 1456155254 1456155254
ibr-36_ibr-16_1.txt 0 1456155254 1456155254
ibr-36_ibr-16_2.txt 0 1456155253 1456155253
ibr-36_ibr-16_3.txt 0 1456155254 1456155254
ibr-36_ibr-16_4.txt 0 1456155255 1456155255
ibr-36_ibr-16_5.txt 0 1456155254 1456155254
ibr-36_ibr-16_6.txt 1024 1456155254 1456159813
ibr-36_ibr-16_7.txt 0 1456155254 1456155254
ibr-36_ibr-21_1.txt 0 1456155254 1456155254
ibr-36_ibr-21_2.txt 0 1456155254 1456155254
ibr-36_ibr-21_3.txt 0 1456155254 1456155254
ibr-36_ibr-25_1.txt 0 1456155253 1456155253
ibr-36_ibr-26_1.txt 1024 1456155254 1456156138
ibr-36_ibr-26_2.txt 1024 1456155255 1456159538
ibr-36_ibr-26_3.txt 1024 1456155254 1456159538
ibr-36_ibr-26_4.txt 0 1456155254 1456155254
ibr-36_ibr-31_1.txt 0 1456155254 1456155254
ibr-36_ibr-31_2.txt 0 1456155254 1456155254
ibr-36_ibr-31_3.txt 0 1456155254 1456155254
ibr-36_ibr-31_4.txt 0 1456155254 1456155254
ibr-36_ibr-31_5.txt 0 1456155254 1456155254
ibr-36_ibr-31_6.txt 0 1456155254 1456155254
ibr-36_ibr-41_1.txt 0 1456155254 1456155254
ibr-36_ibr-41_2.txt 0 1456155254 1456155254
ibr-36_ibr-41_3.txt 0 1456155253 1456155253
ibr-36_ibr-41_4.txt 0 1456155254 1456155254
ibr-36_ibr-42_1.txt 1024 1456155253 1456156513
ibr-36_ibr-46_1.txt 1024 1456155254 1456156368
ibr-36_ibr-46_2.txt 0 1456155254 1456155254
ibr-36_ibr-46_3.txt 0 1456155254 1456155254
ibr-36_ibr-46_4.txt 0 1456155253 1456155253
ibr-36_ibr-46_5.txt 0 1456155254 1456155254
ibr-36_ibr-46_6.txt 0 1456155254 1456155254
ibr-36_ibr-50_1.txt 0 1456155254 1456155254
ibr-36_ibr-51_1.txt 0 1456155254 1456155254
ibr-36_ibr-51_2.txt 1024 1456155254 1456159800
ibr-36_ibr-51_3.txt 0 1456155254 1456155254
ibr-36_ibr-51_4.txt 0 1456155254 1456155254
ibr-36_ibr-51_5.txt 0 1456155254 1456155254
ibr-36_ibr-51_6.txt 0 1456155254 1456155254
ibr-36_ibr-51_7.txt 0 1456155254 1456155254
ibr-36_ibr-51_8.txt 0 1456155254 1456155254
ibr-36_ibr-53_1.txt 1024 1456155254 1456156108
ibr-36_ibr-56_1.txt 1024 1456155254 1456156369
ibr-36_ibr-56_2.txt 1024 1456155254 1456156369
ibr-36_ibr-56_3.txt 1024 1456155253 1456156369
ibr-36_ibr-56_4.txt 1024 1456155254 1456159833
ibr-36_ibr-56_5.txt 0 1456155254 1456155254
ibr-36_ibr-56_6.txt 0 1456155254 1456155254
ibr-36_ibr-56_7.txt 0 1456155254 1456155254
ibr-36_ibr-56_8.txt 0 1456155254 1456155254
ibr-36_ibr-56_9.txt 0 1456155255 1456155255
ibr-36_ibr-6_1.txt 1024 1456155254 1456155952
ibr-36_ibr-6_2.txt 0 1456155254 1456155254
ibr-36_ibr-6_3.txt 0 1456155254 1456155254
ibr-37_ibr-11_1.txt 1024 1456155254 1456159089
ibr-37_ibr-19_1.txt 1024 1456155253 1456158334
ibr-37_ibr-23_1.txt 1024 1456155255 1456157708
ibr-37_ibr-41_1.txt 1024 1456155254 1456160723
ibr-37_ibr-4_1.txt 1024 1456155254 1456157534
ibr-37_ibr-42_1.txt 1024 1456155254 1456159079
ibr-37_ibr-7_1.txt 1024 1456155253 1456158284
ibr-38_ibr-12_1.txt 1024 1456155253 1456157963
ibr-38_ibr-20_1.txt 1024 1456155253 1456157293
ibr-38_ibr-32_1.txt 0 1456155253 1456155253
ibr-38_ibr-39_1.txt 1024 1456155253 1456155993
ibr-38_ibr-42_1.txt 1024 1456155253 1456160029
ibr-38_ibr-45_1.txt 1024 1456155253 1456158559
ibr-38_ibr-45_2.txt 1024 1456155253 1456158559
ibr-38_ibr-46_1.txt 0 1456155254 1456155254
ibr-38_ibr-47_1.txt 1024 1456155254 1456158799
ibr-38_ibr-48_1.txt 0 1456155253 1456155253
ibr-38_ibr-51_1.txt 1024 1456155254 1456160088
ibr-38_ibr-55_1.txt 1024 1456155253 1456158819
ibr-39_ibr-13_1.txt 1024 1456155253 1456159773
ibr-39_ibr-15_1.txt 1024 1456155253 1456157428
ibr-39_ibr-23_1.txt 1024 1456155253 1456159553
ibr-39_ibr-29_1.txt 1024 1456155253 1456159873
ibr-39_ibr-41_1.txt 0 1456155254 1456155254
ibr-39_ibr-50_1.txt 1024 1456155253 1456159509
ibr-39_ibr-52_1.txt 1024 1456155253 1456156693
ibr-39_ibr-54_1.txt 1024 1456155253 1456160244
ibr-39_ibr-6_1.txt 1024 1456155254 1456159968
ibr-39_ibr-6_2.txt 1024 1456155254 1456160278
ibr-3_ibr-10_1.txt 1024 1456155253 1456158219
ibr-3_ibr-12_1.txt 1024 1456155253 1456156193
ibr-3_ibr-18_1.txt 1024 1456155253 1456158590
ibr-3_ibr-39_1.txt 1024 1456155253 1456158859
ibr-3_ibr-4_1.txt 0 1456155254 1456155254
ibr-3_ibr-45_1.txt 1024 1456155253 1456158789
ibr-3_ibr-49_1.txt 0 1456155254 1456155254
ibr-3_ibr-5_1.txt 1024 1456155253 1456157258
ibr-40_ibr-14_1.txt 1024 1456155253 1456156038
ibr-40_ibr-26_1.txt 1024 1456155253 1456156138
ibr-40_ibr-27_1.txt 1024 1456155253 1456159473
ibr-40_ibr-31_1.txt 0 1456155254 1456155254
ibr-40_ibr-3_1.txt 0 1456155253 1456155253
ibr-40_ibr-32_1.txt 1024 1456155253 1456158709
ibr-40_ibr-34_1.txt 0 1456155254 1456155254
ibr-40_ibr-35_1.txt 1024 1456155253 1456156288
ibr-40_ibr-37_1.txt 0 1456155253 1456155253
ibr-40_ibr-38_1.txt 0 1456155253 1456155253
ibr-40_ibr-39_1.txt 0 1456155253 1456155253
ibr-40_ibr-4_1.txt 1024 1456155254 1456157539
ibr-40_ibr-42_1.txt 1024 1456155253 1456160558
ibr-40_ibr-48_1.txt 1024 1456155253 1456157353
ibr-41_ibr-10_1.txt 1024 1456155253 1456156293
ibr-41_ibr-10_2.txt 0 1456155253 1456155253
ibr-41_ibr-11_1.txt 1024 1456155255 1456156388
ibr-41_ibr-11_2.txt 0 1456155254 1456155254
ibr-41_ibr-11_3.txt 0 1456155254 1456155254
ibr-41_ibr-11_4.txt 0 1456155254 1456155254
ibr-41_ibr-1_1.txt 0 1456155254 1456155254
ibr-41_ibr-1_2.txt 0 1456155254 1456155254
ibr-41_ibr-1_3.txt 0 1456155255 1456155255
ibr-41_ibr-1_4.txt 0 1456155254 1456155254
ibr-41_ibr-16_1.txt 0 1456155254 1456155254
ibr-41_ibr-16_2.txt 0 1456155254 1456155254
ibr-41_ibr-16_3.txt 0 1456155254 1456155254
ibr-41_ibr-16_4.txt 0 1456155254 1456155254
ibr-41_ibr-16_5.txt 0 1456155254 1456155254
ibr-41_ibr-19_1.txt 1024 1456155254 1456159983
ibr-41_ibr-21_1.txt 1024 1456155253 1456156058
ibr-41_ibr-21_2.txt 0 1456155254 1456155254
ibr-41_ibr-21_3.txt 0 1456155254 1456155254
ibr-41_ibr-21_4.txt 0 1456155254 1456155254
ibr-41_ibr-21_5.txt 0 1456155254 1456155254
ibr-41_ibr-21_6.txt 0 1456155253 1456155253
ibr-41_ibr-21_7.txt 0 1456155254 1456155254
ibr-41_ibr-21_8.txt 0 1456155254 1456155254
ibr-41_ibr-25_1.txt 0 1456155254 1456155254
ibr-41_ibr-30_1.txt 0 1456155253 1456155253
ibr-41_ibr-31_1.txt 0 1456155254 1456155254
ibr-41_ibr-31_2.txt 0 1456155254 1456155254
ibr-41_ibr-31_3.txt 0 1456155254 1456155254
ibr-41_ibr-36_1.txt 0 1456155254 1456155254
ibr-41_ibr-36_2.txt 0 1456155254 1456155254
ibr-41_ibr-36_3.txt 0 1456155254 1456155254
ibr-41_ibr-37_1.txt 0 1456155254 1456155254
ibr-41_ibr-43_1.txt 0 1456155253 1456155253
ibr-41_ibr-46_1.txt 0 1456155253 1456155253
ibr-41_ibr-46_2.txt 0 1456155254 1456155254
ibr-41_ibr-46_3.txt 0 1456155254 1456155254
ibr-41_ibr-46_4.txt 0 1456155253 1456155253
ibr-41_ibr-46_5.txt 0 1456155253 1456155253
ibr-41_ibr-46_6.txt 0 1456155254 1456155254
ibr-41_ibr-51_1.txt 0 1456155254 1456155254
ibr-41_ibr-51_2.txt 0 1456155254 1456155254
ibr-41_ibr-51_3.txt 0 1456155254 1456155254
ibr-41_ibr-51_4.txt 0 1456155254 1456155254
ibr-41_ibr-51_5.txt 0 1456155254 1456155254
ibr-41_ibr-56_1.txt 1024 1456155254 1456157718
ibr-41_ibr-56_2.txt 1024 1456155254 1456157718
ibr-41_ibr-56_3.txt 0 1456155254 1456155254
ibr-41_ibr-56_4.txt 0 1456155254 1456155254
ibr-41_ibr-56_5.txt 0 1456155254 1456155254
ibr-41_ibr-56_6.txt 0 1456155254 1456155254
ibr-41_ibr-56_7.txt 0 1456155255 1456155255
ibr-41_ibr-56_8.txt 0 1456155254 1456155254
ibr-41_ibr-6_1.txt 0 1456155254 1456155254
ibr-41_ibr-6_2.txt 0 1456155253 1456155253
ibr-41_ibr-6_3.txt 0 1456155254 1456155254
ibr-41_ibr-6_4.txt 0 1456155254 1456155254
ibr-42_ibr-14_1.txt 1024 1456155253 1456156634
ibr-42_ibr-24_1.txt 1024 1456155254 1456159888
ibr-42_ibr-25_1.txt 1024 1456155253 1456157358
ibr-42_ibr-26_1.txt 1024 1456155254 1456159648
ibr-42_ibr-29_1.txt 1024 1456155253 1456159683
ibr-42_ibr-33_1.txt 1024 1456155254 1456159688
ibr-42_ibr-35_1.txt 1024 1456155253 1456157173
ibr-42_ibr-37_1.txt 0 1456155253 1456155253
ibr-42_ibr-44_1.txt 1024 1456155253 1456155904
ibr-42_ibr-44_2.txt 1024 1456155253 1456156688
ibr-42_ibr-50_1.txt 0 1456155253 1456155253
ibr-42_ibr-5_1.txt 1024 1456155253 1456159483
ibr-43_ibr-12_1.txt 1024 1456155254 1456158624
ibr-43_ibr-19_1.txt 1024 1456155253 1456156569
ibr-43_ibr-28_1.txt 1024 1456155253 1456157688
ibr-43_ibr-4_1.txt 1024 1456155253 1456158175
ibr-43_ibr-42_1.txt 0 1456155254 1456155254
ibr-43_ibr-48_1.txt 1024 1456155254 1456158574
ibr-43_ibr-55_1.txt 1024 1456155253 1456157523
ibr-43_ibr-7_1.txt 1024 1456155253 1456159278
ibr-44_ibr-12_1.txt 1024 1456155254 1456156193
ibr-44_ibr-15_1.txt 1024 1456155254 1456159803
ibr-44_ibr-19_1.txt 1024 1456155254 1456158699
ibr-44_ibr-21_1.txt 0 1456155254 1456155254
ibr-44_ibr-23_1.txt 1024 1456155253 1456156148
ibr-44_ibr-27_1.txt 1024 1456155253 1456157223
ibr-44_ibr-35_1.txt 1024 1456155253 1456157844
ibr-44_ibr-36_1.txt 1024 1456155254 1456158558
ibr-44_ibr-39_1.txt 1024 1456155253 1456158629
ibr-44_ibr-4_1.txt 0 1456155253 1456155253
ibr-44_ibr-4_2.txt 1024 1456155253 1456158309
ibr-44_ibr-51_1.txt 1024 1456155254 1456160169
ibr-44_ibr-53_1.txt 1024 1456155254 1456158699
ibr-45_ibr-17_1.txt 1024 1456155253 1456160273
ibr-45_ibr-22_1.txt 1024 1456155254 1456159678
ibr-45_ibr-31_1.txt 0 1456155254 1456155254
ibr-45_ibr-32_1.txt 1024 1456155253 1456157869
ibr-45_ibr-32_2.txt 0 1456155254 1456155254
ibr-45_ibr-35_1.txt 1024 1456155253 1456157844
ibr-45_ibr-44_1.txt 1024 1456155253 1456157453
ibr-45_ibr-47_1.txt 1024 1456155254 1456158799
ibr-45_ibr-8_1.txt 0 1456155253 1456155253
ibr-46_ibr-11_1.txt 0 1456155254 1456155254
ibr-46_ibr-11_2.txt 0 1456155254 1456155254
ibr-46_ibr-11_3.txt 0 1456155255 1456155255
ibr-46_ibr-11_4.txt 0 1456155254 1456155254
ibr-46_ibr-11_5.txt 0 1456155254 1456155254
ibr-46_ibr-1_1.txt 0 1456155255 1456155255
ibr-46_ibr-1_2.txt 0 1456155254 1456155254
ibr-46_ibr-1_3.txt 0 1456155255 1456155255
ibr-46_ibr-1_4.txt 0 1456155255 1456155255
ibr-46_ibr-16_1.txt 1024 1456155253 1456156248
ibr-46_ibr-16_2.txt 1024 1456155254 1456159818
ibr-46_ibr-21_1.txt 0 1456155255 1456155255
ibr-46_ibr-21_2.txt 0 1456155253 1456155253
ibr-46_ibr-21_3.txt 0 1456155254 1456155254
ibr-46_ibr-21_4.txt 0 1456155254 1456155254
ibr-46_ibr-21_5.txt 0 1456155254 1456155254
ibr-46_ibr-21_6.txt 0 1456155255 1456155255
ibr-46_ibr-21_7.txt 0 1456155254 1456155254
ibr-46_ibr-26_1.txt 1024 1456155253 1456155920
ibr-46_ibr-26_2.txt 0 1456155254 1456155254
ibr-46_ibr-26_3.txt 0 1456155254 1456155254
ibr-46_ibr-26_4.txt 0 1456155255 1456155255
ibr-46_ibr-26_5.txt 0 1456155254 1456155254
ibr-46_ibr-26_6.txt 0 1456155254 1456155254
ibr-46_ibr-26_7.txt 0 1456155254 1456155254
ibr-46_ibr-30_1.txt 1024 1456155253 1456155894
ibr-46_ibr-31_1.txt 1024 1456155254 1456159468
ibr-46_ibr-31_2.txt 1024 1456155254 1456159468
ibr-46_ibr-31_3.txt 0 1456155254 1456155254
ibr-46_ibr-31_4.txt 0 1456155254 1456155254
ibr-46_ibr-31_5.txt 0 1456155254 1456155254
ibr-46_ibr-36_10.txt 0 1456155254 1456155254
ibr-46_ibr-36_1.txt 0 1456155255 1456155255
ibr-46_ibr-36_2.txt 0 1456155254 1456155254
ibr-46_ibr-36_3.txt 1024 1456155254 1456159733
ibr-46_ibr-36_4.txt 1024 1456155255 1456159733
ibr-46_ibr-36_5.txt 0 1456155254 1456155254
ibr-46_ibr-36_6.txt 0 1456155254 1456155254
ibr-46_ibr-36_7.txt 0 1456155254 1456155254
ibr-46_ibr-36_8.txt 0 1456155255 1456155255
ibr-46_ibr-36_9.txt 0 1456155255 1456155255
ibr-46_ibr-39_1.txt 1024 1456155253 1456156103
ibr-46_ibr-41_1.txt 0 1456155253 1456155253
ibr-46_ibr-41_2.txt 0 1456155254 1456155254
ibr-46_ibr-41_3.txt 0 1456155254 1456155254
ibr-46_ibr-41_4.txt 0 1456155254 1456155254
ibr-46_ibr-41_5.txt 0 1456155253 1456155253
ibr-46_ibr-43_1.txt 0 1456155253 1456155253
ibr-46_ibr-48_1.txt 1024 1456155253 1456156038
ibr-46_ibr-51_1.txt 1024 1456155254 1456156070
ibr-46_ibr-51_2.txt 1024 1456155254 1456156071
ibr-46_ibr-51_3.txt 1024 1456155254 1456159673
ibr-46_ibr-51_4.txt 0 1456155254 1456155254
ibr-46_ibr-51_5.txt 0 1456155254 1456155254
ibr-46_ibr-55_1.txt 0 1456155253 1456155253
ibr-46_ibr-56_1.txt 0 1456155254 1456155254
ibr-46_ibr-56_2.txt 0 1456155254 1456155254
ibr-46_ibr-6_1.txt 1024 1456155254 1456156798
ibr-46_ibr-6_2.txt 1024 1456155254 1456160600
ibr-46_ibr-6_3.txt 0 1456155254 1456155254
ibr-46_ibr-6_4.txt 0 1456155254 1456155254
ibr-46_ibr-6_5.txt 0 1456155254 1456155254
ibr-46_ibr-6_6.txt 0 1456155256 1456155256
ibr-47_ibr-13_1.txt 1024 1456155253 1456160098
ibr-47_ibr-16_1.txt 1024 1456155255 1456159143
ibr-47_ibr-17_1.txt 1024 1456155253 1456156808
ibr-47_ibr-20_1.txt 1024 1456155253 1456156014
ibr-47_ibr-27_1.txt 0 1456155253 1456155253
ibr-47_ibr-27_2.txt 1024 1456155253 1456158108
ibr-47_ibr-4_1.txt 1024 1456155253 1456158175
ibr-47_ibr-46_1.txt 0 1456155254 1456155254
ibr-47_ibr-46_2.txt 0 1456155254 1456155254
ibr-48_ibr-13_1.txt 1024 1456155253 1456156998
ibr-48_ibr-19_1.txt 1024 1456155254 1456158883
ibr-48_ibr-2_1.txt 1024 1456155253 1456159268
ibr-48_ibr-27_1.txt 0 1456155253 1456155253
ibr-48_ibr-3_1.txt 1024 1456155253 1456159313
ibr-48_ibr-32_1.txt 1024 1456155254 1456158308
ibr-48_ibr-34_1.txt 1024 1456155253 1456159199
ibr-48_ibr-37_1.txt 1024 1456155253 1456156658
ibr-48_ibr-38_1.txt 1024 1456155253 1456158724
ibr-48_ibr-45_1.txt 1024 1456155253 1456159943
ibr-48_ibr-47_1.txt 0 1456155253 1456155253
ibr-48_ibr-8_1.txt 1024 1456155253 1456159318
ibr-49_ibr-16_1.txt 1024 1456155254 1456161224
ibr-49_ibr-22_1.txt 1024 1456155254 1456155994
ibr-49_ibr-29_1.txt 1024 1456155253 1456157498
ibr-49_ibr-34_1.txt 1024 1456155254 1456160148
ibr-49_ibr-35_1.txt 1024 1456155253 1456158389
ibr-49_ibr-37_1.txt 1024 1456155253 1456156673
ibr-49_ibr-40_1.txt 1024 1456155253 1456161023
ibr-49_ibr-5_1.txt 1024 1456155253 1456160173
ibr-49_ibr-52_1.txt 1024 1456155253 1456156093
ibr-49_ibr-53_1.txt 1024 1456155253 1456157383
ibr-49_ibr-54_1.txt 1024 1456155253 1456158439
ibr-4_ibr-15_1.txt 1024 1456155253 1456159553
ibr-4_ibr-26_1.txt 1024 1456155255 1456159978
ibr-4_ibr-38_1.txt 1024 1456155253 1456158750
ibr-4_ibr-40_1.txt 1024 1456155254 1456157539
ibr-4_ibr-42_1.txt 1024 1456155253 1456159079
ibr-4_ibr-56_1.txt 0 1456155254 1456155254
ibr-4_ibr-9_1.txt 0 1456155253 1456155253
ibr-50_ibr-11_1.txt 1024 1456155254 1456157073
ibr-50_ibr-16_1.txt 1024 1456155254 1456160738
ibr-50_ibr-20_1.txt 1024 1456155253 1456160803
ibr-50_ibr-24_1.txt 1024 1456155253 1456159694
ibr-50_ibr-25_1.txt 0 1456155253 1456155253
ibr-50_ibr-30_1.txt 0 1456155253 1456155253
ibr-50_ibr-31_1.txt 0 1456155254 1456155254
ibr-50_ibr-31_2.txt 0 1456155254 1456155254
ibr-50_ibr-3_1.txt 1024 1456155253 1456159734
ibr-50_ibr-32_1.txt 1024 1456155253 1456159624
ibr-50_ibr-34_1.txt 0 1456155254 1456155254
ibr-50_ibr-37_1.txt 0 1456155253 1456155253
ibr-50_ibr-4_1.txt 0 1456155253 1456155253
ibr-50_ibr-42_1.txt 1024 1456155253 1456156623
ibr-50_ibr-43_1.txt 1024 1456155253 1456158088
ibr-50_ibr-47_1.txt 1024 1456155253 1456156448
ibr-50_ibr-49_1.txt 0 1456155253 1456155253
ibr-50_ibr-5_1.txt 1024 1456155253 1456159483
ibr-50_ibr-8_1.txt 1024 1456155254 1456159253
ibr-51_ibr-11_1.txt 1024 1456155254 1456156133
ibr-51_ibr-11_2.txt 0 1456155255 1456155255
ibr-51_ibr-11_3.txt 0 1456155255 1456155255
ibr-51_ibr-11_4.txt 0 1456155254 1456155254
ibr-51_ibr-11_5.txt 0 1456155254 1456155254
ibr-51_ibr-11_6.txt 0 1456155254 1456155254
ibr-51_ibr-11_7.txt 0 1456155254 1456155254
ibr-51_ibr-1_1.txt 0 1456155254 1456155254
ibr-51_ibr-1_2.txt 0 1456155255 1456155255
ibr-51_ibr-1_3.txt 0 1456155254 1456155254
ibr-51_ibr-1_4.txt 0 1456155254 1456155254
ibr-51_ibr-1_5.txt 0 1456155254 1456155254
ibr-51_ibr-16_1.txt 1024 1456155254 1456156153
ibr-51_ibr-16_2.txt 1024 1456155254 1456159823
ibr-51_ibr-16_3.txt 0 1456155254 1456155254
ibr-51_ibr-16_4.txt 0 1456155254 1456155254
ibr-51_ibr-16_5.txt 0 1456155254 1456155254
ibr-51_ibr-16_6.txt 0 1456155254 1456155254
ibr-51_ibr-16_7.txt 0 1456155254 1456155254
ibr-51_ibr-16_8.txt 0 1456155254 1456155254
ibr-51_ibr-17_1.txt 0 1456155253 1456155253
ibr-51_ibr-21_1.txt 0 1456155254 1456155254
ibr-51_ibr-21_2.txt 0 1456155254 1456155254
ibr-51_ibr-21_3.txt 1024 1456155256 1456159678
ibr-51_ibr-21_4.txt 1024 1456155254 1456159678
ibr-51_ibr-21_5.txt 1024 1456155254 1456160685
ibr-51_ibr-21_6.txt 0 1456155254 1456155254
ibr-51_ibr-26_1.txt 0 1456155254 1456155254
ibr-51_ibr-26_2.txt 0 1456155254 1456155254
ibr-51_ibr-31_1.txt 1024 1456155253 1456155964
ibr-51_ibr-31_2.txt 1024 1456155254 1456156093
ibr-51_ibr-31_3.txt 1024 1456155254 1456156143
ibr-51_ibr-31_4.txt 0 1456155254 1456155254
ibr-51_ibr-31_5.txt 0 1456155254 1456155254
ibr-51_ibr-31_6.txt 0 1456155254 1456155254
ibr-51_ibr-31_7.txt 0 1456155254 1456155254
ibr-51_ibr-31_8.txt 0 1456155255 1456155255
ibr-51_ibr-31_9.txt 0 1456155254 1456155254
ibr-51_ibr-33_1.txt 0 1456155253 1456155253
ibr-51_ibr-36_1.txt 0 1456155254 1456155254
ibr-51_ibr-36_2.txt 0 1456155254 1456155254
ibr-51_ibr-36_3.txt 0 1456155255 1456155255
ibr-51_ibr-41_1.txt 0 1456155254 1456155254
ibr-51_ibr-41_2.txt 0 1456155254 1456155254
ibr-51_ibr-41_3.txt 0 1456155254 1456155254
ibr-51_ibr-46_1.txt 0 1456155254 1456155254
ibr-51_ibr-46_2.txt 0 1456155254 1456155254
ibr-51_ibr-56_1.txt 0 1456155254 1456155254
ibr-51_ibr-56_2.txt 0 1456155254 1456155254
ibr-51_ibr-56_3.txt 0 1456155254 1456155254
ibr-51_ibr-56_4.txt 0 1456155253 1456155253
ibr-51_ibr-56_5.txt 0 1456155254 1456155254
ibr-51_ibr-6_1.txt 1024 1456155253 1456159653
ibr-51_ibr-6_2.txt 0 1456155255 1456155255
ibr-51_ibr-6_3.txt 0 1456155255 1456155255
ibr-51_ibr-6_4.txt 1024 1456155254 1456159653
ibr-51_ibr-6_5.txt 0 1456155254 1456155254
ibr-51_ibr-6_6.txt 0 1456155254 1456155254
ibr-51_ibr-6_7.txt 0 1456155254 1456155254
ibr-51_ibr-7_1.txt 0 1456155253 1456155253
ibr-52_ibr-14_1.txt 1024 1456155254 1456156238
ibr-52_ibr-19_1.txt 0 1456155254 1456155254
ibr-52_ibr-24_1.txt 1024 1456155253 1456159888
ibr-52_ibr-36_1.txt 0 1456155254 1456155254
ibr-52_ibr-51_1.txt 1024 1456155254 1456156358
ibr-52_ibr-54_1.txt 1024 1456155253 1456155919
ibr-53_ibr-15_1.txt 1024 1456155254 1456157513
ibr-53_ibr-2_1.txt 1024 1456155253 1456159333
ibr-53_ibr-24_1.txt 1024 1456155253 1456158704
ibr-53_ibr-26_1.txt 1024 1456155254 1456157153
ibr-53_ibr-35_1.txt 0 1456155253 1456155253
ibr-53_ibr-36_1.txt 1024 1456155254 1456160479
ibr-53_ibr-43_1.txt 1024 1456155253 1456156678
ibr-53_ibr-45_1.txt 1024 1456155253 1456157228
ibr-53_ibr-47_1.txt 1024 1456155253 1456159688
ibr-53_ibr-51_1.txt 0 1456155254 1456155254
ibr-53_ibr-6_1.txt 1024 1456155254 1456161149
ibr-54_ibr-10_1.txt 0 1456155253 1456155253
ibr-54_ibr-12_1.txt 1024 1456155253 1456158109
ibr-54_ibr-25_1.txt 1024 1456155253 1456157348
ibr-54_ibr-25_2.txt 1024 1456155253 1456158569
ibr-54_ibr-30_1.txt 1024 1456155254 1456159523
ibr-54_ibr-3_1.txt 1024 1456155253 1456157348
ibr-54_ibr-32_1.txt 1024 1456155253 1456157088
ibr-54_ibr-40_1.txt 1024 1456155253 1456159879
ibr-54_ibr-47_1.txt 1024 1456155253 1456159025
ibr-54_ibr-52_1.txt 1024 1456155253 1456157244
ibr-54_ibr-53_1.txt 0 1456155254 1456155254
ibr-55_ibr-28_1.txt 1024 1456155253 1456156283
ibr-55_ibr-29_1.txt 1024 1456155254 1456159708
ibr-55_ibr-30_1.txt 1024 1456155253 1456159068
ibr-55_ibr-36_1.txt 0 1456155255 1456155255
ibr-55_ibr-37_1.txt 1024 1456155253 1456156328
ibr-55_ibr-41_1.txt 0 1456155254 1456155254
ibr-55_ibr-52_1.txt 1024 1456155254 1456160209
ibr-55_ibr-54_1.txt 1024 1456155253 1456157533
ibr-56_ibr-13_1.txt 0 1456155253 1456155253
ibr-56_ibr-16_1.txt 0 1456155254 1456155254
ibr-56_ibr-16_2.txt 1024 1456155254 1456160853
ibr-56_ibr-17_1.txt 1024 1456155253 1456156278
ibr-56_ibr-25_1.txt 1024 1456155253 1456160053
ibr-56_ibr-33_1.txt 1024 1456155253 1456156078
ibr-56_ibr-41_1.txt 1024 1456155254 1456161069
ibr-56_ibr-43_1.txt 1024 1456155253 1456160353
ibr-56_ibr-46_1.txt 0 1456155254 1456155254
ibr-56_ibr-48_1.txt 1024 1456155253 1456156613
ibr-56_ibr-51_1.txt 1024 1456155254 1456159926
ibr-56_ibr-54_1.txt 0 1456155254 1456155254
ibr-5_ibr-13_1.txt 0 1456155253 1456155253
ibr-5_ibr-14_1.txt 1024 1456155253 1456159054
ibr-5_ibr-19_1.txt 1024 1456155254 1456156058
ibr-5_ibr-23_1.txt 1024 1456155253 1456157728
ibr-5_ibr-23_2.txt 1024 1456155253 1456158779
ibr-5_ibr-32_1.txt 1024 1456155254 1456160138
ibr-5_ibr-36_1.txt 1024 1456155255 1456156208
ibr-5_ibr-36_2.txt 1024 1456155254 1456160238
ibr-5_ibr-42_1.txt 1024 1456155254 1456157009
ibr-5_ibr-43_1.txt 1024 1456155253 1456156094
ibr-5_ibr-49_1.txt 1024 1456155253 1456156583
ibr-5_ibr-49_2.txt 1024 1456155253 1456156823
ibr-6_ibr-11_1.txt 1024 1456155254 1456159648
ibr-6_ibr-11_2.txt 0 1456155254 1456155254
ibr-6_ibr-11_3.txt 0 1456155254 1456155254
ibr-6_ibr-11_4.txt 0 1456155254 1456155254
ibr-6_ibr-1_1.txt 0 1456155254 1456155254
ibr-6_ibr-1_2.txt 0 1456155255 1456155255
ibr-6_ibr-1_3.txt 0 1456155254 1456155254
ibr-6_ibr-15_1.txt 1024 1456155253 1456155923
ibr-6_ibr-16_1.txt 1024 1456155254 1456156248
ibr-6_ibr-16_2.txt 0 1456155254 1456155254
ibr-6_ibr-16_3.txt 1024 1456155254 1456159618
ibr-6_ibr-16_4.txt 0 1456155254 1456155254
ibr-6_ibr-16_5.txt 0 1456155254 1456155254
ibr-6_ibr-16_6.txt 0 1456155254 1456155254
ibr-6_ibr-16_7.txt 1024 1456155255 1456159618
ibr-6_ibr-16_8.txt 0 1456155255 1456155255
ibr-6_ibr-21_10.txt 0 1456155254 1456155254
ibr-6_ibr-21_1.txt 1024 1456155253 1456156168
ibr-6_ibr-21_2.txt 0 1456155254 1456155254
ibr-6_ibr-21_3.txt 0 1456155254 1456155254
ibr-6_ibr-21_4.txt 0 1456155253 1456155253
ibr-6_ibr-21_5.txt 0 1456155254 1456155254
ibr-6_ibr-21_6.txt 0 1456155254 1456155254
ibr-6_ibr-21_7.txt 0 1456155254 1456155254
ibr-6_ibr-21_8.txt 0 1456155254 1456155254
ibr-6_ibr-21_9.txt 0 1456155254 1456155254
ibr-6_ibr-26_1.txt 0 1456155254 1456155254
ibr-6_ibr-26_2.txt 1024 1456155255 1456159978
ibr-6_ibr-26_3.txt 0 1456155254 1456155254
ibr-6_ibr-26_4.txt 0 1456155254 1456155254
ibr-6_ibr-26_5.txt 0 1456155254 1456155254
ibr-6_ibr-26_6.txt 0 1456155254 1456155254
ibr-6_ibr-26_7.txt 0 1456155254 1456155254
ibr-6_ibr-28_1.txt 0 1456155253 1456155253
ibr-6_ibr-31_1.txt 0 1456155254 1456155254
ibr-6_ibr-31_2.txt 1024 1456155253 1456159913
ibr-6_ibr-31_3.txt 0 1456155254 1456155254
ibr-6_ibr-31_4.txt 0 1456155254 1456155254
ibr-6_ibr-31_5.txt 0 1456155254 1456155254
ibr-6_ibr-31_6.txt 0 1456155254 1456155254
ibr-6_ibr-32_1.txt 0 1456155253 1456155253
ibr-6_ibr-33_1.txt 1024 1456155253 1456156139
ibr-6_ibr-36_1.txt 1024 1456155254 1456156829
ibr-6_ibr-36_2.txt 0 1456155254 1456155254
ibr-6_ibr-36_3.txt 0 1456155254 1456155254
ibr-6_ibr-36_4.txt 0 1456155254 1456155254
ibr-6_ibr-41_1.txt 1024 1456155254 1456159458
ibr-6_ibr-41_2.txt 0 1456155253 1456155253
ibr-6_ibr-41_3.txt 0 1456155253 1456155253
ibr-6_ibr-41_4.txt 0 1456155254 1456155254
ibr-6_ibr-41_5.txt 0 1456155254 1456155254
ibr-6_ibr-41_6.txt 0 1456155254 1456155254
ibr-6_ibr-4_1.txt 0 1456155254 1456155254
ibr-6_ibr-46_1.txt 1024 1456155254 1456155966
ibr-6_ibr-46_2.txt 1024 1456155254 1456161065
ibr-6_ibr-46_3.txt 0 1456155254 1456155254
ibr-6_ibr-50_1.txt 1024 1456155254 1456157003
ibr-6_ibr-51_1.txt 1024 1456155254 1456156258
ibr-6_ibr-51_2.txt 1024 1456155254 1456156258
ibr-6_ibr-51_3.txt 0 1456155254 1456155254
ibr-6_ibr-51_4.txt 0 1456155254 1456155254
ibr-6_ibr-51_5.txt 0 1456155255 1456155255
ibr-6_ibr-51_6.txt 0 1456155255 1456155255
ibr-6_ibr-56_1.txt 0 1456155254 1456155254
ibr-6_ibr-56_2.txt 0 1456155254 1456155254
ibr-6_ibr-56_3.txt 1024 1456155255 1456160213
ibr-6_ibr-7_1.txt 0 1456155253 1456155253
ibr-7_ibr-11_1.txt 1024 1456155254 1456157559
ibr-7_ibr-11_2.txt 1024 1456155254 1456158879
ibr-7_ibr-13_1.txt 1024 1456155253 1456156868
ibr-7_ibr-24_1.txt 1024 1456155253 1456157283
ibr-7_ibr-24_2.txt 1024 1456155254 1456157463
ibr-7_ibr-24_3.txt 1024 1456155253 1456159013
ibr-7_ibr-27_1.txt 1024 1456155253 1456156778
ibr-7_ibr-36_1.txt 0 1456155254 1456155254
ibr-7_ibr-37_1.txt 1024 1456155253 1456158284
ibr-7_ibr-38_1.txt 0 1456155253 1456155253
ibr-7_ibr-48_1.txt 1024 1456155253 1456156168
ibr-7_ibr-56_1.txt 1024 1456155254 1456160213
ibr-7_ibr-6_1.txt 0 1456155254 1456155254
ibr-7_ibr-8_1.txt 0 1456155253 1456155253
ibr-8_ibr-10_1.txt 1024 1456155253 1456155797
ibr-8_ibr-13_1.txt 1024 1456155253 1456159753
ibr-8_ibr-20_1.txt 1024 1456155253 1456156288
ibr-8_ibr-30_1.txt 1024 1456155253 1456157999
ibr-8_ibr-30_2.txt 1024 1456155253 1456159284
ibr-8_ibr-31_1.txt 1024 1456155254 1456159598
ibr-8_ibr-36_1.txt 1024 1456155254 1456158853
ibr-8_ibr-47_1.txt 1024 1456155253 1456156893
ibr-8_ibr-48_1.txt 1024 1456155253 1456159618
ibr-8_ibr-53_1.txt 1024 1456155253 1456156163
ibr-8_ibr-7_1.txt 1024 1456155253 1456158529
ibr-8_ibr-7_2.txt 1024 1456155253 1456158529
ibr-9_ibr-10_1.txt 1024 1456155253 1456158280
ibr-9_ibr-15_1.txt 1024 1456155253 1456157829
ibr-9_ibr-16_1.txt 1024 1456155254 1456156064
ibr-9_ibr-18_1.txt 1024 1456155253 1456160754
ibr-9_ibr-22_1.txt 1024 1456155253 1456160743
ibr-9_ibr-25_1.txt 0 1456155253 1456155253
ibr-9_ibr-33_1.txt 1024 1456155254 1456158479
ibr-9_ibr-37_1.txt 1024 1456155254 1456159803
ibr-9_ibr-43_1.txt 1024 1456155253 1456161084
ibr-9_ibr-45_1.txt 1024 1456155253 1456159943
ibr-9_ibr-49_1.txt 0 1456155253 1456155253
ibr-9_ibr-49_2.txt 0 1456155253 1456155253
ibr-9_ibr-56_1.txt 0 1456155254 1456155254
