# name size  create_time reach_time
ibr-10_ibr-13_1.txt 1024 1455808894 1455809637
ibr-10_ibr-31_1.txt 1024 1455808894 1455809197
ibr-10_ibr-33_1.txt 1024 1455808894 1455808997
ibr-10_ibr-36_1.txt 1024 1455808895 1455813639
ibr-10_ibr-4_1.txt 0 1455808894 1455808894
ibr-10_ibr-4_2.txt 0 1455808895 1455808895
ibr-10_ibr-43_1.txt 1024 1455808895 1455811677
ibr-10_ibr-4_3.txt 0 1455808895 1455808895
ibr-10_ibr-50_1.txt 1024 1455808894 1455809927
ibr-10_ibr-9_1.txt 1024 1455808894 1455810527
ibr-11_ibr-1_1.txt 1024 1455808894 1455809462
ibr-11_ibr-1_2.txt 1024 1455808894 1455810142
ibr-11_ibr-13_1.txt 1024 1455808894 1455810477
ibr-11_ibr-1_3.txt 1024 1455808894 1455810702
ibr-11_ibr-14_1.txt 1024 1455808894 1455810775
ibr-11_ibr-1_4.txt 1024 1455808894 1455810802
ibr-11_ibr-1_5.txt 1024 1455808894 1455811342
ibr-11_ibr-16_1.txt 1024 1455808894 1455809262
ibr-11_ibr-16_2.txt 1024 1455808894 1455809402
ibr-11_ibr-16_3.txt 1024 1455808895 1455810132
ibr-11_ibr-16_4.txt 1024 1455808894 1455810292
ibr-11_ibr-16_5.txt 1024 1455808895 1455810992
ibr-11_ibr-16_6.txt 1024 1455808894 1455811402
ibr-11_ibr-1_6.txt 1024 1455808895 1455811582
ibr-11_ibr-1_7.txt 1024 1455808895 1455811822
ibr-11_ibr-20_1.txt 1024 1455808893 1455808957
ibr-11_ibr-21_1.txt 1024 1455808894 1455809407
ibr-11_ibr-21_2.txt 1024 1455808895 1455809542
ibr-11_ibr-21_3.txt 1024 1455808894 1455809602
ibr-11_ibr-21_4.txt 1024 1455808895 1455809622
ibr-11_ibr-21_5.txt 1024 1455808894 1455809872
ibr-11_ibr-21_6.txt 1024 1455808896 1455810412
ibr-11_ibr-22_1.txt 1024 1455808894 1455810767
ibr-11_ibr-23_1.txt 1024 1455808893 1455813221
ibr-11_ibr-26_1.txt 0 1455808895 1455808895
ibr-11_ibr-26_2.txt 0 1455808895 1455808895
ibr-11_ibr-27_1.txt 1024 1455808894 1455811295
ibr-11_ibr-27_2.txt 0 1455808894 1455808894
ibr-11_ibr-28_1.txt 0 1455808894 1455808894
ibr-11_ibr-28_2.txt 0 1455808894 1455808894
ibr-11_ibr-31_1.txt 1024 1455808895 1455809502
ibr-11_ibr-31_2.txt 1024 1455808894 1455809972
ibr-11_ibr-31_3.txt 1024 1455808894 1455810402
ibr-11_ibr-31_4.txt 1024 1455808894 1455810822
ibr-11_ibr-31_5.txt 1024 1455808894 1455811132
ibr-11_ibr-36_1.txt 0 1455808895 1455808895
ibr-11_ibr-36_2.txt 0 1455808895 1455808895
ibr-11_ibr-36_3.txt 0 1455808895 1455808895
ibr-11_ibr-36_4.txt 0 1455808895 1455808895
ibr-11_ibr-36_5.txt 0 1455808894 1455808894
ibr-11_ibr-41_1.txt 0 1455808895 1455808895
ibr-11_ibr-41_2.txt 0 1455808895 1455808895
ibr-11_ibr-41_3.txt 0 1455808895 1455808895
ibr-11_ibr-41_4.txt 0 1455808894 1455808894
ibr-11_ibr-41_5.txt 0 1455808895 1455808895
ibr-11_ibr-41_6.txt 0 1455808894 1455808894
ibr-11_ibr-4_1.txt 0 1455808895 1455808895
ibr-11_ibr-4_2.txt 0 1455808894 1455808894
ibr-11_ibr-45_1.txt 0 1455808894 1455808894
ibr-11_ibr-46_1.txt 1024 1455808894 1455809722
ibr-11_ibr-46_2.txt 1024 1455808894 1455810322
ibr-11_ibr-46_3.txt 1024 1455808894 1455810452
ibr-11_ibr-47_1.txt 1024 1455808894 1455810457
ibr-11_ibr-50_1.txt 1024 1455808894 1455810187
ibr-11_ibr-51_1.txt 1024 1455808894 1455809342
ibr-11_ibr-51_2.txt 1024 1455808894 1455810572
ibr-11_ibr-51_3.txt 1024 1455808895 1455811152
ibr-11_ibr-51_4.txt 1024 1455808895 1455811222
ibr-11_ibr-51_5.txt 1024 1455808895 1455811332
ibr-11_ibr-53_1.txt 1024 1455808894 1455809797
ibr-11_ibr-54_1.txt 1024 1455808893 1455809047
ibr-11_ibr-56_1.txt 0 1455808895 1455808895
ibr-11_ibr-56_2.txt 0 1455808895 1455808895
ibr-11_ibr-56_3.txt 0 1455808895 1455808895
ibr-11_ibr-56_4.txt 0 1455808894 1455808894
ibr-11_ibr-6_1.txt 0 1455808894 1455808894
ibr-11_ibr-6_2.txt 0 1455808894 1455808894
ibr-11_ibr-6_3.txt 0 1455808894 1455808894
ibr-11_ibr-6_4.txt 0 1455808896 1455808896
ibr-12_ibr-10_1.txt 1024 1455808894 1455810887
ibr-12_ibr-11_1.txt 1024 1455808895 1455810577
ibr-12_ibr-13_1.txt 1024 1455808894 1455809547
ibr-12_ibr-16_1.txt 1024 1455808894 1455811777
ibr-12_ibr-33_1.txt 1024 1455808894 1455811277
ibr-12_ibr-37_1.txt 0 1455808893 1455808893
ibr-12_ibr-40_1.txt 1024 1455808894 1455809967
ibr-12_ibr-43_1.txt 1024 1455808895 1455809767
ibr-12_ibr-45_1.txt 0 1455808894 1455808894
ibr-12_ibr-47_1.txt 1024 1455808893 1455809287
ibr-12_ibr-52_1.txt 0 1455808894 1455808894
ibr-12_ibr-56_1.txt 0 1455808895 1455808895
ibr-12_ibr-56_2.txt 0 1455808895 1455808895
ibr-13_ibr-17_1.txt 1024 1455808894 1455810197
ibr-13_ibr-25_1.txt 1024 1455808894 1455811367
ibr-13_ibr-33_1.txt 1024 1455808894 1455810797
ibr-13_ibr-39_1.txt 1024 1455808894 1455808987
ibr-13_ibr-47_1.txt 1024 1455808894 1455810337
ibr-13_ibr-5_1.txt 0 1455808894 1455808894
ibr-13_ibr-56_1.txt 0 1455808894 1455808894
ibr-13_ibr-8_1.txt 0 1455808894 1455808894
ibr-14_ibr-16_1.txt 1024 1455808894 1455809387
ibr-14_ibr-21_1.txt 1024 1455808895 1455809887
ibr-14_ibr-30_1.txt 1024 1455808893 1455809837
ibr-14_ibr-32_1.txt 1024 1455808894 1455809697
ibr-14_ibr-39_1.txt 1024 1455808895 1455809639
ibr-14_ibr-39_2.txt 1024 1455808895 1455810037
ibr-14_ibr-40_1.txt 1024 1455808894 1455810129
ibr-14_ibr-41_1.txt 1024 1455808895 1455811494
ibr-14_ibr-44_1.txt 1024 1455808895 1455810159
ibr-14_ibr-45_1.txt 1024 1455808894 1455811190
ibr-14_ibr-46_1.txt 1024 1455808894 1455809044
ibr-14_ibr-5_1.txt 1024 1455808894 1455809859
ibr-14_ibr-52_1.txt 1024 1455808894 1455811198
ibr-15_ibr-11_1.txt 1024 1455808895 1455811887
ibr-15_ibr-27_1.txt 0 1455808894 1455808894
ibr-15_ibr-32_1.txt 1024 1455808894 1455810897
ibr-15_ibr-36_1.txt 0 1455808895 1455808895
ibr-15_ibr-36_2.txt 0 1455808895 1455808895
ibr-15_ibr-40_1.txt 1024 1455808894 1455811127
ibr-15_ibr-41_1.txt 0 1455808894 1455808894
ibr-15_ibr-4_1.txt 0 1455808894 1455808894
ibr-15_ibr-43_1.txt 1024 1455808895 1455809277
ibr-15_ibr-52_1.txt 0 1455808894 1455808894
ibr-16_ibr-11_1.txt 1024 1455808894 1455809332
ibr-16_ibr-11_2.txt 1024 1455808895 1455809392
ibr-16_ibr-11_3.txt 1024 1455808894 1455809562
ibr-16_ibr-11_4.txt 1024 1455808895 1455809882
ibr-16_ibr-11_5.txt 1024 1455808894 1455810002
ibr-16_ibr-11_6.txt 1024 1455808895 1455810632
ibr-16_ibr-11_7.txt 1024 1455808895 1455810732
ibr-16_ibr-11_8.txt 1024 1455808895 1455810792
ibr-16_ibr-1_1.txt 1024 1455808895 1455809842
ibr-16_ibr-1_2.txt 1024 1455808894 1455809942
ibr-16_ibr-1_3.txt 1024 1455808894 1455810682
ibr-16_ibr-1_4.txt 1024 1455808894 1455810852
ibr-16_ibr-1_5.txt 1024 1455808894 1455811212
ibr-16_ibr-1_6.txt 1024 1455808894 1455811402
ibr-16_ibr-21_1.txt 1024 1455808894 1455808902
ibr-16_ibr-21_2.txt 1024 1455808894 1455809712
ibr-16_ibr-21_3.txt 1024 1455808895 1455810012
ibr-16_ibr-21_4.txt 1024 1455808895 1455810242
ibr-16_ibr-21_5.txt 1024 1455808895 1455810372
ibr-16_ibr-21_6.txt 1024 1455808895 1455810752
ibr-16_ibr-21_7.txt 1024 1455808896 1455811162
ibr-16_ibr-2_1.txt 1024 1455808895 1455809247
ibr-16_ibr-2_2.txt 1024 1455808894 1455811337
ibr-16_ibr-26_1.txt 0 1455808894 1455808894
ibr-16_ibr-26_2.txt 0 1455808895 1455808895
ibr-16_ibr-26_3.txt 0 1455808895 1455808895
ibr-16_ibr-28_1.txt 1024 1455808894 1455809493
ibr-16_ibr-28_2.txt 0 1455808894 1455808894
ibr-16_ibr-31_1.txt 1024 1455808895 1455809062
ibr-16_ibr-31_2.txt 1024 1455808894 1455809072
ibr-16_ibr-31_3.txt 1024 1455808894 1455809272
ibr-16_ibr-31_4.txt 1024 1455808894 1455809382
ibr-16_ibr-31_5.txt 1024 1455808894 1455809572
ibr-16_ibr-31_6.txt 1024 1455808894 1455810292
ibr-16_ibr-31_7.txt 1024 1455808894 1455810412
ibr-16_ibr-31_8.txt 1024 1455808895 1455811692
ibr-16_ibr-33_1.txt 1024 1455808895 1455811407
ibr-16_ibr-36_1.txt 0 1455808894 1455808894
ibr-16_ibr-36_2.txt 0 1455808894 1455808894
ibr-16_ibr-36_3.txt 0 1455808895 1455808895
ibr-16_ibr-36_4.txt 0 1455808895 1455808895
ibr-16_ibr-36_5.txt 0 1455808895 1455808895
ibr-16_ibr-36_6.txt 0 1455808895 1455808895
ibr-16_ibr-40_1.txt 1024 1455808894 1455810907
ibr-16_ibr-41_1.txt 0 1455808894 1455808894
ibr-16_ibr-41_2.txt 0 1455808895 1455808895
ibr-16_ibr-41_3.txt 0 1455808896 1455808896
ibr-16_ibr-41_4.txt 0 1455808894 1455808894
ibr-16_ibr-41_5.txt 0 1455808895 1455808895
ibr-16_ibr-41_6.txt 0 1455808895 1455808895
ibr-16_ibr-42_1.txt 1024 1455808894 1455811837
ibr-16_ibr-46_1.txt 1024 1455808894 1455809002
ibr-16_ibr-49_1.txt 1024 1455808895 1455809437
ibr-16_ibr-49_2.txt 1024 1455808894 1455811637
ibr-16_ibr-51_10.txt 1024 1455808895 1455811852
ibr-16_ibr-51_1.txt 1024 1455808894 1455809222
ibr-16_ibr-51_2.txt 1024 1455808894 1455809832
ibr-16_ibr-51_3.txt 1024 1455808894 1455810302
ibr-16_ibr-51_4.txt 1024 1455808894 1455810687
ibr-16_ibr-51_5.txt 1024 1455808894 1455810932
ibr-16_ibr-51_6.txt 1024 1455808895 1455811022
ibr-16_ibr-51_7.txt 1024 1455808895 1455811382
ibr-16_ibr-51_8.txt 1024 1455808894 1455811542
ibr-16_ibr-51_9.txt 1024 1455808894 1455811592
ibr-16_ibr-56_1.txt 0 1455808894 1455808894
ibr-16_ibr-56_2.txt 0 1455808895 1455808895
ibr-16_ibr-56_3.txt 0 1455808894 1455808894
ibr-16_ibr-56_4.txt 0 1455808895 1455808895
ibr-16_ibr-56_5.txt 0 1455808895 1455808895
ibr-16_ibr-6_1.txt 0 1455808895 1455808895
ibr-16_ibr-6_2.txt 0 1455808894 1455808894
ibr-16_ibr-6_3.txt 0 1455808896 1455808896
ibr-17_ibr-12_1.txt 1024 1455808893 1455810547
ibr-17_ibr-18_1.txt 1024 1455808894 1455808987
ibr-17_ibr-20_1.txt 1024 1455808894 1455810647
ibr-17_ibr-23_1.txt 1024 1455808894 1455812328
ibr-17_ibr-25_1.txt 1024 1455808895 1455810147
ibr-17_ibr-30_1.txt 1024 1455808895 1455811787
ibr-17_ibr-31_1.txt 1024 1455808894 1455810157
ibr-17_ibr-37_1.txt 0 1455808895 1455808895
ibr-17_ibr-44_1.txt 1024 1455808895 1455810228
ibr-17_ibr-51_1.txt 1024 1455808895 1455810997
ibr-17_ibr-54_1.txt 1024 1455808893 1455809837
ibr-17_ibr-55_1.txt 1024 1455808894 1455810637
ibr-17_ibr-8_1.txt 1024 1455808894 1455811036
ibr-17_ibr-9_1.txt 1024 1455808894 1455810827
ibr-18_ibr-13_1.txt 1024 1455808894 1455811267
ibr-18_ibr-14_1.txt 0 1455808894 1455808894
ibr-18_ibr-26_1.txt 0 1455808895 1455808895
ibr-18_ibr-3_1.txt 1024 1455808894 1455813482
ibr-18_ibr-45_1.txt 1024 1455808893 1455810736
ibr-18_ibr-5_1.txt 0 1455808894 1455808894
ibr-19_ibr-11_1.txt 1024 1455808895 1455811900
ibr-19_ibr-22_1.txt 1024 1455808893 1455811021
ibr-19_ibr-32_1.txt 1024 1455808894 1455811847
ibr-19_ibr-34_1.txt 1024 1455808894 1455808907
ibr-19_ibr-37_1.txt 1024 1455808894 1455809845
ibr-19_ibr-51_1.txt 1024 1455808895 1455811454
ibr-19_ibr-53_1.txt 1024 1455808894 1455810917
ibr-19_ibr-8_1.txt 1024 1455808894 1455810439
ibr-1_ibr-11_1.txt 1024 1455808895 1455808902
ibr-1_ibr-11_2.txt 1024 1455808894 1455809082
ibr-1_ibr-11_3.txt 1024 1455808894 1455810902
ibr-1_ibr-11_4.txt 1024 1455808895 1455811312
ibr-1_ibr-11_5.txt 1024 1455808895 1455811722
ibr-1_ibr-16_1.txt 1024 1455808894 1455809092
ibr-1_ibr-16_2.txt 1024 1455808894 1455810352
ibr-1_ibr-16_3.txt 1024 1455808894 1455810552
ibr-1_ibr-16_4.txt 1024 1455808895 1455811272
ibr-1_ibr-16_5.txt 1024 1455808894 1455811792
ibr-1_ibr-21_1.txt 1024 1455808895 1455810972
ibr-1_ibr-21_2.txt 1024 1455808895 1455811762
ibr-1_ibr-26_10.txt 0 1455808895 1455808895
ibr-1_ibr-26_11.txt 0 1455808895 1455808895
ibr-1_ibr-26_12.txt 0 1455808895 1455808895
ibr-1_ibr-26_1.txt 0 1455808894 1455808894
ibr-1_ibr-26_2.txt 0 1455808894 1455808894
ibr-1_ibr-26_3.txt 0 1455808894 1455808894
ibr-1_ibr-26_4.txt 0 1455808895 1455808895
ibr-1_ibr-26_5.txt 0 1455808894 1455808894
ibr-1_ibr-26_6.txt 0 1455808894 1455808894
ibr-1_ibr-26_7.txt 0 1455808896 1455808896
ibr-1_ibr-26_8.txt 0 1455808895 1455808895
ibr-1_ibr-26_9.txt 0 1455808895 1455808895
ibr-1_ibr-31_1.txt 1024 1455808894 1455809112
ibr-1_ibr-31_2.txt 1024 1455808894 1455809142
ibr-1_ibr-31_3.txt 1024 1455808894 1455810342
ibr-1_ibr-31_4.txt 1024 1455808894 1455810502
ibr-1_ibr-31_5.txt 1024 1455808894 1455810602
ibr-1_ibr-31_6.txt 1024 1455808894 1455810612
ibr-1_ibr-31_7.txt 1024 1455808894 1455810882
ibr-1_ibr-31_8.txt 1024 1455808894 1455811812
ibr-1_ibr-31_9.txt 1024 1455808895 1455811842
ibr-1_ibr-36_1.txt 0 1455808894 1455808894
ibr-1_ibr-36_2.txt 0 1455808895 1455808895
ibr-1_ibr-41_1.txt 0 1455808894 1455808894
ibr-1_ibr-41_2.txt 0 1455808894 1455808894
ibr-1_ibr-46_1.txt 1024 1455808894 1455809572
ibr-1_ibr-51_1.txt 1024 1455808895 1455808962
ibr-1_ibr-51_2.txt 1024 1455808894 1455809392
ibr-1_ibr-51_3.txt 1024 1455808894 1455809562
ibr-1_ibr-51_4.txt 1024 1455808894 1455809952
ibr-1_ibr-51_5.txt 1024 1455808894 1455810072
ibr-1_ibr-51_6.txt 1024 1455808895 1455810812
ibr-1_ibr-51_7.txt 1024 1455808895 1455811632
ibr-1_ibr-56_1.txt 0 1455808894 1455808894
ibr-1_ibr-56_2.txt 0 1455808895 1455808895
ibr-1_ibr-56_3.txt 0 1455808895 1455808895
ibr-1_ibr-56_4.txt 0 1455808894 1455808894
ibr-1_ibr-6_1.txt 0 1455808895 1455808895
ibr-1_ibr-6_2.txt 0 1455808894 1455808894
ibr-1_ibr-6_3.txt 0 1455808895 1455808895
ibr-1_ibr-6_4.txt 0 1455808894 1455808894
ibr-1_ibr-6_5.txt 0 1455808894 1455808894
ibr-1_ibr-6_6.txt 0 1455808894 1455808894
ibr-1_ibr-6_7.txt 0 1455808895 1455808895
ibr-1_ibr-6_8.txt 0 1455808895 1455808895
ibr-1_ibr-6_9.txt 0 1455808895 1455808895
ibr-20_ibr-14_1.txt 1024 1455808894 1455812428
ibr-20_ibr-15_1.txt 1024 1455808894 1455810887
ibr-20_ibr-21_1.txt 1024 1455808894 1455809207
ibr-20_ibr-21_2.txt 1024 1455808894 1455809587
ibr-20_ibr-2_1.txt 1024 1455808895 1455811297
ibr-20_ibr-38_1.txt 1024 1455808893 1455812444
ibr-20_ibr-39_1.txt 1024 1455808894 1455808967
ibr-20_ibr-55_1.txt 1024 1455808894 1455809427
ibr-21_ibr-11_1.txt 1024 1455808894 1455809302
ibr-21_ibr-11_2.txt 1024 1455808895 1455810522
ibr-21_ibr-11_3.txt 1024 1455808895 1455810742
ibr-21_ibr-11_4.txt 1024 1455808895 1455810892
ibr-21_ibr-11_5.txt 1024 1455808895 1455811362
ibr-21_ibr-1_1.txt 1024 1455808895 1455809882
ibr-21_ibr-12_1.txt 1024 1455808894 1455809727
ibr-21_ibr-1_2.txt 1024 1455808895 1455810512
ibr-21_ibr-13_1.txt 1024 1455808894 1455811587
ibr-21_ibr-1_3.txt 1024 1455808894 1455811292
ibr-21_ibr-1_4.txt 1024 1455808895 1455811512
ibr-21_ibr-1_5.txt 1024 1455808895 1455811812
ibr-21_ibr-16_1.txt 1024 1455808894 1455809032
ibr-21_ibr-16_2.txt 1024 1455808894 1455809072
ibr-21_ibr-16_3.txt 1024 1455808895 1455809702
ibr-21_ibr-16_4.txt 1024 1455808894 1455810032
ibr-21_ibr-16_5.txt 1024 1455808894 1455810152
ibr-21_ibr-16_6.txt 1024 1455808895 1455810302
ibr-21_ibr-16_7.txt 1024 1455808895 1455810912
ibr-21_ibr-16_8.txt 1024 1455808894 1455811562
ibr-21_ibr-19_1.txt 0 1455808894 1455808894
ibr-21_ibr-20_1.txt 1024 1455808895 1455811317
ibr-21_ibr-26_1.txt 0 1455808895 1455808895
ibr-21_ibr-26_2.txt 0 1455808895 1455808895
ibr-21_ibr-26_3.txt 0 1455808895 1455808895
ibr-21_ibr-26_4.txt 0 1455808895 1455808895
ibr-21_ibr-31_1.txt 1024 1455808894 1455809132
ibr-21_ibr-31_2.txt 1024 1455808894 1455809382
ibr-21_ibr-31_3.txt 1024 1455808895 1455810102
ibr-21_ibr-31_4.txt 1024 1455808894 1455810122
ibr-21_ibr-31_5.txt 1024 1455808894 1455810312
ibr-21_ibr-31_6.txt 1024 1455808895 1455811052
ibr-21_ibr-31_7.txt 1024 1455808894 1455811072
ibr-21_ibr-31_8.txt 1024 1455808894 1455811082
ibr-21_ibr-31_9.txt 1024 1455808894 1455811832
ibr-21_ibr-36_1.txt 0 1455808894 1455808894
ibr-21_ibr-36_2.txt 0 1455808894 1455808894
ibr-21_ibr-38_1.txt 0 1455808894 1455808894
ibr-21_ibr-41_1.txt 0 1455808895 1455808895
ibr-21_ibr-41_2.txt 0 1455808894 1455808894
ibr-21_ibr-41_3.txt 0 1455808894 1455808894
ibr-21_ibr-4_1.txt 0 1455808895 1455808895
ibr-21_ibr-4_2.txt 0 1455808895 1455808895
ibr-21_ibr-4_3.txt 0 1455808894 1455808894
ibr-21_ibr-44_1.txt 0 1455808893 1455808893
ibr-21_ibr-46_1.txt 1024 1455808894 1455809122
ibr-21_ibr-46_2.txt 1024 1455808894 1455810082
ibr-21_ibr-46_3.txt 1024 1455808894 1455810112
ibr-21_ibr-46_4.txt 1024 1455808895 1455810872
ibr-21_ibr-46_5.txt 1024 1455808895 1455810972
ibr-21_ibr-46_6.txt 1024 1455808895 1455811372
ibr-21_ibr-46_7.txt 1024 1455808895 1455811572
ibr-21_ibr-51_1.txt 1024 1455808894 1455809532
ibr-21_ibr-51_2.txt 1024 1455808895 1455810962
ibr-21_ibr-56_1.txt 0 1455808894 1455808894
ibr-21_ibr-56_2.txt 0 1455808894 1455808894
ibr-21_ibr-56_3.txt 0 1455808895 1455808895
ibr-21_ibr-56_4.txt 0 1455808895 1455808895
ibr-21_ibr-6_1.txt 0 1455808895 1455808895
ibr-21_ibr-6_2.txt 0 1455808894 1455808894
ibr-21_ibr-6_3.txt 0 1455808894 1455808894
ibr-21_ibr-6_4.txt 0 1455808894 1455808894
ibr-21_ibr-6_5.txt 0 1455808896 1455808896
ibr-21_ibr-6_6.txt 0 1455808895 1455808895
ibr-21_ibr-7_1.txt 1024 1455808895 1455809457
ibr-21_ibr-8_1.txt 0 1455808895 1455808895
ibr-22_ibr-2_1.txt 1024 1455808894 1455811047
ibr-22_ibr-29_1.txt 1024 1455808894 1455809917
ibr-22_ibr-46_1.txt 1024 1455808895 1455811557
ibr-22_ibr-51_1.txt 1024 1455808895 1455811027
ibr-22_ibr-52_1.txt 0 1455808893 1455808893
ibr-22_ibr-55_1.txt 1024 1455808894 1455808947
ibr-22_ibr-55_2.txt 1024 1455808894 1455811857
ibr-23_ibr-12_1.txt 1024 1455808893 1455810757
ibr-23_ibr-13_1.txt 1024 1455808894 1455810179
ibr-23_ibr-25_1.txt 1024 1455808894 1455808929
ibr-23_ibr-40_1.txt 1024 1455808895 1455810587
ibr-23_ibr-48_1.txt 1024 1455808894 1455810307
ibr-24_ibr-13_1.txt 1024 1455808894 1455810297
ibr-24_ibr-16_1.txt 1024 1455808894 1455809037
ibr-24_ibr-21_1.txt 1024 1455808895 1455811137
ibr-24_ibr-22_1.txt 1024 1455808894 1455809187
ibr-24_ibr-22_2.txt 1024 1455808893 1455809667
ibr-24_ibr-22_3.txt 1024 1455808894 1455810497
ibr-24_ibr-23_1.txt 1024 1455808894 1455810841
ibr-24_ibr-28_1.txt 1024 1455808894 1455812073
ibr-24_ibr-30_1.txt 1024 1455808894 1455810587
ibr-24_ibr-34_1.txt 1024 1455808895 1455811467
ibr-24_ibr-36_1.txt 0 1455808895 1455808895
ibr-24_ibr-40_1.txt 1024 1455808894 1455811657
ibr-24_ibr-45_1.txt 0 1455808893 1455808893
ibr-24_ibr-8_1.txt 0 1455808894 1455808894
ibr-24_ibr-8_2.txt 1024 1455808893 1455813137
ibr-24_ibr-8_3.txt 1024 1455808895 1455813137
ibr-25_ibr-14_1.txt 1024 1455808894 1455812843
ibr-25_ibr-19_1.txt 0 1455808894 1455808894
ibr-25_ibr-24_1.txt 1024 1455808893 1455811777
ibr-25_ibr-35_1.txt 1024 1455808894 1455810847
ibr-25_ibr-37_1.txt 0 1455808894 1455808894
ibr-25_ibr-39_1.txt 1024 1455808894 1455809577
ibr-25_ibr-42_1.txt 1024 1455808895 1455809977
ibr-25_ibr-49_1.txt 1024 1455808894 1455811167
ibr-25_ibr-5_1.txt 0 1455808894 1455808894
ibr-26_ibr-11_1.txt 1024 1455808894 1455809252
ibr-26_ibr-11_2.txt 1024 1455808894 1455810445
ibr-26_ibr-11_3.txt 1024 1455808895 1455810712
ibr-26_ibr-1_1.txt 1024 1455808894 1455808992
ibr-26_ibr-1_2.txt 1024 1455808894 1455809012
ibr-26_ibr-13_1.txt 1024 1455808894 1455810840
ibr-26_ibr-1_3.txt 1024 1455808895 1455809852
ibr-26_ibr-1_4.txt 1024 1455808894 1455810462
ibr-26_ibr-1_5.txt 1024 1455808894 1455811092
ibr-26_ibr-16_1.txt 1024 1455808894 1455809032
ibr-26_ibr-16_2.txt 1024 1455808894 1455810632
ibr-26_ibr-16_3.txt 1024 1455808895 1455811817
ibr-26_ibr-21_10.txt 1024 1455808895 1455811354
ibr-26_ibr-21_11.txt 1024 1455808895 1455811559
ibr-26_ibr-21_1.txt 1024 1455808894 1455809675
ibr-26_ibr-21_2.txt 1024 1455808894 1455809692
ibr-26_ibr-21_3.txt 1024 1455808896 1455809992
ibr-26_ibr-21_4.txt 1024 1455808895 1455810012
ibr-26_ibr-21_5.txt 1024 1455808895 1455810232
ibr-26_ibr-21_6.txt 1024 1455808895 1455810522
ibr-26_ibr-21_7.txt 1024 1455808895 1455810722
ibr-26_ibr-21_8.txt 1024 1455808895 1455811049
ibr-26_ibr-21_9.txt 1024 1455808897 1455811162
ibr-26_ibr-25_1.txt 1024 1455808895 1455809403
ibr-26_ibr-25_2.txt 1024 1455808894 1455810509
ibr-26_ibr-31_1.txt 1024 1455808894 1455809195
ibr-26_ibr-31_2.txt 1024 1455808894 1455809292
ibr-26_ibr-31_3.txt 1024 1455808894 1455809472
ibr-26_ibr-31_4.txt 1024 1455808894 1455809912
ibr-26_ibr-31_5.txt 1024 1455808894 1455809972
ibr-26_ibr-31_6.txt 1024 1455808894 1455810592
ibr-26_ibr-31_7.txt 1024 1455808894 1455810672
ibr-26_ibr-31_8.txt 1024 1455808894 1455810692
ibr-26_ibr-34_1.txt 1024 1455808894 1455811054
ibr-26_ibr-36_1.txt 1024 1455808895 1455809059
ibr-26_ibr-36_2.txt 1024 1455808895 1455811026
ibr-26_ibr-36_3.txt 1024 1455808895 1455811592
ibr-26_ibr-36_4.txt 1024 1455808895 1455811439
ibr-26_ibr-37_1.txt 1024 1455808895 1455811859
ibr-26_ibr-38_1.txt 1024 1455808894 1455809505
ibr-26_ibr-41_1.txt 1024 1455808894 1455809680
ibr-26_ibr-41_2.txt 1024 1455808895 1455810079
ibr-26_ibr-41_3.txt 1024 1455808895 1455811182
ibr-26_ibr-41_4.txt 1024 1455808894 1455811961
ibr-26_ibr-46_1.txt 1024 1455808894 1455809066
ibr-26_ibr-46_2.txt 1024 1455808895 1455810562
ibr-26_ibr-46_3.txt 1024 1455808895 1455811744
ibr-26_ibr-51_1.txt 1024 1455808894 1455809195
ibr-26_ibr-51_2.txt 1024 1455808894 1455810732
ibr-26_ibr-51_3.txt 1024 1455808894 1455810872
ibr-26_ibr-51_4.txt 1024 1455808894 1455810979
ibr-26_ibr-51_5.txt 1024 1455808895 1455811817
ibr-26_ibr-53_1.txt 1024 1455808894 1455811744
ibr-26_ibr-55_1.txt 1024 1455808894 1455810137
ibr-26_ibr-55_2.txt 1024 1455808894 1455811817
ibr-26_ibr-56_1.txt 1024 1455808895 1455809530
ibr-26_ibr-56_2.txt 0 1455808894 1455808894
ibr-26_ibr-56_3.txt 0 1455808894 1455808894
ibr-26_ibr-56_4.txt 1024 1455808895 1455814449
ibr-26_ibr-56_5.txt 1024 1455808895 1455811716
ibr-26_ibr-56_6.txt 1024 1455808894 1455814449
ibr-26_ibr-56_7.txt 1024 1455808894 1455814449
ibr-26_ibr-56_8.txt 1024 1455808894 1455814449
ibr-26_ibr-6_1.txt 1024 1455808895 1455809297
ibr-26_ibr-6_2.txt 1024 1455808895 1455809297
ibr-26_ibr-6_3.txt 1024 1455808894 1455810325
ibr-26_ibr-6_4.txt 1024 1455808894 1455810325
ibr-26_ibr-6_5.txt 1024 1455808897 1455811059
ibr-26_ibr-6_6.txt 1024 1455808895 1455811110
ibr-27_ibr-18_1.txt 1024 1455808894 1455810537
ibr-27_ibr-21_1.txt 1024 1455808895 1455810976
ibr-27_ibr-22_1.txt 1024 1455808894 1455811614
ibr-27_ibr-25_1.txt 1024 1455808895 1455810417
ibr-27_ibr-35_1.txt 1024 1455808894 1455811067
ibr-27_ibr-39_1.txt 1024 1455808894 1455810367
ibr-27_ibr-39_2.txt 1024 1455808894 1455810377
ibr-27_ibr-43_1.txt 1024 1455808895 1455810758
ibr-27_ibr-48_1.txt 1024 1455808894 1455809457
ibr-27_ibr-5_1.txt 1024 1455808894 1455811629
ibr-27_ibr-53_1.txt 1024 1455808894 1455811278
ibr-27_ibr-56_1.txt 0 1455808895 1455808895
ibr-27_ibr-9_1.txt 1024 1455808895 1455811614
ibr-27_ibr-9_2.txt 1024 1455808895 1455811717
ibr-28_ibr-14_1.txt 1024 1455808894 1455809852
ibr-28_ibr-19_1.txt 1024 1455808894 1455809500
ibr-28_ibr-26_1.txt 1024 1455808895 1455811460
ibr-28_ibr-33_1.txt 1024 1455808894 1455810492
ibr-28_ibr-45_1.txt 1024 1455808894 1455810510
ibr-28_ibr-5_1.txt 1024 1455808894 1455811629
ibr-28_ibr-9_1.txt 1024 1455808894 1455810567
ibr-29_ibr-10_1.txt 1024 1455808894 1455810467
ibr-29_ibr-23_1.txt 1024 1455808894 1455809220
ibr-29_ibr-26_1.txt 1024 1455808895 1455812710
ibr-29_ibr-3_1.txt 0 1455808894 1455808894
ibr-29_ibr-32_1.txt 1024 1455808894 1455809377
ibr-29_ibr-38_1.txt 1024 1455808893 1455812378
ibr-29_ibr-40_1.txt 1024 1455808894 1455811217
ibr-29_ibr-41_1.txt 0 1455808895 1455808895
ibr-29_ibr-42_1.txt 1024 1455808894 1455809867
ibr-29_ibr-42_2.txt 1024 1455808895 1455810097
ibr-29_ibr-8_1.txt 1024 1455808893 1455812655
ibr-29_ibr-9_1.txt 1024 1455808893 1455810297
ibr-2_ibr-12_1.txt 1024 1455808894 1455809437
ibr-2_ibr-25_1.txt 1024 1455808894 1455810557
ibr-2_ibr-3_1.txt 1024 1455808894 1455810966
ibr-2_ibr-49_1.txt 1024 1455808895 1455811607
ibr-2_ibr-51_1.txt 1024 1455808894 1455809547
ibr-2_ibr-54_1.txt 1024 1455808894 1455810237
ibr-2_ibr-55_1.txt 1024 1455808894 1455811347
ibr-30_ibr-10_1.txt 1024 1455808894 1455811017
ibr-30_ibr-35_1.txt 1024 1455808894 1455809937
ibr-30_ibr-42_1.txt 1024 1455808894 1455811497
ibr-30_ibr-45_1.txt 1024 1455808894 1455812608
ibr-30_ibr-6_1.txt 1024 1455808895 1455813212
ibr-31_ibr-10_1.txt 1024 1455808895 1455810057
ibr-31_ibr-11_1.txt 1024 1455808894 1455810482
ibr-31_ibr-11_2.txt 1024 1455808895 1455811112
ibr-31_ibr-11_3.txt 1024 1455808895 1455811642
ibr-31_ibr-1_1.txt 1024 1455808894 1455809262
ibr-31_ibr-1_2.txt 1024 1455808895 1455810172
ibr-31_ibr-1_3.txt 1024 1455808894 1455810232
ibr-31_ibr-1_4.txt 1024 1455808894 1455810422
ibr-31_ibr-1_5.txt 1024 1455808894 1455810992
ibr-31_ibr-16_1.txt 1024 1455808895 1455809452
ibr-31_ibr-16_2.txt 1024 1455808894 1455810322
ibr-31_ibr-16_3.txt 1024 1455808894 1455810447
ibr-31_ibr-16_4.txt 1024 1455808894 1455810662
ibr-31_ibr-16_5.txt 1024 1455808895 1455811792
ibr-31_ibr-1_6.txt 1024 1455808895 1455811072
ibr-31_ibr-1_7.txt 1024 1455808894 1455811422
ibr-31_ibr-18_1.txt 1024 1455808894 1455810387
ibr-31_ibr-21_1.txt 1024 1455808894 1455809552
ibr-31_ibr-21_2.txt 1024 1455808894 1455809602
ibr-31_ibr-21_3.txt 1024 1455808895 1455810222
ibr-31_ibr-21_4.txt 1024 1455808896 1455810402
ibr-31_ibr-21_5.txt 1024 1455808896 1455811652
ibr-31_ibr-24_1.txt 1024 1455808894 1455811627
ibr-31_ibr-25_1.txt 1024 1455808894 1455809417
ibr-31_ibr-25_2.txt 1024 1455808894 1455810607
ibr-31_ibr-26_10.txt 0 1455808895 1455808895
ibr-31_ibr-26_1.txt 0 1455808894 1455808894
ibr-31_ibr-26_2.txt 0 1455808894 1455808894
ibr-31_ibr-26_3.txt 0 1455808894 1455808894
ibr-31_ibr-26_4.txt 0 1455808895 1455808895
ibr-31_ibr-26_5.txt 0 1455808895 1455808895
ibr-31_ibr-26_6.txt 0 1455808895 1455808895
ibr-31_ibr-26_7.txt 0 1455808895 1455808895
ibr-31_ibr-26_8.txt 0 1455808895 1455808895
ibr-31_ibr-26_9.txt 0 1455808895 1455808895
ibr-31_ibr-28_1.txt 0 1455808894 1455808894
ibr-31_ibr-33_1.txt 1024 1455808894 1455810557
ibr-31_ibr-36_1.txt 0 1455808895 1455808895
ibr-31_ibr-36_2.txt 0 1455808895 1455808895
ibr-31_ibr-40_1.txt 1024 1455808895 1455810777
ibr-31_ibr-40_2.txt 1024 1455808895 1455811077
ibr-31_ibr-40_3.txt 1024 1455808895 1455811107
ibr-31_ibr-41_1.txt 0 1455808894 1455808894
ibr-31_ibr-41_2.txt 0 1455808894 1455808894
ibr-31_ibr-41_3.txt 0 1455808895 1455808895
ibr-31_ibr-41_4.txt 0 1455808894 1455808894
ibr-31_ibr-41_5.txt 0 1455808895 1455808895
ibr-31_ibr-41_6.txt 0 1455808894 1455808894
ibr-31_ibr-42_1.txt 1024 1455808894 1455808977
ibr-31_ibr-46_1.txt 1024 1455808895 1455809352
ibr-31_ibr-46_2.txt 1024 1455808895 1455809472
ibr-31_ibr-46_3.txt 1024 1455808894 1455810022
ibr-31_ibr-46_4.txt 1024 1455808894 1455810282
ibr-31_ibr-46_5.txt 1024 1455808895 1455810822
ibr-31_ibr-46_6.txt 1024 1455808895 1455811432
ibr-31_ibr-46_7.txt 1024 1455808894 1455811702
ibr-31_ibr-50_1.txt 1024 1455808894 1455810027
ibr-31_ibr-51_1.txt 1024 1455808894 1455811262
ibr-31_ibr-51_2.txt 1024 1455808895 1455811352
ibr-31_ibr-56_1.txt 0 1455808895 1455808895
ibr-31_ibr-56_2.txt 0 1455808895 1455808895
ibr-31_ibr-56_3.txt 0 1455808895 1455808895
ibr-31_ibr-56_4.txt 0 1455808895 1455808895
ibr-31_ibr-56_5.txt 0 1455808894 1455808894
ibr-31_ibr-6_1.txt 0 1455808894 1455808894
ibr-31_ibr-6_2.txt 0 1455808894 1455808894
ibr-31_ibr-6_3.txt 0 1455808895 1455808895
ibr-31_ibr-6_4.txt 0 1455808894 1455808894
ibr-31_ibr-6_5.txt 0 1455808895 1455808895
ibr-31_ibr-6_6.txt 0 1455808894 1455808894
ibr-32_ibr-14_1.txt 1024 1455808894 1455812418
ibr-32_ibr-16_1.txt 1024 1455808894 1455809337
ibr-32_ibr-29_1.txt 1024 1455808894 1455809967
ibr-32_ibr-29_2.txt 1024 1455808894 1455811307
ibr-32_ibr-33_1.txt 1024 1455808894 1455811147
ibr-32_ibr-41_1.txt 0 1455808894 1455808894
ibr-32_ibr-47_1.txt 1024 1455808893 1455811407
ibr-32_ibr-54_1.txt 1024 1455808895 1455811697
ibr-33_ibr-12_1.txt 1024 1455808894 1455810047
ibr-33_ibr-20_1.txt 1024 1455808895 1455811727
ibr-33_ibr-21_1.txt 1024 1455808894 1455809797
ibr-33_ibr-23_1.txt 0 1455808894 1455808894
ibr-33_ibr-25_1.txt 1024 1455808894 1455809497
ibr-33_ibr-30_1.txt 1024 1455808894 1455811337
ibr-33_ibr-34_1.txt 1024 1455808894 1455811587
ibr-33_ibr-48_1.txt 1024 1455808895 1455811807
ibr-33_ibr-55_1.txt 1024 1455808893 1455810207
ibr-34_ibr-17_1.txt 1024 1455808895 1455811207
ibr-34_ibr-26_1.txt 0 1455808895 1455808895
ibr-34_ibr-27_1.txt 0 1455808894 1455808894
ibr-34_ibr-31_1.txt 1024 1455808894 1455810817
ibr-34_ibr-43_1.txt 1024 1455808895 1455809117
ibr-34_ibr-55_1.txt 1024 1455808894 1455810007
ibr-34_ibr-6_1.txt 1024 1455808895 1455812672
ibr-34_ibr-9_1.txt 1024 1455808895 1455808927
ibr-35_ibr-14_1.txt 1024 1455808894 1455811690
ibr-35_ibr-19_1.txt 1024 1455808894 1455811365
ibr-35_ibr-2_1.txt 1024 1455808893 1455810427
ibr-35_ibr-24_1.txt 1024 1455808893 1455811517
ibr-35_ibr-25_1.txt 1024 1455808894 1455811867
ibr-35_ibr-27_1.txt 0 1455808894 1455808894
ibr-35_ibr-42_1.txt 1024 1455808895 1455809897
ibr-35_ibr-46_1.txt 1024 1455808894 1455809107
ibr-35_ibr-52_1.txt 1024 1455808894 1455813832
ibr-35_ibr-53_1.txt 1024 1455808894 1455810227
ibr-36_ibr-11_1.txt 1024 1455808894 1455809522
ibr-36_ibr-11_2.txt 1024 1455808894 1455809657
ibr-36_ibr-11_3.txt 1024 1455808895 1455809802
ibr-36_ibr-11_4.txt 1024 1455808895 1455809812
ibr-36_ibr-11_5.txt 1024 1455808895 1455811026
ibr-36_ibr-1_1.txt 1024 1455808894 1455809799
ibr-36_ibr-1_2.txt 1024 1455808894 1455809932
ibr-36_ibr-1_3.txt 1024 1455808895 1455810951
ibr-36_ibr-16_1.txt 1024 1455808894 1455809492
ibr-36_ibr-16_2.txt 1024 1455808894 1455810420
ibr-36_ibr-16_3.txt 1024 1455808894 1455811822
ibr-36_ibr-19_1.txt 1024 1455808894 1455811303
ibr-36_ibr-21_1.txt 1024 1455808894 1455809390
ibr-36_ibr-21_2.txt 1024 1455808894 1455809842
ibr-36_ibr-21_3.txt 1024 1455808896 1455810578
ibr-36_ibr-2_1.txt 1024 1455808895 1455809217
ibr-36_ibr-25_1.txt 1024 1455808894 1455809957
ibr-36_ibr-26_1.txt 1024 1455808894 1455810228
ibr-36_ibr-26_2.txt 1024 1455808895 1455812024
ibr-36_ibr-26_3.txt 1024 1455808895 1455812024
ibr-36_ibr-31_1.txt 1024 1455808896 1455809092
ibr-36_ibr-31_2.txt 1024 1455808894 1455809182
ibr-36_ibr-31_3.txt 1024 1455808894 1455809292
ibr-36_ibr-31_4.txt 1024 1455808895 1455810239
ibr-36_ibr-31_5.txt 1024 1455808894 1455810864
ibr-36_ibr-34_1.txt 1024 1455808895 1455811037
ibr-36_ibr-35_1.txt 1024 1455808894 1455810337
ibr-36_ibr-41_1.txt 1024 1455808895 1455809680
ibr-36_ibr-41_2.txt 1024 1455808895 1455810079
ibr-36_ibr-41_3.txt 1024 1455808895 1455811463
ibr-36_ibr-46_1.txt 1024 1455808895 1455810904
ibr-36_ibr-46_2.txt 1024 1455808895 1455811026
ibr-36_ibr-46_3.txt 1024 1455808895 1455811612
ibr-36_ibr-46_4.txt 1024 1455808894 1455811752
ibr-36_ibr-51_1.txt 1024 1455808895 1455809172
ibr-36_ibr-51_2.txt 1024 1455808894 1455809390
ibr-36_ibr-51_3.txt 1024 1455808894 1455810122
ibr-36_ibr-51_4.txt 1024 1455808894 1455810864
ibr-36_ibr-53_1.txt 1024 1455808894 1455810296
ibr-36_ibr-55_1.txt 1024 1455808894 1455810904
ibr-36_ibr-56_1.txt 0 1455808894 1455808894
ibr-36_ibr-56_2.txt 0 1455808894 1455808894
ibr-36_ibr-56_3.txt 0 1455808895 1455808895
ibr-36_ibr-56_4.txt 0 1455808896 1455808896
ibr-36_ibr-56_5.txt 1024 1455808895 1455814449
ibr-36_ibr-56_6.txt 1024 1455808896 1455814449
ibr-36_ibr-56_7.txt 1024 1455808895 1455814449
ibr-36_ibr-6_1.txt 1024 1455808895 1455809280
ibr-36_ibr-6_2.txt 1024 1455808896 1455809280
ibr-36_ibr-6_3.txt 1024 1455808894 1455809849
ibr-36_ibr-6_4.txt 1024 1455808894 1455809849
ibr-36_ibr-6_5.txt 1024 1455808894 1455810527
ibr-36_ibr-6_6.txt 1024 1455808895 1455811046
ibr-36_ibr-6_7.txt 1024 1455808895 1455811674
ibr-36_ibr-9_1.txt 1024 1455808894 1455809420
ibr-37_ibr-11_1.txt 1024 1455808894 1455809434
ibr-37_ibr-17_1.txt 1024 1455808893 1455810757
ibr-37_ibr-19_1.txt 1024 1455808894 1455811324
ibr-37_ibr-2_1.txt 1024 1455808894 1455810485
ibr-37_ibr-25_1.txt 1024 1455808894 1455809267
ibr-37_ibr-38_1.txt 1024 1455808893 1455811654
ibr-37_ibr-39_1.txt 1024 1455808893 1455811797
ibr-37_ibr-40_1.txt 1024 1455808893 1455810977
ibr-37_ibr-41_1.txt 1024 1455808895 1455809255
ibr-37_ibr-46_1.txt 1024 1455808894 1455810380
ibr-37_ibr-49_1.txt 1024 1455808893 1455809017
ibr-37_ibr-52_1.txt 1024 1455808893 1455810831
ibr-37_ibr-56_1.txt 0 1455808895 1455808895
ibr-37_ibr-9_1.txt 1024 1455808894 1455809240
ibr-38_ibr-13_1.txt 1024 1455808894 1455809464
ibr-38_ibr-25_1.txt 1024 1455808894 1455809170
ibr-38_ibr-26_1.txt 1024 1455808895 1455810429
ibr-38_ibr-27_1.txt 1024 1455808894 1455811662
ibr-38_ibr-28_1.txt 1024 1455808894 1455811459
ibr-38_ibr-3_1.txt 1024 1455808894 1455809594
ibr-38_ibr-33_1.txt 1024 1455808894 1455810507
ibr-38_ibr-36_1.txt 1024 1455808895 1455811890
ibr-38_ibr-40_1.txt 1024 1455808894 1455809350
ibr-38_ibr-4_1.txt 1024 1455808894 1455811526
ibr-38_ibr-5_1.txt 1024 1455808894 1455810169
ibr-39_ibr-11_1.txt 1024 1455808895 1455809417
ibr-39_ibr-13_1.txt 1024 1455808894 1455811137
ibr-39_ibr-18_1.txt 1024 1455808894 1455811067
ibr-39_ibr-22_1.txt 1024 1455808894 1455809427
ibr-39_ibr-22_2.txt 1024 1455808893 1455810917
ibr-39_ibr-27_1.txt 0 1455808894 1455808894
ibr-39_ibr-28_1.txt 0 1455808893 1455808893
ibr-39_ibr-33_1.txt 1024 1455808895 1455808947
ibr-39_ibr-36_1.txt 1024 1455808894 1455811026
ibr-39_ibr-40_1.txt 1024 1455808894 1455809997
ibr-39_ibr-41_1.txt 0 1455808894 1455808894
ibr-39_ibr-47_1.txt 1024 1455808895 1455810327
ibr-39_ibr-48_1.txt 1024 1455808894 1455811007
ibr-39_ibr-52_1.txt 1024 1455808894 1455812378
ibr-39_ibr-55_1.txt 1024 1455808894 1455810817
ibr-39_ibr-56_1.txt 0 1455808894 1455808894
ibr-39_ibr-9_1.txt 1024 1455808895 1455811827
ibr-3_ibr-11_1.txt 1024 1455808895 1455811380
ibr-3_ibr-14_1.txt 1024 1455808894 1455810702
ibr-3_ibr-15_1.txt 1024 1455808894 1455810697
ibr-3_ibr-18_1.txt 1024 1455808894 1455810347
ibr-3_ibr-19_1.txt 1024 1455808894 1455809844
ibr-3_ibr-19_2.txt 1024 1455808894 1455810499
ibr-3_ibr-28_1.txt 1024 1455808894 1455811199
ibr-3_ibr-28_2.txt 1024 1455808894 1455812115
ibr-3_ibr-41_1.txt 1024 1455808895 1455811961
ibr-3_ibr-42_1.txt 1024 1455808894 1455811656
ibr-3_ibr-43_1.txt 1024 1455808895 1455809544
ibr-3_ibr-5_1.txt 1024 1455808894 1455811794
ibr-3_ibr-53_1.txt 1024 1455808894 1455809777
ibr-3_ibr-55_1.txt 1024 1455808894 1455811187
ibr-3_ibr-56_1.txt 1024 1455808894 1455809530
ibr-3_ibr-6_1.txt 1024 1455808895 1455809301
ibr-40_ibr-10_1.txt 1024 1455808895 1455810427
ibr-40_ibr-12_1.txt 1024 1455808894 1455810677
ibr-40_ibr-15_1.txt 1024 1455808893 1455809617
ibr-40_ibr-27_1.txt 1024 1455808894 1455811981
ibr-40_ibr-28_1.txt 0 1455808894 1455808894
ibr-40_ibr-3_1.txt 0 1455808894 1455808894
ibr-40_ibr-33_1.txt 1024 1455808894 1455811107
ibr-40_ibr-35_1.txt 1024 1455808894 1455810577
ibr-40_ibr-39_1.txt 1024 1455808894 1455811207
ibr-40_ibr-51_1.txt 1024 1455808894 1455810747
ibr-40_ibr-5_1.txt 0 1455808894 1455808894
ibr-40_ibr-53_1.txt 1024 1455808894 1455809907
ibr-40_ibr-7_1.txt 1024 1455808894 1455811517
ibr-41_ibr-11_1.txt 1024 1455808895 1455809859
ibr-41_ibr-11_2.txt 1024 1455808894 1455809954
ibr-41_ibr-11_3.txt 1024 1455808894 1455809954
ibr-41_ibr-11_4.txt 1024 1455808895 1455810702
ibr-41_ibr-11_5.txt 1024 1455808895 1455811850
ibr-41_ibr-1_1.txt 1024 1455808894 1455809439
ibr-41_ibr-1_2.txt 1024 1455808895 1455810166
ibr-41_ibr-1_3.txt 1024 1455808894 1455810254
ibr-41_ibr-1_4.txt 1024 1455808894 1455810832
ibr-41_ibr-15_1.txt 1024 1455808895 1455809227
ibr-41_ibr-1_5.txt 1024 1455808894 1455811282
ibr-41_ibr-16_1.txt 1024 1455808894 1455809331
ibr-41_ibr-16_2.txt 1024 1455808895 1455809705
ibr-41_ibr-16_3.txt 1024 1455808894 1455810695
ibr-41_ibr-16_4.txt 1024 1455808894 1455810702
ibr-41_ibr-16_5.txt 1024 1455808894 1455811852
ibr-41_ibr-1_6.txt 1024 1455808895 1455811463
ibr-41_ibr-17_1.txt 1024 1455808894 1455809216
ibr-41_ibr-1_7.txt 1024 1455808895 1455811612
ibr-41_ibr-1_8.txt 1024 1455808894 1455811850
ibr-41_ibr-21_1.txt 1024 1455808895 1455810062
ibr-41_ibr-21_2.txt 1024 1455808895 1455810254
ibr-41_ibr-21_3.txt 1024 1455808896 1455810282
ibr-41_ibr-21_4.txt 1024 1455808895 1455810702
ibr-41_ibr-21_5.txt 1024 1455808895 1455810922
ibr-41_ibr-25_1.txt 1024 1455808894 1455810987
ibr-41_ibr-26_10.txt 1024 1455808895 1455811654
ibr-41_ibr-26_1.txt 1024 1455808894 1455809066
ibr-41_ibr-26_2.txt 1024 1455808894 1455809410
ibr-41_ibr-26_3.txt 1024 1455808894 1455809410
ibr-41_ibr-26_4.txt 1024 1455808894 1455809699
ibr-41_ibr-26_5.txt 1024 1455808894 1455809699
ibr-41_ibr-26_6.txt 1024 1455808895 1455810344
ibr-41_ibr-26_7.txt 1024 1455808895 1455810413
ibr-41_ibr-26_8.txt 1024 1455808895 1455810413
ibr-41_ibr-26_9.txt 1024 1455808895 1455811279
ibr-41_ibr-31_1.txt 1024 1455808894 1455809216
ibr-41_ibr-31_2.txt 1024 1455808895 1455810484
ibr-41_ibr-31_3.txt 1024 1455808894 1455810625
ibr-41_ibr-31_4.txt 1024 1455808894 1455811202
ibr-41_ibr-33_1.txt 1024 1455808894 1455809706
ibr-41_ibr-36_1.txt 1024 1455808894 1455810229
ibr-41_ibr-36_2.txt 1024 1455808895 1455810229
ibr-41_ibr-36_3.txt 1024 1455808895 1455811680
ibr-41_ibr-46_1.txt 1024 1455808895 1455808932
ibr-41_ibr-46_2.txt 1024 1455808894 1455808980
ibr-41_ibr-46_3.txt 1024 1455808894 1455811850
ibr-41_ibr-47_1.txt 1024 1455808893 1455810254
ibr-41_ibr-50_1.txt 1024 1455808895 1455809710
ibr-41_ibr-51_1.txt 1024 1455808894 1455809706
ibr-41_ibr-51_2.txt 1024 1455808894 1455809962
ibr-41_ibr-51_3.txt 1024 1455808894 1455810332
ibr-41_ibr-51_4.txt 1024 1455808894 1455810695
ibr-41_ibr-51_5.txt 1024 1455808895 1455811108
ibr-41_ibr-51_6.txt 1024 1455808895 1455811259
ibr-41_ibr-51_7.txt 1024 1455808894 1455811612
ibr-41_ibr-56_1.txt 0 1455808894 1455808894
ibr-41_ibr-56_2.txt 0 1455808894 1455808894
ibr-41_ibr-56_3.txt 0 1455808894 1455808894
ibr-41_ibr-56_4.txt 0 1455808895 1455808895
ibr-41_ibr-56_5.txt 0 1455808895 1455808895
ibr-41_ibr-56_6.txt 1024 1455808895 1455814449
ibr-41_ibr-6_1.txt 1024 1455808894 1455809297
ibr-41_ibr-6_2.txt 1024 1455808894 1455810012
ibr-41_ibr-6_3.txt 1024 1455808894 1455810012
ibr-41_ibr-6_4.txt 1024 1455808894 1455810012
ibr-41_ibr-6_5.txt 1024 1455808894 1455810530
ibr-41_ibr-6_6.txt 1024 1455808896 1455811819
ibr-41_ibr-6_7.txt 1024 1455808895 1455811674
ibr-41_ibr-6_8.txt 1024 1455808894 1455811674
ibr-41_ibr-6_9.txt 1024 1455808895 1455811969
ibr-41_ibr-7_1.txt 1024 1455808894 1455809087
ibr-41_ibr-7_2.txt 1024 1455808894 1455811463
ibr-41_ibr-9_1.txt 1024 1455808894 1455809954
ibr-42_ibr-23_1.txt 0 1455808894 1455808894
ibr-42_ibr-23_2.txt 0 1455808894 1455808894
ibr-42_ibr-27_1.txt 1024 1455808894 1455812918
ibr-42_ibr-27_2.txt 1024 1455808894 1455812919
ibr-42_ibr-36_1.txt 1024 1455808895 1455813163
ibr-42_ibr-39_1.txt 1024 1455808894 1455811007
ibr-42_ibr-44_1.txt 1024 1455808895 1455810064
ibr-42_ibr-44_2.txt 1024 1455808894 1455812986
ibr-42_ibr-48_1.txt 1024 1455808894 1455810277
ibr-42_ibr-51_1.txt 1024 1455808895 1455811197
ibr-42_ibr-8_1.txt 0 1455808894 1455808894
ibr-43_ibr-13_1.txt 1024 1455808894 1455810307
ibr-43_ibr-14_1.txt 0 1455808894 1455808894
ibr-43_ibr-16_1.txt 1024 1455808894 1455810997
ibr-43_ibr-17_1.txt 1024 1455808894 1455811837
ibr-43_ibr-20_1.txt 1024 1455808894 1455809357
ibr-43_ibr-25_1.txt 1024 1455808894 1455811577
ibr-43_ibr-26_1.txt 1024 1455808894 1455809812
ibr-43_ibr-3_1.txt 1024 1455808894 1455811173
ibr-43_ibr-32_1.txt 1024 1455808893 1455810927
ibr-43_ibr-34_1.txt 1024 1455808894 1455809658
ibr-43_ibr-40_1.txt 1024 1455808894 1455810347
ibr-43_ibr-44_1.txt 1024 1455808893 1455812650
ibr-43_ibr-46_1.txt 1024 1455808895 1455810107
ibr-43_ibr-46_2.txt 1024 1455808894 1455811857
ibr-43_ibr-47_1.txt 1024 1455808895 1455809507
ibr-43_ibr-50_1.txt 1024 1455808895 1455811197
ibr-44_ibr-14_1.txt 1024 1455808894 1455809518
ibr-44_ibr-17_1.txt 1024 1455808894 1455811400
ibr-44_ibr-2_1.txt 1024 1455808894 1455809305
ibr-44_ibr-24_1.txt 1024 1455808893 1455809596
ibr-44_ibr-28_1.txt 1024 1455808894 1455809407
ibr-44_ibr-31_1.txt 1024 1455808894 1455809097
ibr-44_ibr-31_2.txt 1024 1455808894 1455811679
ibr-44_ibr-38_1.txt 1024 1455808894 1455811449
ibr-44_ibr-39_1.txt 1024 1455808893 1455810321
ibr-44_ibr-42_1.txt 1024 1455808893 1455811877
ibr-44_ibr-48_1.txt 1024 1455808894 1455811157
ibr-44_ibr-49_1.txt 1024 1455808894 1455809954
ibr-44_ibr-55_1.txt 1024 1455808894 1455809706
ibr-44_ibr-6_1.txt 1024 1455808896 1455811969
ibr-45_ibr-15_1.txt 1024 1455808893 1455810860
ibr-45_ibr-29_1.txt 1024 1455808894 1455811185
ibr-45_ibr-39_1.txt 1024 1455808895 1455811327
ibr-45_ibr-43_1.txt 1024 1455808895 1455809395
ibr-45_ibr-46_1.txt 1024 1455808894 1455809505
ibr-45_ibr-47_1.txt 1024 1455808894 1455810175
ibr-45_ibr-54_1.txt 1024 1455808893 1455809807
ibr-45_ibr-9_1.txt 1024 1455808893 1455810127
ibr-46_ibr-11_1.txt 1024 1455808894 1455809012
ibr-46_ibr-11_2.txt 1024 1455808895 1455809742
ibr-46_ibr-11_3.txt 1024 1455808895 1455810602
ibr-46_ibr-11_4.txt 1024 1455808895 1455810652
ibr-46_ibr-1_1.txt 1024 1455808895 1455810852
ibr-46_ibr-1_2.txt 1024 1455808895 1455811472
ibr-46_ibr-13_1.txt 1024 1455808895 1455808967
ibr-46_ibr-1_3.txt 1024 1455808894 1455811642
ibr-46_ibr-1_4.txt 1024 1455808894 1455811722
ibr-46_ibr-1_5.txt 1024 1455808895 1455811842
ibr-46_ibr-16_1.txt 1024 1455808895 1455809832
ibr-46_ibr-16_2.txt 1024 1455808895 1455810132
ibr-46_ibr-16_3.txt 1024 1455808895 1455811172
ibr-46_ibr-16_4.txt 1024 1455808894 1455811392
ibr-46_ibr-20_1.txt 1024 1455808895 1455810927
ibr-46_ibr-21_1.txt 1024 1455808894 1455809152
ibr-46_ibr-21_2.txt 1024 1455808894 1455809852
ibr-46_ibr-21_3.txt 1024 1455808895 1455810532
ibr-46_ibr-21_4.txt 1024 1455808896 1455811752
ibr-46_ibr-21_5.txt 1024 1455808895 1455811802
ibr-46_ibr-2_1.txt 1024 1455808895 1455811727
ibr-46_ibr-25_1.txt 1024 1455808894 1455809247
ibr-46_ibr-26_1.txt 0 1455808895 1455808895
ibr-46_ibr-26_2.txt 0 1455808894 1455808894
ibr-46_ibr-26_3.txt 0 1455808894 1455808894
ibr-46_ibr-26_4.txt 0 1455808895 1455808895
ibr-46_ibr-26_5.txt 0 1455808895 1455808895
ibr-46_ibr-31_1.txt 1024 1455808894 1455809432
ibr-46_ibr-31_2.txt 1024 1455808895 1455810332
ibr-46_ibr-31_3.txt 1024 1455808894 1455810452
ibr-46_ibr-31_4.txt 1024 1455808894 1455811342
ibr-46_ibr-31_5.txt 1024 1455808894 1455811662
ibr-46_ibr-31_6.txt 1024 1455808894 1455811672
ibr-46_ibr-32_1.txt 1024 1455808894 1455810397
ibr-46_ibr-36_1.txt 0 1455808895 1455808895
ibr-46_ibr-36_2.txt 0 1455808895 1455808895
ibr-46_ibr-36_3.txt 0 1455808894 1455808894
ibr-46_ibr-36_4.txt 0 1455808895 1455808895
ibr-46_ibr-36_5.txt 0 1455808895 1455808895
ibr-46_ibr-41_1.txt 0 1455808894 1455808894
ibr-46_ibr-41_2.txt 0 1455808894 1455808894
ibr-46_ibr-41_3.txt 0 1455808896 1455808896
ibr-46_ibr-44_1.txt 0 1455808893 1455808893
ibr-46_ibr-51_1.txt 1024 1455808895 1455809512
ibr-46_ibr-51_2.txt 1024 1455808895 1455809542
ibr-46_ibr-51_3.txt 1024 1455808895 1455811502
ibr-46_ibr-5_1.txt 0 1455808894 1455808894
ibr-46_ibr-56_1.txt 0 1455808895 1455808895
ibr-46_ibr-6_10.txt 0 1455808895 1455808895
ibr-46_ibr-6_1.txt 0 1455808894 1455808894
ibr-46_ibr-6_2.txt 0 1455808894 1455808894
ibr-46_ibr-6_3.txt 0 1455808894 1455808894
ibr-46_ibr-6_4.txt 0 1455808894 1455808894
ibr-46_ibr-6_5.txt 0 1455808894 1455808894
ibr-46_ibr-6_6.txt 0 1455808895 1455808895
ibr-46_ibr-6_7.txt 0 1455808896 1455808896
ibr-46_ibr-6_8.txt 0 1455808895 1455808895
ibr-46_ibr-6_9.txt 0 1455808895 1455808895
ibr-47_ibr-18_1.txt 1024 1455808894 1455809847
ibr-47_ibr-18_2.txt 1024 1455808894 1455811457
ibr-47_ibr-23_1.txt 0 1455808894 1455808894
ibr-47_ibr-34_1.txt 1024 1455808895 1455809987
ibr-47_ibr-35_1.txt 1024 1455808894 1455810537
ibr-47_ibr-38_1.txt 0 1455808894 1455808894
ibr-47_ibr-41_1.txt 0 1455808894 1455808894
ibr-47_ibr-45_1.txt 0 1455808894 1455808894
ibr-47_ibr-49_1.txt 1024 1455808893 1455811467
ibr-47_ibr-7_1.txt 1024 1455808893 1455811177
ibr-48_ibr-10_1.txt 1024 1455808893 1455809117
ibr-48_ibr-10_2.txt 1024 1455808895 1455810747
ibr-48_ibr-15_1.txt 1024 1455808895 1455809947
ibr-48_ibr-23_1.txt 0 1455808894 1455808894
ibr-48_ibr-26_1.txt 0 1455808895 1455808895
ibr-48_ibr-3_1.txt 1024 1455808894 1455813254
ibr-48_ibr-39_1.txt 1024 1455808895 1455811247
ibr-48_ibr-41_1.txt 0 1455808894 1455808894
ibr-48_ibr-45_1.txt 1024 1455808894 1455813865
ibr-48_ibr-55_1.txt 1024 1455808894 1455809097
ibr-48_ibr-6_1.txt 0 1455808894 1455808894
ibr-48_ibr-6_2.txt 0 1455808894 1455808894
ibr-48_ibr-7_1.txt 1024 1455808893 1455809977
ibr-49_ibr-25_1.txt 1024 1455808894 1455811167
ibr-49_ibr-30_1.txt 1024 1455808894 1455809157
ibr-49_ibr-33_1.txt 1024 1455808894 1455810697
ibr-49_ibr-36_1.txt 0 1455808895 1455808895
ibr-49_ibr-37_1.txt 0 1455808893 1455808893
ibr-49_ibr-48_1.txt 1024 1455808894 1455811087
ibr-49_ibr-53_1.txt 1024 1455808894 1455810327
ibr-4_ibr-18_1.txt 1024 1455808894 1455809307
ibr-4_ibr-28_1.txt 1024 1455808894 1455811629
ibr-4_ibr-3_1.txt 1024 1455808894 1455811044
ibr-4_ibr-40_1.txt 1024 1455808894 1455811776
ibr-4_ibr-5_1.txt 1024 1455808894 1455811829
ibr-4_ibr-53_1.txt 1024 1455808894 1455810645
ibr-4_ibr-53_2.txt 1024 1455808894 1455811477
ibr-50_ibr-17_1.txt 1024 1455808894 1455810317
ibr-50_ibr-18_1.txt 1024 1455808894 1455810287
ibr-50_ibr-19_1.txt 0 1455808894 1455808894
ibr-50_ibr-24_1.txt 1024 1455808893 1455810067
ibr-50_ibr-26_1.txt 0 1455808896 1455808896
ibr-50_ibr-30_1.txt 1024 1455808893 1455809297
ibr-50_ibr-3_1.txt 0 1455808894 1455808894
ibr-50_ibr-37_1.txt 1024 1455808895 1455811879
ibr-50_ibr-40_1.txt 1024 1455808895 1455810127
ibr-50_ibr-47_1.txt 1024 1455808895 1455811647
ibr-51_ibr-10_1.txt 1024 1455808895 1455811737
ibr-51_ibr-11_1.txt 1024 1455808894 1455808942
ibr-51_ibr-11_2.txt 1024 1455808894 1455808982
ibr-51_ibr-11_3.txt 1024 1455808894 1455810212
ibr-51_ibr-11_4.txt 1024 1455808895 1455810832
ibr-51_ibr-11_5.txt 1024 1455808895 1455810862
ibr-51_ibr-11_6.txt 1024 1455808895 1455811102
ibr-51_ibr-11_7.txt 1024 1455808895 1455811232
ibr-51_ibr-1_1.txt 1024 1455808895 1455809002
ibr-51_ibr-1_2.txt 1024 1455808894 1455810662
ibr-51_ibr-13_1.txt 1024 1455808894 1455811087
ibr-51_ibr-16_1.txt 1024 1455808894 1455810772
ibr-51_ibr-16_2.txt 1024 1455808896 1455811162
ibr-51_ibr-21_1.txt 1024 1455808894 1455808912
ibr-51_ibr-21_2.txt 1024 1455808894 1455809102
ibr-51_ibr-21_3.txt 1024 1455808894 1455809322
ibr-51_ibr-21_4.txt 1024 1455808895 1455810202
ibr-51_ibr-21_5.txt 1024 1455808896 1455811412
ibr-51_ibr-2_1.txt 1024 1455808894 1455811567
ibr-51_ibr-23_1.txt 0 1455808894 1455808894
ibr-51_ibr-26_1.txt 0 1455808895 1455808895
ibr-51_ibr-26_2.txt 0 1455808894 1455808894
ibr-51_ibr-26_3.txt 0 1455808895 1455808895
ibr-51_ibr-26_4.txt 0 1455808895 1455808895
ibr-51_ibr-31_1.txt 1024 1455808894 1455811052
ibr-51_ibr-34_1.txt 1024 1455808895 1455809407
ibr-51_ibr-34_2.txt 1024 1455808895 1455809487
ibr-51_ibr-34_3.txt 1024 1455808894 1455809927
ibr-51_ibr-35_1.txt 1024 1455808894 1455811307
ibr-51_ibr-36_1.txt 0 1455808895 1455808895
ibr-51_ibr-36_2.txt 0 1455808895 1455808895
ibr-51_ibr-36_3.txt 0 1455808895 1455808895
ibr-51_ibr-36_4.txt 0 1455808894 1455808894
ibr-51_ibr-36_5.txt 0 1455808894 1455808894
ibr-51_ibr-36_6.txt 0 1455808895 1455808895
ibr-51_ibr-41_1.txt 0 1455808895 1455808895
ibr-51_ibr-41_2.txt 0 1455808895 1455808895
ibr-51_ibr-41_3.txt 0 1455808895 1455808895
ibr-51_ibr-41_4.txt 0 1455808895 1455808895
ibr-51_ibr-41_5.txt 0 1455808894 1455808894
ibr-51_ibr-41_6.txt 0 1455808894 1455808894
ibr-51_ibr-41_7.txt 0 1455808895 1455808895
ibr-51_ibr-44_1.txt 0 1455808895 1455808895
ibr-51_ibr-46_1.txt 1024 1455808895 1455810042
ibr-51_ibr-46_2.txt 1024 1455808894 1455810192
ibr-51_ibr-46_3.txt 1024 1455808895 1455810462
ibr-51_ibr-46_4.txt 1024 1455808895 1455810802
ibr-51_ibr-46_5.txt 1024 1455808895 1455811142
ibr-51_ibr-52_1.txt 1024 1455808894 1455810998
ibr-51_ibr-55_1.txt 1024 1455808894 1455810257
ibr-51_ibr-56_1.txt 0 1455808894 1455808894
ibr-51_ibr-56_2.txt 0 1455808894 1455808894
ibr-51_ibr-56_3.txt 0 1455808895 1455808895
ibr-51_ibr-56_4.txt 0 1455808895 1455808895
ibr-51_ibr-6_1.txt 0 1455808895 1455808895
ibr-51_ibr-6_2.txt 0 1455808894 1455808894
ibr-51_ibr-6_3.txt 0 1455808894 1455808894
ibr-51_ibr-6_4.txt 0 1455808894 1455808894
ibr-51_ibr-6_5.txt 0 1455808896 1455808896
ibr-51_ibr-6_6.txt 0 1455808895 1455808895
ibr-51_ibr-6_7.txt 0 1455808895 1455808895
ibr-52_ibr-14_1.txt 1024 1455808894 1455811994
ibr-52_ibr-20_1.txt 1024 1455808894 1455809794
ibr-52_ibr-21_1.txt 1024 1455808896 1455810117
ibr-52_ibr-25_1.txt 1024 1455808894 1455809400
ibr-53_ibr-14_1.txt 0 1455808894 1455808894
ibr-53_ibr-18_1.txt 1024 1455808894 1455810187
ibr-53_ibr-18_2.txt 1024 1455808894 1455811807
ibr-53_ibr-23_1.txt 0 1455808894 1455808894
ibr-53_ibr-23_2.txt 0 1455808894 1455808894
ibr-53_ibr-30_1.txt 1024 1455808893 1455810317
ibr-53_ibr-31_1.txt 1024 1455808894 1455809658
ibr-53_ibr-34_1.txt 1024 1455808895 1455809717
ibr-53_ibr-35_1.txt 1024 1455808894 1455810627
ibr-53_ibr-37_1.txt 0 1455808895 1455808895
ibr-53_ibr-40_1.txt 1024 1455808894 1455809787
ibr-53_ibr-41_1.txt 0 1455808895 1455808895
ibr-53_ibr-4_1.txt 1024 1455808895 1455810319
ibr-53_ibr-42_1.txt 1024 1455808893 1455811677
ibr-53_ibr-48_1.txt 1024 1455808894 1455810897
ibr-53_ibr-48_2.txt 1024 1455808894 1455811257
ibr-53_ibr-5_1.txt 1024 1455808894 1455811695
ibr-54_ibr-15_1.txt 1024 1455808895 1455811617
ibr-54_ibr-17_1.txt 1024 1455808894 1455811537
ibr-54_ibr-19_1.txt 0 1455808894 1455808894
ibr-54_ibr-2_1.txt 1024 1455808894 1455810977
ibr-54_ibr-23_1.txt 0 1455808894 1455808894
ibr-54_ibr-28_1.txt 1024 1455808894 1455810220
ibr-54_ibr-31_1.txt 1024 1455808894 1455810667
ibr-54_ibr-32_1.txt 1024 1455808894 1455809877
ibr-54_ibr-4_1.txt 0 1455808894 1455808894
ibr-54_ibr-43_1.txt 1024 1455808895 1455811377
ibr-54_ibr-5_1.txt 0 1455808894 1455808894
ibr-54_ibr-52_1.txt 1024 1455808894 1455810936
ibr-54_ibr-55_1.txt 1024 1455808894 1455810517
ibr-54_ibr-56_1.txt 0 1455808896 1455808896
ibr-54_ibr-7_1.txt 1024 1455808895 1455811797
ibr-55_ibr-12_1.txt 1024 1455808893 1455809337
ibr-55_ibr-17_1.txt 1024 1455808894 1455809767
ibr-55_ibr-19_1.txt 0 1455808894 1455808894
ibr-55_ibr-19_2.txt 0 1455808894 1455808894
ibr-55_ibr-21_1.txt 1024 1455808896 1455810057
ibr-55_ibr-24_1.txt 1024 1455808893 1455811557
ibr-55_ibr-26_1.txt 0 1455808894 1455808894
ibr-55_ibr-26_2.txt 0 1455808895 1455808895
ibr-55_ibr-27_1.txt 1024 1455808894 1455812239
ibr-55_ibr-44_1.txt 1024 1455808894 1455810626
ibr-55_ibr-45_1.txt 0 1455808894 1455808894
ibr-55_ibr-46_1.txt 1024 1455808895 1455811607
ibr-55_ibr-47_1.txt 1024 1455808894 1455809057
ibr-55_ibr-8_1.txt 0 1455808894 1455808894
ibr-55_ibr-8_2.txt 0 1455808894 1455808894
ibr-55_ibr-8_3.txt 0 1455808893 1455808893
ibr-56_ibr-10_1.txt 0 1455808895 1455808895
ibr-56_ibr-16_1.txt 0 1455808894 1455808894
ibr-56_ibr-18_1.txt 1024 1455808894 1455814355
ibr-56_ibr-19_1.txt 1024 1455808894 1455814785
ibr-56_ibr-3_1.txt 0 1455808894 1455808894
ibr-56_ibr-34_1.txt 1024 1455808893 1455809596
ibr-56_ibr-34_2.txt 0 1455808895 1455808895
ibr-56_ibr-36_1.txt 1024 1455808895 1455810014
ibr-56_ibr-36_2.txt 0 1455808895 1455808895
ibr-56_ibr-37_1.txt 1024 1455808895 1455814678
ibr-56_ibr-39_1.txt 1024 1455808894 1455811716
ibr-56_ibr-50_1.txt 1024 1455808895 1455809589
ibr-56_ibr-5_1.txt 1024 1455808894 1455814711
ibr-5_ibr-13_1.txt 1024 1455808894 1455809302
ibr-5_ibr-25_1.txt 1024 1455808894 1455810060
ibr-5_ibr-34_1.txt 1024 1455808894 1455811757
ibr-5_ibr-35_1.txt 1024 1455808894 1455809813
ibr-5_ibr-36_1.txt 1024 1455808895 1455811741
ibr-5_ibr-41_1.txt 1024 1455808894 1455809680
ibr-5_ibr-43_1.txt 1024 1455808895 1455811237
ibr-5_ibr-49_1.txt 1024 1455808894 1455811117
ibr-5_ibr-55_1.txt 1024 1455808894 1455810147
ibr-5_ibr-7_1.txt 1024 1455808893 1455809170
ibr-5_ibr-9_1.txt 1024 1455808894 1455811364
ibr-5_ibr-9_2.txt 1024 1455808893 1455811747
ibr-6_ibr-11_1.txt 1024 1455808895 1455809085
ibr-6_ibr-11_2.txt 1024 1455808894 1455809422
ibr-6_ibr-11_3.txt 1024 1455808895 1455810527
ibr-6_ibr-11_4.txt 1024 1455808895 1455811462
ibr-6_ibr-11_5.txt 1024 1455808896 1455811482
ibr-6_ibr-11_6.txt 1024 1455808896 1455811772
ibr-6_ibr-1_1.txt 1024 1455808894 1455809250
ibr-6_ibr-1_2.txt 1024 1455808894 1455810582
ibr-6_ibr-1_3.txt 1024 1455808894 1455811292
ibr-6_ibr-1_4.txt 1024 1455808895 1455811930
ibr-6_ibr-16_1.txt 1024 1455808894 1455809202
ibr-6_ibr-16_2.txt 1024 1455808894 1455810382
ibr-6_ibr-16_3.txt 1024 1455808895 1455811182
ibr-6_ibr-16_4.txt 1024 1455808894 1455811302
ibr-6_ibr-16_5.txt 1024 1455808894 1455811532
ibr-6_ibr-21_1.txt 1024 1455808894 1455809192
ibr-6_ibr-21_2.txt 1024 1455808894 1455809822
ibr-6_ibr-21_3.txt 1024 1455808896 1455811509
ibr-6_ibr-2_1.txt 1024 1455808894 1455811292
ibr-6_ibr-22_1.txt 1024 1455808894 1455810360
ibr-6_ibr-26_1.txt 1024 1455808894 1455809287
ibr-6_ibr-26_2.txt 1024 1455808895 1455809914
ibr-6_ibr-26_3.txt 1024 1455808895 1455810046
ibr-6_ibr-30_1.txt 1024 1455808893 1455810407
ibr-6_ibr-30_2.txt 1024 1455808894 1455810877
ibr-6_ibr-31_1.txt 1024 1455808894 1455809250
ibr-6_ibr-31_2.txt 1024 1455808894 1455810162
ibr-6_ibr-31_3.txt 1024 1455808894 1455810842
ibr-6_ibr-31_4.txt 1024 1455808895 1455811729
ibr-6_ibr-31_5.txt 1024 1455808894 1455811742
ibr-6_ibr-31_6.txt 1024 1455808895 1455811928
ibr-6_ibr-36_1.txt 1024 1455808894 1455809432
ibr-6_ibr-36_2.txt 1024 1455808895 1455809919
ibr-6_ibr-36_3.txt 1024 1455808894 1455811010
ibr-6_ibr-36_4.txt 1024 1455808895 1455811741
ibr-6_ibr-36_5.txt 1024 1455808895 1455811741
ibr-6_ibr-40_1.txt 1024 1455808894 1455809891
ibr-6_ibr-41_1.txt 1024 1455808895 1455810331
ibr-6_ibr-41_2.txt 1024 1455808895 1455811463
ibr-6_ibr-41_3.txt 1024 1455808894 1455811463
ibr-6_ibr-41_4.txt 1024 1455808895 1455812969
ibr-6_ibr-41_5.txt 1024 1455808895 1455813075
ibr-6_ibr-41_6.txt 1024 1455808895 1455812969
ibr-6_ibr-45_1.txt 1024 1455808893 1455809791
ibr-6_ibr-46_1.txt 1024 1455808894 1455810338
ibr-6_ibr-46_2.txt 1024 1455808895 1455810922
ibr-6_ibr-46_3.txt 1024 1455808895 1455810979
ibr-6_ibr-47_1.txt 1024 1455808894 1455810842
ibr-6_ibr-49_1.txt 1024 1455808895 1455809907
ibr-6_ibr-51_1.txt 1024 1455808894 1455810672
ibr-6_ibr-51_2.txt 1024 1455808894 1455810775
ibr-6_ibr-5_1.txt 1024 1455808894 1455811569
ibr-6_ibr-55_1.txt 1024 1455808894 1455809017
ibr-6_ibr-56_1.txt 0 1455808894 1455808894
ibr-6_ibr-56_2.txt 0 1455808894 1455808894
ibr-6_ibr-56_3.txt 0 1455808895 1455808895
ibr-6_ibr-56_4.txt 0 1455808894 1455808894
ibr-6_ibr-56_5.txt 1024 1455808896 1455814449
ibr-6_ibr-56_6.txt 1024 1455808895 1455814449
ibr-6_ibr-56_7.txt 1024 1455808894 1455814449
ibr-7_ibr-10_1.txt 1024 1455808894 1455809327
ibr-7_ibr-10_2.txt 1024 1455808893 1455809817
ibr-7_ibr-10_3.txt 1024 1455808894 1455809937
ibr-7_ibr-13_1.txt 1024 1455808894 1455811147
ibr-7_ibr-17_1.txt 1024 1455808894 1455811097
ibr-7_ibr-2_1.txt 1024 1455808895 1455809637
ibr-7_ibr-23_1.txt 0 1455808894 1455808894
ibr-7_ibr-31_1.txt 1024 1455808894 1455810437
ibr-7_ibr-31_2.txt 1024 1455808895 1455810707
ibr-7_ibr-33_1.txt 1024 1455808894 1455809257
ibr-7_ibr-37_1.txt 0 1455808895 1455808895
ibr-7_ibr-45_1.txt 0 1455808894 1455808894
ibr-7_ibr-46_1.txt 1024 1455808895 1455811537
ibr-7_ibr-52_1.txt 1024 1455808894 1455811662
ibr-7_ibr-55_1.txt 1024 1455808894 1455810597
ibr-8_ibr-11_1.txt 1024 1455808895 1455809857
ibr-8_ibr-18_1.txt 1024 1455808894 1455809570
ibr-8_ibr-2_1.txt 1024 1455808893 1455809445
ibr-8_ibr-22_1.txt 1024 1455808894 1455809987
ibr-8_ibr-2_2.txt 1024 1455808893 1455810037
ibr-8_ibr-27_1.txt 1024 1455808894 1455810155
ibr-8_ibr-31_1.txt 1024 1455808894 1455810678
ibr-8_ibr-43_1.txt 1024 1455808895 1455811775
ibr-8_ibr-48_1.txt 1024 1455808894 1455810574
ibr-8_ibr-9_1.txt 1024 1455808895 1455810914
ibr-9_ibr-12_1.txt 1024 1455808894 1455809997
ibr-9_ibr-12_2.txt 1024 1455808894 1455810707
ibr-9_ibr-15_1.txt 1024 1455808893 1455810937
ibr-9_ibr-19_1.txt 0 1455808894 1455808894
ibr-9_ibr-23_1.txt 0 1455808894 1455808894
ibr-9_ibr-27_1.txt 0 1455808894 1455808894
ibr-9_ibr-41_1.txt 0 1455808894 1455808894
ibr-9_ibr-47_1.txt 1024 1455808894 1455810797
ibr-9_ibr-52_1.txt 1024 1455808895 1455815445
ibr-9_ibr-7_1.txt 1024 1455808894 1455809627
