# name size  create_time reach_time
ibr-10_ibr-22_1.txt 1024 1456240598 1456242459
ibr-10_ibr-23_1.txt 1024 1456240598 1456242129
ibr-10_ibr-24_1.txt 1024 1456240598 1456243979
ibr-10_ibr-28_1.txt 1024 1456240598 1456242224
ibr-10_ibr-33_1.txt 1024 1456240598 1456242818
ibr-10_ibr-40_1.txt 1024 1456240598 1456242879
ibr-10_ibr-41_1.txt 0 1456240599 1456240599
ibr-10_ibr-41_2.txt 0 1456240600 1456240600
ibr-10_ibr-42_1.txt 1024 1456240598 1456243208
ibr-10_ibr-49_1.txt 1024 1456240598 1456242184
ibr-10_ibr-49_2.txt 1024 1456240598 1456242314
ibr-10_ibr-49_3.txt 1024 1456240598 1456243228
ibr-10_ibr-50_1.txt 1024 1456240599 1456242254
ibr-10_ibr-50_2.txt 1024 1456240598 1456244369
ibr-10_ibr-53_1.txt 1024 1456240598 1456243228
ibr-11_ibr-1_1.txt 1024 1456240598 1456244679
ibr-11_ibr-12_1.txt 1024 1456240598 1456243483
ibr-11_ibr-1_2.txt 1024 1456240599 1456244679
ibr-11_ibr-1_3.txt 1024 1456240599 1456244679
ibr-11_ibr-14_1.txt 1024 1456240598 1456241864
ibr-11_ibr-1_4.txt 1024 1456240599 1456244679
ibr-11_ibr-1_5.txt 1024 1456240599 1456244679
ibr-11_ibr-16_1.txt 1024 1456240599 1456241759
ibr-11_ibr-16_2.txt 1024 1456240599 1456242031
ibr-11_ibr-16_3.txt 1024 1456240600 1456242480
ibr-11_ibr-16_4.txt 1024 1456240599 1456242480
ibr-11_ibr-16_5.txt 1024 1456240601 1456243298
ibr-11_ibr-16_6.txt 1024 1456240599 1456243298
ibr-11_ibr-1_6.txt 1024 1456240599 1456244679
ibr-11_ibr-1_7.txt 1024 1456240599 1456244679
ibr-11_ibr-21_1.txt 1024 1456240598 1456242534
ibr-11_ibr-21_2.txt 1024 1456240599 1456242534
ibr-11_ibr-21_3.txt 1024 1456240599 1456242993
ibr-11_ibr-21_4.txt 1024 1456240599 1456242993
ibr-11_ibr-21_5.txt 1024 1456240599 1456242993
ibr-11_ibr-21_6.txt 1024 1456240601 1456244014
ibr-11_ibr-21_7.txt 1024 1456240599 1456244014
ibr-11_ibr-21_8.txt 1024 1456240600 1456244709
ibr-11_ibr-26_1.txt 1024 1456240599 1456241284
ibr-11_ibr-26_2.txt 1024 1456240599 1456242034
ibr-11_ibr-26_3.txt 1024 1456240599 1456242730
ibr-11_ibr-26_4.txt 1024 1456240599 1456242730
ibr-11_ibr-26_5.txt 1024 1456240599 1456243218
ibr-11_ibr-26_6.txt 1024 1456240599 1456244878
ibr-11_ibr-26_7.txt 1024 1456240599 1456244514
ibr-11_ibr-28_1.txt 1024 1456240598 1456244239
ibr-11_ibr-29_1.txt 1024 1456240598 1456241779
ibr-11_ibr-30_1.txt 1024 1456240599 1456243383
ibr-11_ibr-31_1.txt 1024 1456240599 1456241679
ibr-11_ibr-31_2.txt 1024 1456240599 1456242913
ibr-11_ibr-31_3.txt 1024 1456240599 1456242913
ibr-11_ibr-31_4.txt 1024 1456240599 1456242913
ibr-11_ibr-36_1.txt 1024 1456240599 1456241589
ibr-11_ibr-36_2.txt 1024 1456240599 1456243269
ibr-11_ibr-36_3.txt 1024 1456240599 1456243269
ibr-11_ibr-36_4.txt 1024 1456240599 1456243269
ibr-11_ibr-36_5.txt 1024 1456240599 1456246003
ibr-11_ibr-40_1.txt 1024 1456240598 1456242291
ibr-11_ibr-41_1.txt 1024 1456240599 1456244469
ibr-11_ibr-41_2.txt 1024 1456240599 1456244469
ibr-11_ibr-41_3.txt 0 1456240599 1456240599
ibr-11_ibr-41_4.txt 0 1456240599 1456240599
ibr-11_ibr-41_5.txt 1024 1456240599 1456244469
ibr-11_ibr-41_6.txt 0 1456240599 1456240599
ibr-11_ibr-41_7.txt 1024 1456240599 1456244469
ibr-11_ibr-44_1.txt 1024 1456240598 1456243975
ibr-11_ibr-51_1.txt 0 1456240599 1456240599
ibr-11_ibr-51_2.txt 0 1456240599 1456240599
ibr-11_ibr-51_3.txt 0 1456240599 1456240599
ibr-11_ibr-51_4.txt 0 1456240598 1456240598
ibr-11_ibr-51_5.txt 0 1456240599 1456240599
ibr-11_ibr-53_1.txt 1024 1456240598 1456244309
ibr-11_ibr-55_1.txt 1024 1456240598 1456241514
ibr-11_ibr-56_1.txt 0 1456240598 1456240598
ibr-11_ibr-56_2.txt 0 1456240599 1456240599
ibr-11_ibr-56_3.txt 0 1456240600 1456240600
ibr-11_ibr-56_4.txt 0 1456240600 1456240600
ibr-11_ibr-56_5.txt 0 1456240600 1456240600
ibr-11_ibr-56_6.txt 0 1456240599 1456240599
ibr-11_ibr-56_7.txt 0 1456240599 1456240599
ibr-11_ibr-6_1.txt 1024 1456240598 1456242354
ibr-11_ibr-6_2.txt 1024 1456240600 1456243557
ibr-11_ibr-6_3.txt 1024 1456240600 1456244324
ibr-11_ibr-6_4.txt 1024 1456240599 1456244324
ibr-12_ibr-17_1.txt 1024 1456240598 1456243831
ibr-12_ibr-19_1.txt 1024 1456240599 1456244809
ibr-12_ibr-21_1.txt 1024 1456240601 1456247090
ibr-12_ibr-23_1.txt 1024 1456240598 1456243268
ibr-12_ibr-24_1.txt 1024 1456240598 1456242499
ibr-12_ibr-25_1.txt 1024 1456240598 1456243464
ibr-12_ibr-26_1.txt 1024 1456240599 1456244514
ibr-12_ibr-56_1.txt 0 1456240598 1456240598
ibr-13_ibr-14_1.txt 1024 1456240598 1456243423
ibr-13_ibr-22_1.txt 1024 1456240598 1456243734
ibr-13_ibr-28_1.txt 1024 1456240598 1456241564
ibr-13_ibr-29_1.txt 1024 1456240598 1456244794
ibr-13_ibr-30_1.txt 1024 1456240600 1456244214
ibr-13_ibr-36_1.txt 1024 1456240599 1456243269
ibr-13_ibr-38_1.txt 1024 1456240598 1456242604
ibr-13_ibr-40_1.txt 1024 1456240598 1456242291
ibr-13_ibr-47_1.txt 1024 1456240599 1456245444
ibr-13_ibr-47_2.txt 1024 1456240598 1456245444
ibr-13_ibr-48_1.txt 1024 1456240598 1456243423
ibr-13_ibr-8_1.txt 1024 1456240597 1456242854
ibr-14_ibr-16_1.txt 1024 1456240599 1456242480
ibr-14_ibr-29_1.txt 1024 1456240598 1456242779
ibr-14_ibr-29_2.txt 1024 1456240598 1456243660
ibr-14_ibr-3_1.txt 1024 1456240598 1456242829
ibr-15_ibr-24_1.txt 1024 1456240598 1456243473
ibr-15_ibr-38_1.txt 1024 1456240598 1456243725
ibr-15_ibr-39_1.txt 1024 1456240598 1456241789
ibr-15_ibr-43_1.txt 1024 1456240598 1456242948
ibr-15_ibr-49_1.txt 1024 1456240598 1456246743
ibr-15_ibr-5_1.txt 1024 1456240598 1456243943
ibr-15_ibr-55_1.txt 1024 1456240598 1456241514
ibr-15_ibr-6_1.txt 1024 1456240600 1456243206
ibr-16_ibr-11_1.txt 1024 1456240599 1456243378
ibr-16_ibr-11_2.txt 1024 1456240599 1456244164
ibr-16_ibr-1_1.txt 0 1456240598 1456240598
ibr-16_ibr-12_1.txt 1024 1456240598 1456244354
ibr-16_ibr-1_2.txt 0 1456240599 1456240599
ibr-16_ibr-1_3.txt 1024 1456240599 1456245969
ibr-16_ibr-1_4.txt 0 1456240599 1456240599
ibr-16_ibr-15_1.txt 1024 1456240598 1456243379
ibr-16_ibr-15_2.txt 1024 1456240598 1456244118
ibr-16_ibr-1_5.txt 0 1456240599 1456240599
ibr-16_ibr-1_6.txt 1024 1456240599 1456245969
ibr-16_ibr-1_7.txt 1024 1456240599 1456245969
ibr-16_ibr-20_1.txt 1024 1456240598 1456242394
ibr-16_ibr-21_1.txt 0 1456240600 1456240600
ibr-16_ibr-21_2.txt 0 1456240599 1456240599
ibr-16_ibr-21_3.txt 0 1456240600 1456240600
ibr-16_ibr-23_1.txt 1024 1456240598 1456242933
ibr-16_ibr-26_1.txt 1024 1456240599 1456245684
ibr-16_ibr-26_2.txt 1024 1456240599 1456245684
ibr-16_ibr-31_1.txt 1024 1456240599 1456244720
ibr-16_ibr-37_1.txt 1024 1456240598 1456243243
ibr-16_ibr-40_1.txt 1024 1456240598 1456241454
ibr-16_ibr-41_10.txt 0 1456240599 1456240599
ibr-16_ibr-41_11.txt 0 1456240600 1456240600
ibr-16_ibr-41_1.txt 0 1456240599 1456240599
ibr-16_ibr-41_2.txt 0 1456240599 1456240599
ibr-16_ibr-41_3.txt 0 1456240599 1456240599
ibr-16_ibr-41_4.txt 0 1456240599 1456240599
ibr-16_ibr-41_5.txt 0 1456240599 1456240599
ibr-16_ibr-41_6.txt 0 1456240599 1456240599
ibr-16_ibr-41_7.txt 0 1456240600 1456240600
ibr-16_ibr-41_8.txt 0 1456240600 1456240600
ibr-16_ibr-41_9.txt 0 1456240600 1456240600
ibr-16_ibr-44_1.txt 1024 1456240598 1456243669
ibr-16_ibr-46_1.txt 0 1456240599 1456240599
ibr-16_ibr-46_2.txt 0 1456240599 1456240599
ibr-16_ibr-46_3.txt 0 1456240599 1456240599
ibr-16_ibr-46_4.txt 1024 1456240598 1456246049
ibr-16_ibr-46_5.txt 1024 1456240599 1456246049
ibr-16_ibr-46_6.txt 1024 1456240599 1456246049
ibr-16_ibr-46_7.txt 1024 1456240599 1456246049
ibr-16_ibr-51_1.txt 1024 1456240597 1456242149
ibr-16_ibr-51_2.txt 0 1456240599 1456240599
ibr-16_ibr-51_3.txt 0 1456240599 1456240599
ibr-16_ibr-51_4.txt 0 1456240598 1456240598
ibr-16_ibr-51_5.txt 0 1456240599 1456240599
ibr-16_ibr-51_6.txt 0 1456240599 1456240599
ibr-16_ibr-51_7.txt 0 1456240599 1456240599
ibr-16_ibr-54_1.txt 1024 1456240598 1456243373
ibr-16_ibr-56_1.txt 0 1456240598 1456240598
ibr-16_ibr-56_2.txt 0 1456240598 1456240598
ibr-16_ibr-56_3.txt 0 1456240598 1456240598
ibr-16_ibr-56_4.txt 0 1456240598 1456240598
ibr-16_ibr-56_5.txt 0 1456240598 1456240598
ibr-16_ibr-6_10.txt 1024 1456240600 1456246178
ibr-16_ibr-6_11.txt 1024 1456240600 1456246178
ibr-16_ibr-6_12.txt 1024 1456240600 1456246178
ibr-16_ibr-6_1.txt 0 1456240598 1456240598
ibr-16_ibr-6_2.txt 0 1456240598 1456240598
ibr-16_ibr-6_3.txt 0 1456240598 1456240598
ibr-16_ibr-6_4.txt 0 1456240599 1456240599
ibr-16_ibr-6_5.txt 0 1456240598 1456240598
ibr-16_ibr-6_6.txt 0 1456240600 1456240600
ibr-16_ibr-6_7.txt 0 1456240599 1456240599
ibr-16_ibr-6_8.txt 1024 1456240598 1456246178
ibr-16_ibr-6_9.txt 0 1456240600 1456240600
ibr-16_ibr-7_1.txt 1024 1456240599 1456243725
ibr-16_ibr-7_2.txt 1024 1456240598 1456243725
ibr-16_ibr-8_1.txt 1024 1456240598 1456245024
ibr-17_ibr-10_1.txt 1024 1456240598 1456242354
ibr-17_ibr-11_1.txt 1024 1456240599 1456243378
ibr-17_ibr-12_1.txt 1024 1456240598 1456243108
ibr-17_ibr-19_1.txt 1024 1456240599 1456244229
ibr-17_ibr-2_1.txt 1024 1456240597 1456244614
ibr-17_ibr-26_1.txt 1024 1456240599 1456245619
ibr-17_ibr-28_1.txt 1024 1456240598 1456243588
ibr-17_ibr-30_1.txt 1024 1456240599 1456243382
ibr-17_ibr-3_1.txt 1024 1456240598 1456242209
ibr-17_ibr-50_1.txt 1024 1456240599 1456242334
ibr-17_ibr-50_2.txt 1024 1456240598 1456242334
ibr-17_ibr-7_1.txt 1024 1456240599 1456243874
ibr-18_ibr-15_1.txt 1024 1456240598 1456243024
ibr-18_ibr-19_1.txt 1024 1456240600 1456242299
ibr-18_ibr-21_1.txt 0 1456240599 1456240599
ibr-18_ibr-2_1.txt 1024 1456240598 1456243103
ibr-18_ibr-24_1.txt 1024 1456240598 1456244429
ibr-18_ibr-36_1.txt 1024 1456240599 1456242084
ibr-18_ibr-39_1.txt 1024 1456240598 1456243684
ibr-18_ibr-4_1.txt 1024 1456240598 1456245029
ibr-18_ibr-51_1.txt 0 1456240599 1456240599
ibr-18_ibr-53_1.txt 1024 1456240598 1456243030
ibr-18_ibr-54_1.txt 1024 1456240598 1456244489
ibr-18_ibr-7_1.txt 1024 1456240598 1456243278
ibr-19_ibr-12_1.txt 1024 1456240597 1456243108
ibr-19_ibr-18_1.txt 1024 1456240599 1456241881
ibr-19_ibr-22_1.txt 1024 1456240598 1456242269
ibr-19_ibr-30_1.txt 1024 1456240599 1456244044
ibr-19_ibr-35_1.txt 1024 1456240598 1456244180
ibr-19_ibr-40_1.txt 1024 1456240598 1456243183
ibr-19_ibr-44_1.txt 1024 1456240598 1456244069
ibr-19_ibr-44_2.txt 1024 1456240598 1456244069
ibr-19_ibr-46_1.txt 0 1456240598 1456240598
ibr-19_ibr-47_1.txt 1024 1456240599 1456245348
ibr-19_ibr-55_1.txt 1024 1456240598 1456242924
ibr-19_ibr-9_1.txt 1024 1456240598 1456243328
ibr-1_ibr-11_1.txt 1024 1456240598 1456243578
ibr-1_ibr-11_2.txt 1024 1456240598 1456243578
ibr-1_ibr-11_3.txt 1024 1456240597 1456243578
ibr-1_ibr-11_4.txt 1024 1456240598 1456243578
ibr-1_ibr-11_5.txt 1024 1456240599 1456243578
ibr-1_ibr-11_6.txt 1024 1456240599 1456243578
ibr-1_ibr-11_7.txt 1024 1456240599 1456245464
ibr-1_ibr-16_1.txt 0 1456240599 1456240599
ibr-1_ibr-16_2.txt 0 1456240599 1456240599
ibr-1_ibr-16_3.txt 0 1456240599 1456240599
ibr-1_ibr-16_4.txt 0 1456240600 1456240600
ibr-1_ibr-16_5.txt 0 1456240599 1456240599
ibr-1_ibr-21_1.txt 0 1456240599 1456240599
ibr-1_ibr-21_2.txt 0 1456240599 1456240599
ibr-1_ibr-21_3.txt 0 1456240599 1456240599
ibr-1_ibr-26_1.txt 1024 1456240599 1456244646
ibr-1_ibr-26_2.txt 1024 1456240599 1456244646
ibr-1_ibr-26_3.txt 1024 1456240599 1456244646
ibr-1_ibr-26_4.txt 1024 1456240599 1456244646
ibr-1_ibr-31_1.txt 0 1456240599 1456240599
ibr-1_ibr-31_2.txt 0 1456240599 1456240599
ibr-1_ibr-36_1.txt 0 1456240599 1456240599
ibr-1_ibr-36_2.txt 0 1456240599 1456240599
ibr-1_ibr-36_3.txt 0 1456240599 1456240599
ibr-1_ibr-36_4.txt 0 1456240599 1456240599
ibr-1_ibr-41_1.txt 0 1456240599 1456240599
ibr-1_ibr-41_2.txt 0 1456240600 1456240600
ibr-1_ibr-41_3.txt 0 1456240600 1456240600
ibr-1_ibr-46_1.txt 0 1456240599 1456240599
ibr-1_ibr-46_2.txt 0 1456240599 1456240599
ibr-1_ibr-46_3.txt 0 1456240599 1456240599
ibr-1_ibr-46_4.txt 0 1456240599 1456240599
ibr-1_ibr-51_1.txt 0 1456240599 1456240599
ibr-1_ibr-51_2.txt 0 1456240599 1456240599
ibr-1_ibr-56_1.txt 0 1456240599 1456240599
ibr-1_ibr-56_2.txt 0 1456240598 1456240598
ibr-1_ibr-56_3.txt 0 1456240598 1456240598
ibr-1_ibr-56_4.txt 0 1456240598 1456240598
ibr-1_ibr-56_5.txt 0 1456240598 1456240598
ibr-1_ibr-56_6.txt 0 1456240599 1456240599
ibr-1_ibr-56_7.txt 0 1456240599 1456240599
ibr-1_ibr-6_1.txt 1024 1456240599 1456241724
ibr-1_ibr-6_2.txt 1024 1456240599 1456242354
ibr-1_ibr-6_3.txt 1024 1456240600 1456242354
ibr-1_ibr-6_4.txt 1024 1456240598 1456242559
ibr-1_ibr-6_5.txt 1024 1456240599 1456243206
ibr-1_ibr-6_6.txt 1024 1456240600 1456244339
ibr-1_ibr-6_7.txt 1024 1456240600 1456244339
ibr-20_ibr-10_1.txt 1024 1456240598 1456243643
ibr-20_ibr-15_1.txt 1024 1456240598 1456241804
ibr-20_ibr-17_1.txt 1024 1456240598 1456241869
ibr-20_ibr-17_2.txt 1024 1456240598 1456244494
ibr-20_ibr-23_1.txt 1024 1456240599 1456242928
ibr-20_ibr-28_1.txt 1024 1456240598 1456244024
ibr-20_ibr-31_1.txt 1024 1456240599 1456242771
ibr-20_ibr-3_1.txt 1024 1456240598 1456244374
ibr-20_ibr-34_1.txt 1024 1456240598 1456241890
ibr-20_ibr-4_1.txt 1024 1456240598 1456241625
ibr-20_ibr-47_1.txt 1024 1456240598 1456242159
ibr-20_ibr-47_2.txt 1024 1456240599 1456242159
ibr-20_ibr-50_1.txt 1024 1456240599 1456241789
ibr-20_ibr-52_1.txt 1024 1456240598 1456243318
ibr-20_ibr-55_1.txt 1024 1456240598 1456241959
ibr-20_ibr-56_1.txt 0 1456240598 1456240598
ibr-21_ibr-11_1.txt 0 1456240597 1456240597
ibr-21_ibr-11_2.txt 0 1456240599 1456240599
ibr-21_ibr-11_3.txt 0 1456240599 1456240599
ibr-21_ibr-11_4.txt 0 1456240599 1456240599
ibr-21_ibr-1_1.txt 0 1456240598 1456240598
ibr-21_ibr-1_2.txt 0 1456240599 1456240599
ibr-21_ibr-1_3.txt 0 1456240599 1456240599
ibr-21_ibr-14_1.txt 1024 1456240598 1456246377
ibr-21_ibr-1_4.txt 0 1456240599 1456240599
ibr-21_ibr-1_5.txt 0 1456240599 1456240599
ibr-21_ibr-16_1.txt 0 1456240599 1456240599
ibr-21_ibr-16_2.txt 0 1456240600 1456240600
ibr-21_ibr-16_3.txt 0 1456240599 1456240599
ibr-21_ibr-16_4.txt 0 1456240599 1456240599
ibr-21_ibr-16_5.txt 0 1456240599 1456240599
ibr-21_ibr-16_6.txt 0 1456240599 1456240599
ibr-21_ibr-16_7.txt 0 1456240600 1456240600
ibr-21_ibr-16_8.txt 0 1456240599 1456240599
ibr-21_ibr-16_9.txt 0 1456240600 1456240600
ibr-21_ibr-1_6.txt 0 1456240598 1456240598
ibr-21_ibr-18_1.txt 0 1456240599 1456240599
ibr-21_ibr-26_1.txt 1024 1456240599 1456242409
ibr-21_ibr-26_2.txt 1024 1456240599 1456244910
ibr-21_ibr-26_3.txt 1024 1456240599 1456244910
ibr-21_ibr-26_4.txt 1024 1456240599 1456244910
ibr-21_ibr-31_1.txt 1024 1456240599 1456241689
ibr-21_ibr-31_2.txt 1024 1456240598 1456241829
ibr-21_ibr-31_3.txt 1024 1456240599 1456242771
ibr-21_ibr-31_4.txt 1024 1456240599 1456242771
ibr-21_ibr-31_5.txt 0 1456240599 1456240599
ibr-21_ibr-31_6.txt 0 1456240600 1456240600
ibr-21_ibr-31_7.txt 0 1456240600 1456240600
ibr-21_ibr-34_1.txt 1024 1456240598 1456245289
ibr-21_ibr-36_1.txt 0 1456240599 1456240599
ibr-21_ibr-36_2.txt 0 1456240599 1456240599
ibr-21_ibr-36_3.txt 0 1456240599 1456240599
ibr-21_ibr-36_4.txt 0 1456240599 1456240599
ibr-21_ibr-36_5.txt 0 1456240599 1456240599
ibr-21_ibr-36_6.txt 0 1456240599 1456240599
ibr-21_ibr-36_7.txt 1024 1456240599 1456246546
ibr-21_ibr-39_1.txt 1024 1456240598 1456245230
ibr-21_ibr-41_1.txt 1024 1456240598 1456243869
ibr-21_ibr-41_2.txt 1024 1456240599 1456243869
ibr-21_ibr-41_3.txt 1024 1456240599 1456243869
ibr-21_ibr-41_4.txt 1024 1456240600 1456243869
ibr-21_ibr-41_5.txt 1024 1456240599 1456243869
ibr-21_ibr-46_1.txt 0 1456240599 1456240599
ibr-21_ibr-46_2.txt 0 1456240598 1456240598
ibr-21_ibr-46_3.txt 0 1456240598 1456240598
ibr-21_ibr-46_4.txt 0 1456240599 1456240599
ibr-21_ibr-46_5.txt 0 1456240599 1456240599
ibr-21_ibr-46_6.txt 0 1456240599 1456240599
ibr-21_ibr-46_7.txt 0 1456240599 1456240599
ibr-21_ibr-47_1.txt 1024 1456240599 1456243269
ibr-21_ibr-51_1.txt 0 1456240598 1456240598
ibr-21_ibr-51_2.txt 0 1456240599 1456240599
ibr-21_ibr-51_3.txt 0 1456240598 1456240598
ibr-21_ibr-5_1.txt 1024 1456240598 1456243074
ibr-21_ibr-55_1.txt 1024 1456240598 1456245024
ibr-21_ibr-56_1.txt 0 1456240600 1456240600
ibr-21_ibr-56_2.txt 0 1456240599 1456240599
ibr-21_ibr-56_3.txt 0 1456240599 1456240599
ibr-21_ibr-56_4.txt 0 1456240599 1456240599
ibr-21_ibr-56_5.txt 0 1456240600 1456240600
ibr-21_ibr-56_6.txt 0 1456240599 1456240599
ibr-21_ibr-6_1.txt 1024 1456240600 1456242289
ibr-21_ibr-6_2.txt 1024 1456240598 1456242289
ibr-21_ibr-6_3.txt 1024 1456240600 1456242289
ibr-21_ibr-6_4.txt 1024 1456240600 1456242679
ibr-21_ibr-6_5.txt 1024 1456240600 1456245434
ibr-21_ibr-8_1.txt 1024 1456240598 1456242324
ibr-22_ibr-15_1.txt 1024 1456240598 1456243744
ibr-22_ibr-19_1.txt 1024 1456240599 1456245539
ibr-22_ibr-2_1.txt 1024 1456240597 1456243608
ibr-22_ibr-24_1.txt 1024 1456240598 1456243209
ibr-22_ibr-25_1.txt 1024 1456240598 1456244080
ibr-22_ibr-35_1.txt 1024 1456240599 1456243544
ibr-22_ibr-40_1.txt 1024 1456240597 1456241729
ibr-22_ibr-40_2.txt 1024 1456240598 1456245045
ibr-22_ibr-4_1.txt 1024 1456240598 1456243984
ibr-22_ibr-47_1.txt 1024 1456240599 1456245040
ibr-22_ibr-49_1.txt 1024 1456240598 1456243840
ibr-22_ibr-52_1.txt 1024 1456240598 1456245414
ibr-22_ibr-9_1.txt 1024 1456240598 1456242377
ibr-23_ibr-16_1.txt 1024 1456240598 1456241519
ibr-23_ibr-19_1.txt 1024 1456240599 1456242789
ibr-23_ibr-21_1.txt 1024 1456240601 1456243389
ibr-23_ibr-25_1.txt 1024 1456240598 1456242429
ibr-23_ibr-30_1.txt 1024 1456240599 1456244629
ibr-23_ibr-31_1.txt 1024 1456240600 1456242771
ibr-23_ibr-31_2.txt 1024 1456240599 1456245156
ibr-23_ibr-34_1.txt 1024 1456240598 1456242009
ibr-23_ibr-44_1.txt 1024 1456240597 1456243243
ibr-23_ibr-47_1.txt 1024 1456240599 1456242302
ibr-23_ibr-49_1.txt 1024 1456240598 1456244869
ibr-23_ibr-51_1.txt 1024 1456240599 1456243608
ibr-23_ibr-52_1.txt 1024 1456240599 1456242434
ibr-24_ibr-16_1.txt 1024 1456240599 1456244469
ibr-24_ibr-22_1.txt 1024 1456240598 1456241939
ibr-24_ibr-26_1.txt 1024 1456240598 1456241509
ibr-24_ibr-32_1.txt 1024 1456240599 1456243199
ibr-24_ibr-36_1.txt 1024 1456240598 1456243214
ibr-24_ibr-38_1.txt 1024 1456240598 1456243168
ibr-24_ibr-41_1.txt 1024 1456240600 1456242529
ibr-24_ibr-41_2.txt 1024 1456240599 1456243869
ibr-24_ibr-4_1.txt 1024 1456240598 1456242978
ibr-24_ibr-9_1.txt 1024 1456240598 1456243048
ibr-25_ibr-13_1.txt 1024 1456240598 1456244495
ibr-25_ibr-23_1.txt 1024 1456240598 1456243519
ibr-25_ibr-24_1.txt 1024 1456240598 1456242764
ibr-25_ibr-29_1.txt 1024 1456240598 1456242289
ibr-25_ibr-29_2.txt 1024 1456240598 1456242289
ibr-25_ibr-40_1.txt 1024 1456240598 1456243544
ibr-25_ibr-42_1.txt 1024 1456240598 1456244684
ibr-25_ibr-53_1.txt 1024 1456240598 1456242124
ibr-25_ibr-53_2.txt 1024 1456240598 1456242534
ibr-25_ibr-53_3.txt 1024 1456240598 1456243869
ibr-25_ibr-54_1.txt 1024 1456240598 1456242694
ibr-25_ibr-55_1.txt 1024 1456240598 1456243353
ibr-25_ibr-55_2.txt 1024 1456240598 1456243508
ibr-25_ibr-56_1.txt 0 1456240598 1456240598
ibr-25_ibr-56_2.txt 0 1456240598 1456240598
ibr-25_ibr-6_1.txt 1024 1456240600 1456242449
ibr-25_ibr-7_1.txt 1024 1456240598 1456242697
ibr-26_ibr-11_1.txt 1024 1456240598 1456241514
ibr-26_ibr-11_2.txt 1024 1456240599 1456242903
ibr-26_ibr-11_3.txt 1024 1456240599 1456244643
ibr-26_ibr-11_4.txt 1024 1456240599 1456244643
ibr-26_ibr-11_5.txt 1024 1456240599 1456244643
ibr-26_ibr-1_1.txt 1024 1456240599 1456246278
ibr-26_ibr-16_1.txt 1024 1456240599 1456243823
ibr-26_ibr-16_2.txt 1024 1456240599 1456243396
ibr-26_ibr-16_3.txt 1024 1456240599 1456243528
ibr-26_ibr-16_4.txt 1024 1456240599 1456243528
ibr-26_ibr-16_5.txt 1024 1456240599 1456243528
ibr-26_ibr-16_6.txt 1024 1456240599 1456244209
ibr-26_ibr-16_7.txt 1024 1456240601 1456244209
ibr-26_ibr-16_8.txt 1024 1456240599 1456244209
ibr-26_ibr-17_1.txt 1024 1456240598 1456242284
ibr-26_ibr-19_1.txt 1024 1456240600 1456243268
ibr-26_ibr-20_1.txt 1024 1456240598 1456243969
ibr-26_ibr-21_1.txt 1024 1456240599 1456242109
ibr-26_ibr-21_2.txt 1024 1456240599 1456242109
ibr-26_ibr-21_3.txt 1024 1456240600 1456242109
ibr-26_ibr-21_4.txt 1024 1456240600 1456243668
ibr-26_ibr-21_5.txt 1024 1456240599 1456243668
ibr-26_ibr-21_6.txt 1024 1456240600 1456243668
ibr-26_ibr-21_7.txt 1024 1456240600 1456244224
ibr-26_ibr-23_1.txt 1024 1456240598 1456245010
ibr-26_ibr-31_1.txt 1024 1456240599 1456242771
ibr-26_ibr-31_2.txt 1024 1456240599 1456242771
ibr-26_ibr-31_3.txt 1024 1456240600 1456242771
ibr-26_ibr-31_4.txt 1024 1456240599 1456242771
ibr-26_ibr-31_5.txt 1024 1456240599 1456242771
ibr-26_ibr-31_6.txt 1024 1456240599 1456244964
ibr-26_ibr-35_1.txt 1024 1456240598 1456241729
ibr-26_ibr-36_1.txt 0 1456240599 1456240599
ibr-26_ibr-36_2.txt 1024 1456240599 1456246334
ibr-26_ibr-36_3.txt 1024 1456240599 1456246334
ibr-26_ibr-36_4.txt 1024 1456240599 1456246334
ibr-26_ibr-37_1.txt 1024 1456240598 1456241894
ibr-26_ibr-41_1.txt 1024 1456240599 1456242419
ibr-26_ibr-41_2.txt 1024 1456240599 1456242419
ibr-26_ibr-41_3.txt 1024 1456240599 1456242419
ibr-26_ibr-41_4.txt 1024 1456240599 1456242419
ibr-26_ibr-41_5.txt 1024 1456240599 1456242616
ibr-26_ibr-41_6.txt 1024 1456240599 1456244469
ibr-26_ibr-41_7.txt 1024 1456240600 1456244469
ibr-26_ibr-41_8.txt 1024 1456240599 1456244469
ibr-26_ibr-42_1.txt 1024 1456240598 1456242838
ibr-26_ibr-46_1.txt 1024 1456240599 1456243734
ibr-26_ibr-46_2.txt 1024 1456240599 1456243606
ibr-26_ibr-46_3.txt 1024 1456240599 1456243608
ibr-26_ibr-46_4.txt 1024 1456240599 1456243607
ibr-26_ibr-47_1.txt 1024 1456240598 1456242994
ibr-26_ibr-48_1.txt 1024 1456240597 1456243778
ibr-26_ibr-51_1.txt 1024 1456240598 1456243608
ibr-26_ibr-51_2.txt 1024 1456240599 1456243608
ibr-26_ibr-51_3.txt 1024 1456240599 1456243608
ibr-26_ibr-51_4.txt 1024 1456240600 1456246478
ibr-26_ibr-51_5.txt 1024 1456240600 1456246478
ibr-26_ibr-51_6.txt 1024 1456240599 1456246478
ibr-26_ibr-52_1.txt 1024 1456240598 1456242809
ibr-26_ibr-52_2.txt 1024 1456240598 1456242814
ibr-26_ibr-53_1.txt 1024 1456240598 1456243588
ibr-26_ibr-56_1.txt 0 1456240598 1456240598
ibr-26_ibr-56_2.txt 0 1456240599 1456240599
ibr-26_ibr-56_3.txt 0 1456240600 1456240600
ibr-26_ibr-6_1.txt 1024 1456240599 1456243028
ibr-26_ibr-6_2.txt 1024 1456240599 1456243343
ibr-26_ibr-6_3.txt 1024 1456240600 1456245642
ibr-26_ibr-6_4.txt 1024 1456240600 1456245642
ibr-26_ibr-6_5.txt 1024 1456240600 1456245642
ibr-26_ibr-6_6.txt 1024 1456240600 1456245642
ibr-26_ibr-8_1.txt 1024 1456240598 1456241925
ibr-27_ibr-16_1.txt 1024 1456240599 1456243774
ibr-27_ibr-33_1.txt 1024 1456240598 1456241891
ibr-27_ibr-33_2.txt 0 1456240598 1456240598
ibr-27_ibr-37_1.txt 1024 1456240597 1456243989
ibr-27_ibr-47_1.txt 1024 1456240599 1456242789
ibr-27_ibr-51_1.txt 1024 1456240599 1456245104
ibr-28_ibr-10_1.txt 1024 1456240598 1456244784
ibr-28_ibr-17_1.txt 1024 1456240598 1456242294
ibr-28_ibr-18_1.txt 1024 1456240599 1456244159
ibr-28_ibr-27_1.txt 1024 1456240598 1456244294
ibr-28_ibr-3_1.txt 1024 1456240598 1456242973
ibr-28_ibr-34_1.txt 1024 1456240598 1456244379
ibr-28_ibr-4_1.txt 1024 1456240598 1456244044
ibr-28_ibr-42_1.txt 1024 1456240598 1456242137
ibr-28_ibr-42_2.txt 1024 1456240598 1456243563
ibr-28_ibr-48_1.txt 1024 1456240598 1456243919
ibr-28_ibr-51_1.txt 1024 1456240598 1456243603
ibr-28_ibr-56_1.txt 0 1456240599 1456240599
ibr-28_ibr-9_1.txt 1024 1456240598 1456244647
ibr-29_ibr-20_1.txt 1024 1456240599 1456244359
ibr-29_ibr-2_1.txt 1024 1456240598 1456242179
ibr-29_ibr-39_1.txt 1024 1456240598 1456243544
ibr-29_ibr-47_1.txt 1024 1456240599 1456243213
ibr-29_ibr-5_1.txt 1024 1456240597 1456242354
ibr-29_ibr-52_1.txt 1024 1456240598 1456242374
ibr-29_ibr-52_2.txt 1024 1456240598 1456242754
ibr-2_ibr-14_1.txt 1024 1456240598 1456242166
ibr-2_ibr-29_1.txt 1024 1456240598 1456242109
ibr-2_ibr-30_1.txt 1024 1456240599 1456243188
ibr-2_ibr-42_1.txt 1024 1456240598 1456243649
ibr-2_ibr-48_1.txt 1024 1456240598 1456244309
ibr-2_ibr-48_2.txt 1024 1456240598 1456244309
ibr-2_ibr-50_1.txt 1024 1456240598 1456242054
ibr-2_ibr-53_1.txt 1024 1456240598 1456243228
ibr-2_ibr-54_1.txt 1024 1456240597 1456242064
ibr-2_ibr-7_1.txt 1024 1456240599 1456243264
ibr-2_ibr-7_2.txt 1024 1456240598 1456244404
ibr-30_ibr-17_1.txt 1024 1456240598 1456242839
ibr-30_ibr-18_1.txt 1024 1456240599 1456241639
ibr-30_ibr-24_1.txt 1024 1456240598 1456244059
ibr-30_ibr-36_1.txt 1024 1456240599 1456243508
ibr-30_ibr-40_1.txt 1024 1456240598 1456242031
ibr-30_ibr-41_1.txt 1024 1456240599 1456244249
ibr-30_ibr-44_1.txt 1024 1456240597 1456242564
ibr-30_ibr-45_1.txt 1024 1456240598 1456243534
ibr-30_ibr-50_1.txt 1024 1456240599 1456243188
ibr-30_ibr-50_2.txt 1024 1456240599 1456244189
ibr-31_ibr-11_1.txt 1024 1456240599 1456242594
ibr-31_ibr-11_2.txt 1024 1456240599 1456243506
ibr-31_ibr-11_3.txt 1024 1456240599 1456244643
ibr-31_ibr-11_4.txt 1024 1456240599 1456245588
ibr-31_ibr-1_1.txt 1024 1456240599 1456244379
ibr-31_ibr-1_2.txt 1024 1456240599 1456244379
ibr-31_ibr-1_3.txt 1024 1456240599 1456244379
ibr-31_ibr-1_4.txt 1024 1456240598 1456244379
ibr-31_ibr-1_5.txt 0 1456240599 1456240599
ibr-31_ibr-16_1.txt 1024 1456240599 1456242644
ibr-31_ibr-16_2.txt 1024 1456240601 1456242834
ibr-31_ibr-16_3.txt 1024 1456240601 1456245839
ibr-31_ibr-20_1.txt 1024 1456240598 1456241984
ibr-31_ibr-20_2.txt 1024 1456240598 1456242898
ibr-31_ibr-21_1.txt 0 1456240599 1456240599
ibr-31_ibr-21_2.txt 0 1456240600 1456240600
ibr-31_ibr-21_3.txt 0 1456240600 1456240600
ibr-31_ibr-21_4.txt 0 1456240600 1456240600
ibr-31_ibr-26_1.txt 1024 1456240599 1456242019
ibr-31_ibr-26_2.txt 1024 1456240599 1456242019
ibr-31_ibr-26_3.txt 1024 1456240599 1456242109
ibr-31_ibr-26_4.txt 1024 1456240599 1456242409
ibr-31_ibr-26_5.txt 1024 1456240599 1456242409
ibr-31_ibr-26_6.txt 1024 1456240599 1456243498
ibr-31_ibr-26_7.txt 1024 1456240599 1456243498
ibr-31_ibr-26_8.txt 1024 1456240600 1456244254
ibr-31_ibr-26_9.txt 1024 1456240599 1456244254
ibr-31_ibr-33_1.txt 1024 1456240598 1456241279
ibr-31_ibr-34_1.txt 1024 1456240598 1456241600
ibr-31_ibr-35_1.txt 1024 1456240599 1456243564
ibr-31_ibr-36_1.txt 1024 1456240599 1456241824
ibr-31_ibr-36_2.txt 1024 1456240598 1456243219
ibr-31_ibr-36_3.txt 1024 1456240598 1456243219
ibr-31_ibr-36_4.txt 1024 1456240599 1456245075
ibr-31_ibr-36_5.txt 1024 1456240599 1456245075
ibr-31_ibr-36_6.txt 1024 1456240599 1456245075
ibr-31_ibr-38_1.txt 1024 1456240598 1456244164
ibr-31_ibr-41_10.txt 1024 1456240600 1456245334
ibr-31_ibr-41_1.txt 1024 1456240599 1456243308
ibr-31_ibr-41_2.txt 1024 1456240598 1456243308
ibr-31_ibr-41_3.txt 1024 1456240598 1456243308
ibr-31_ibr-41_4.txt 1024 1456240599 1456243308
ibr-31_ibr-41_5.txt 1024 1456240600 1456243308
ibr-31_ibr-41_6.txt 1024 1456240599 1456243308
ibr-31_ibr-41_7.txt 1024 1456240599 1456243814
ibr-31_ibr-41_8.txt 1024 1456240600 1456245334
ibr-31_ibr-41_9.txt 1024 1456240600 1456245334
ibr-31_ibr-46_1.txt 1024 1456240599 1456242998
ibr-31_ibr-46_2.txt 1024 1456240598 1456245014
ibr-31_ibr-46_3.txt 1024 1456240599 1456242998
ibr-31_ibr-46_4.txt 1024 1456240599 1456242998
ibr-31_ibr-46_5.txt 1024 1456240599 1456242998
ibr-31_ibr-46_6.txt 1024 1456240599 1456245014
ibr-31_ibr-46_7.txt 1024 1456240599 1456242998
ibr-31_ibr-46_8.txt 1024 1456240599 1456245014
ibr-31_ibr-46_9.txt 1024 1456240599 1456245014
ibr-31_ibr-51_1.txt 1024 1456240600 1456244230
ibr-31_ibr-54_1.txt 1024 1456240598 1456242184
ibr-31_ibr-56_1.txt 0 1456240598 1456240598
ibr-31_ibr-56_2.txt 0 1456240600 1456240600
ibr-31_ibr-56_3.txt 0 1456240598 1456240598
ibr-31_ibr-56_4.txt 0 1456240600 1456240600
ibr-31_ibr-6_1.txt 1024 1456240599 1456242144
ibr-31_ibr-6_2.txt 1024 1456240598 1456242144
ibr-31_ibr-6_3.txt 1024 1456240600 1456242684
ibr-31_ibr-6_4.txt 1024 1456240599 1456242684
ibr-31_ibr-6_5.txt 1024 1456240599 1456243343
ibr-31_ibr-6_6.txt 1024 1456240600 1456244474
ibr-32_ibr-12_1.txt 1024 1456240597 1456243863
ibr-32_ibr-16_1.txt 1024 1456240599 1456242834
ibr-32_ibr-19_1.txt 1024 1456240599 1456242788
ibr-32_ibr-21_1.txt 0 1456240599 1456240599
ibr-32_ibr-40_1.txt 1024 1456240598 1456241639
ibr-32_ibr-50_1.txt 1024 1456240598 1456243133
ibr-32_ibr-54_1.txt 1024 1456240598 1456242953
ibr-33_ibr-13_1.txt 1024 1456240598 1456244535
ibr-33_ibr-14_1.txt 1024 1456240598 1456243818
ibr-33_ibr-19_1.txt 1024 1456240600 1456243153
ibr-33_ibr-20_1.txt 1024 1456240598 1456241839
ibr-33_ibr-22_1.txt 1024 1456240598 1456241819
ibr-33_ibr-31_1.txt 1024 1456240599 1456242512
ibr-33_ibr-34_1.txt 1024 1456240598 1456243850
ibr-33_ibr-39_1.txt 1024 1456240598 1456243624
ibr-33_ibr-4_1.txt 1024 1456240598 1456242933
ibr-33_ibr-43_1.txt 1024 1456240598 1456242034
ibr-33_ibr-46_1.txt 1024 1456240599 1456245014
ibr-33_ibr-47_1.txt 1024 1456240598 1456245034
ibr-33_ibr-48_1.txt 1024 1456240599 1456243334
ibr-33_ibr-49_1.txt 1024 1456240598 1456243775
ibr-33_ibr-53_1.txt 1024 1456240598 1456241789
ibr-33_ibr-56_1.txt 0 1456240600 1456240600
ibr-34_ibr-18_1.txt 1024 1456240599 1456244719
ibr-34_ibr-20_1.txt 1024 1456240598 1456242394
ibr-34_ibr-20_2.txt 1024 1456240598 1456243813
ibr-34_ibr-22_1.txt 1024 1456240598 1456242879
ibr-34_ibr-23_1.txt 1024 1456240598 1456242799
ibr-34_ibr-25_1.txt 1024 1456240598 1456243324
ibr-34_ibr-26_1.txt 1024 1456240598 1456241979
ibr-34_ibr-38_1.txt 1024 1456240598 1456243034
ibr-34_ibr-39_1.txt 1024 1456240598 1456243184
ibr-34_ibr-4_1.txt 1024 1456240598 1456243984
ibr-34_ibr-48_1.txt 1024 1456240598 1456243143
ibr-34_ibr-50_1.txt 1024 1456240598 1456242979
ibr-34_ibr-9_1.txt 1024 1456240598 1456243008
ibr-35_ibr-10_1.txt 1024 1456240598 1456241479
ibr-35_ibr-17_1.txt 1024 1456240598 1456244251
ibr-35_ibr-23_1.txt 1024 1456240598 1456242064
ibr-35_ibr-29_1.txt 1024 1456240598 1456242733
ibr-35_ibr-33_1.txt 1024 1456240598 1456241139
ibr-35_ibr-8_1.txt 1024 1456240598 1456243468
ibr-36_ibr-10_1.txt 1024 1456240598 1456242026
ibr-36_ibr-11_1.txt 1024 1456240599 1456243048
ibr-36_ibr-11_2.txt 1024 1456240599 1456243048
ibr-36_ibr-11_3.txt 1024 1456240599 1456243048
ibr-36_ibr-11_4.txt 1024 1456240599 1456243483
ibr-36_ibr-11_5.txt 1024 1456240599 1456244268
ibr-36_ibr-1_1.txt 0 1456240599 1456240599
ibr-36_ibr-1_2.txt 0 1456240599 1456240599
ibr-36_ibr-1_3.txt 0 1456240599 1456240599
ibr-36_ibr-1_4.txt 0 1456240599 1456240599
ibr-36_ibr-16_1.txt 1024 1456240599 1456243385
ibr-36_ibr-16_2.txt 1024 1456240600 1456243385
ibr-36_ibr-16_3.txt 1024 1456240599 1456243385
ibr-36_ibr-16_4.txt 1024 1456240600 1456244266
ibr-36_ibr-16_5.txt 1024 1456240599 1456244266
ibr-36_ibr-16_6.txt 1024 1456240599 1456244266
ibr-36_ibr-16_7.txt 1024 1456240601 1456244266
ibr-36_ibr-21_1.txt 0 1456240600 1456240600
ibr-36_ibr-21_2.txt 0 1456240600 1456240600
ibr-36_ibr-21_3.txt 0 1456240600 1456240600
ibr-36_ibr-25_1.txt 1024 1456240598 1456244324
ibr-36_ibr-26_1.txt 1024 1456240599 1456242019
ibr-36_ibr-26_2.txt 1024 1456240598 1456242019
ibr-36_ibr-26_3.txt 1024 1456240598 1456242019
ibr-36_ibr-26_4.txt 1024 1456240599 1456244254
ibr-36_ibr-31_1.txt 1024 1456240599 1456242259
ibr-36_ibr-31_2.txt 1024 1456240600 1456242277
ibr-36_ibr-31_3.txt 1024 1456240599 1456242953
ibr-36_ibr-31_4.txt 1024 1456240600 1456244423
ibr-36_ibr-31_5.txt 1024 1456240599 1456244423
ibr-36_ibr-31_6.txt 1024 1456240600 1456244423
ibr-36_ibr-41_1.txt 0 1456240599 1456240599
ibr-36_ibr-41_2.txt 0 1456240599 1456240599
ibr-36_ibr-41_3.txt 0 1456240599 1456240599
ibr-36_ibr-41_4.txt 0 1456240599 1456240599
ibr-36_ibr-42_1.txt 1024 1456240598 1456243214
ibr-36_ibr-46_1.txt 1024 1456240598 1456242859
ibr-36_ibr-46_2.txt 0 1456240599 1456240599
ibr-36_ibr-46_3.txt 0 1456240599 1456240599
ibr-36_ibr-46_4.txt 0 1456240599 1456240599
ibr-36_ibr-46_5.txt 0 1456240599 1456240599
ibr-36_ibr-46_6.txt 0 1456240599 1456240599
ibr-36_ibr-50_1.txt 1024 1456240598 1456244299
ibr-36_ibr-51_1.txt 1024 1456240598 1456242124
ibr-36_ibr-51_2.txt 1024 1456240599 1456243558
ibr-36_ibr-51_3.txt 1024 1456240599 1456243558
ibr-36_ibr-51_4.txt 1024 1456240598 1456243558
ibr-36_ibr-51_5.txt 1024 1456240600 1456243558
ibr-36_ibr-51_6.txt 1024 1456240598 1456246938
ibr-36_ibr-51_7.txt 1024 1456240598 1456246938
ibr-36_ibr-51_8.txt 1024 1456240600 1456246938
ibr-36_ibr-53_1.txt 1024 1456240598 1456241454
ibr-36_ibr-56_1.txt 0 1456240598 1456240598
ibr-36_ibr-56_2.txt 0 1456240598 1456240598
ibr-36_ibr-56_3.txt 0 1456240598 1456240598
ibr-36_ibr-56_4.txt 0 1456240599 1456240599
ibr-36_ibr-56_5.txt 0 1456240599 1456240599
ibr-36_ibr-56_6.txt 0 1456240599 1456240599
ibr-36_ibr-56_7.txt 0 1456240598 1456240598
ibr-36_ibr-56_8.txt 0 1456240599 1456240599
ibr-36_ibr-56_9.txt 0 1456240599 1456240599
ibr-36_ibr-6_1.txt 1024 1456240598 1456244324
ibr-36_ibr-6_2.txt 1024 1456240600 1456244324
ibr-36_ibr-6_3.txt 1024 1456240600 1456244324
ibr-37_ibr-11_1.txt 1024 1456240599 1456243048
ibr-37_ibr-19_1.txt 1024 1456240599 1456242624
ibr-37_ibr-23_1.txt 1024 1456240598 1456243053
ibr-37_ibr-41_1.txt 0 1456240600 1456240600
ibr-37_ibr-4_1.txt 1024 1456240599 1456242878
ibr-37_ibr-42_1.txt 1024 1456240598 1456242519
ibr-37_ibr-7_1.txt 1024 1456240599 1456243158
ibr-38_ibr-12_1.txt 1024 1456240597 1456243303
ibr-38_ibr-20_1.txt 1024 1456240598 1456242624
ibr-38_ibr-32_1.txt 1024 1456240597 1456242649
ibr-38_ibr-39_1.txt 1024 1456240598 1456241339
ibr-38_ibr-42_1.txt 1024 1456240598 1456244064
ibr-38_ibr-45_1.txt 1024 1456240598 1456243318
ibr-38_ibr-45_2.txt 1024 1456240598 1456243903
ibr-38_ibr-46_1.txt 1024 1456240598 1456242998
ibr-38_ibr-47_1.txt 1024 1456240598 1456244140
ibr-38_ibr-48_1.txt 1024 1456240599 1456243949
ibr-38_ibr-51_1.txt 1024 1456240599 1456244264
ibr-38_ibr-55_1.txt 1024 1456240598 1456243808
ibr-39_ibr-13_1.txt 1024 1456240598 1456244054
ibr-39_ibr-15_1.txt 1024 1456240598 1456242704
ibr-39_ibr-23_1.txt 1024 1456240598 1456242788
ibr-39_ibr-29_1.txt 1024 1456240598 1456244144
ibr-39_ibr-41_1.txt 0 1456240599 1456240599
ibr-39_ibr-50_1.txt 1024 1456240599 1456244180
ibr-39_ibr-52_1.txt 1024 1456240597 1456242039
ibr-39_ibr-54_1.txt 1024 1456240598 1456242953
ibr-39_ibr-6_1.txt 1024 1456240600 1456244314
ibr-39_ibr-6_2.txt 1024 1456240599 1456244314
ibr-3_ibr-10_1.txt 1024 1456240598 1456243563
ibr-3_ibr-12_1.txt 1024 1456240597 1456241979
ibr-3_ibr-18_1.txt 1024 1456240599 1456243935
ibr-3_ibr-39_1.txt 1024 1456240598 1456243544
ibr-3_ibr-4_1.txt 1024 1456240598 1456242069
ibr-3_ibr-45_1.txt 1024 1456240598 1456244134
ibr-3_ibr-49_1.txt 1024 1456240598 1456243498
ibr-3_ibr-5_1.txt 1024 1456240597 1456242604
ibr-40_ibr-14_1.txt 1024 1456240598 1456241399
ibr-40_ibr-26_1.txt 1024 1456240599 1456242019
ibr-40_ibr-27_1.txt 1024 1456240598 1456242649
ibr-40_ibr-31_1.txt 1024 1456240600 1456243438
ibr-40_ibr-3_1.txt 1024 1456240598 1456242394
ibr-40_ibr-32_1.txt 1024 1456240599 1456243990
ibr-40_ibr-34_1.txt 1024 1456240598 1456243415
ibr-40_ibr-35_1.txt 1024 1456240598 1456241629
ibr-40_ibr-37_1.txt 1024 1456240598 1456243243
ibr-40_ibr-38_1.txt 1024 1456240598 1456243219
ibr-40_ibr-39_1.txt 1024 1456240598 1456243269
ibr-40_ibr-4_1.txt 1024 1456240598 1456242879
ibr-40_ibr-42_1.txt 1024 1456240598 1456245129
ibr-40_ibr-48_1.txt 1024 1456240598 1456241849
ibr-41_ibr-10_1.txt 1024 1456240598 1456243153
ibr-41_ibr-10_2.txt 0 1456240598 1456240598
ibr-41_ibr-11_1.txt 0 1456240598 1456240598
ibr-41_ibr-11_2.txt 0 1456240599 1456240599
ibr-41_ibr-11_3.txt 0 1456240599 1456240599
ibr-41_ibr-11_4.txt 0 1456240599 1456240599
ibr-41_ibr-1_1.txt 0 1456240598 1456240598
ibr-41_ibr-1_2.txt 0 1456240598 1456240598
ibr-41_ibr-1_3.txt 0 1456240599 1456240599
ibr-41_ibr-1_4.txt 0 1456240600 1456240600
ibr-41_ibr-16_1.txt 0 1456240599 1456240599
ibr-41_ibr-16_2.txt 0 1456240599 1456240599
ibr-41_ibr-16_3.txt 0 1456240599 1456240599
ibr-41_ibr-16_4.txt 0 1456240600 1456240600
ibr-41_ibr-16_5.txt 0 1456240599 1456240599
ibr-41_ibr-19_1.txt 0 1456240599 1456240599
ibr-41_ibr-21_1.txt 1024 1456240598 1456243519
ibr-41_ibr-21_2.txt 1024 1456240599 1456243519
ibr-41_ibr-21_3.txt 1024 1456240599 1456243519
ibr-41_ibr-21_4.txt 1024 1456240599 1456243519
ibr-41_ibr-21_5.txt 0 1456240600 1456240600
ibr-41_ibr-21_6.txt 0 1456240599 1456240599
ibr-41_ibr-21_7.txt 1024 1456240601 1456246899
ibr-41_ibr-21_8.txt 1024 1456240600 1456246899
ibr-41_ibr-25_1.txt 1024 1456240598 1456247010
ibr-41_ibr-30_1.txt 1024 1456240599 1456245753
ibr-41_ibr-31_1.txt 1024 1456240599 1456245483
ibr-41_ibr-31_2.txt 1024 1456240599 1456245483
ibr-41_ibr-31_3.txt 1024 1456240599 1456245483
ibr-41_ibr-36_1.txt 0 1456240599 1456240599
ibr-41_ibr-36_2.txt 0 1456240599 1456240599
ibr-41_ibr-36_3.txt 0 1456240599 1456240599
ibr-41_ibr-37_1.txt 1024 1456240598 1456245934
ibr-41_ibr-43_1.txt 1024 1456240598 1456242294
ibr-41_ibr-46_1.txt 0 1456240599 1456240599
ibr-41_ibr-46_2.txt 0 1456240599 1456240599
ibr-41_ibr-46_3.txt 0 1456240599 1456240599
ibr-41_ibr-46_4.txt 0 1456240598 1456240598
ibr-41_ibr-46_5.txt 0 1456240599 1456240599
ibr-41_ibr-46_6.txt 0 1456240599 1456240599
ibr-41_ibr-51_1.txt 0 1456240598 1456240598
ibr-41_ibr-51_2.txt 0 1456240599 1456240599
ibr-41_ibr-51_3.txt 0 1456240598 1456240598
ibr-41_ibr-51_4.txt 0 1456240598 1456240598
ibr-41_ibr-51_5.txt 0 1456240599 1456240599
ibr-41_ibr-56_1.txt 0 1456240599 1456240599
ibr-41_ibr-56_2.txt 0 1456240598 1456240598
ibr-41_ibr-56_3.txt 0 1456240599 1456240599
ibr-41_ibr-56_4.txt 0 1456240599 1456240599
ibr-41_ibr-56_5.txt 0 1456240600 1456240600
ibr-41_ibr-56_6.txt 0 1456240599 1456240599
ibr-41_ibr-56_7.txt 0 1456240599 1456240599
ibr-41_ibr-56_8.txt 0 1456240599 1456240599
ibr-41_ibr-6_1.txt 1024 1456240598 1456244322
ibr-41_ibr-6_2.txt 0 1456240600 1456240600
ibr-41_ibr-6_3.txt 0 1456240599 1456240599
ibr-41_ibr-6_4.txt 0 1456240599 1456240599
ibr-42_ibr-14_1.txt 1024 1456240598 1456241979
ibr-42_ibr-24_1.txt 1024 1456240598 1456242499
ibr-42_ibr-25_1.txt 1024 1456240598 1456242704
ibr-42_ibr-26_1.txt 1024 1456240599 1456244579
ibr-42_ibr-29_1.txt 1024 1456240598 1456243428
ibr-42_ibr-33_1.txt 1024 1456240598 1456243725
ibr-42_ibr-35_1.txt 1024 1456240598 1456242519
ibr-42_ibr-37_1.txt 1024 1456240598 1456246133
ibr-42_ibr-44_1.txt 1024 1456240598 1456241249
ibr-42_ibr-44_2.txt 1024 1456240598 1456242034
ibr-42_ibr-50_1.txt 1024 1456240599 1456243549
ibr-42_ibr-5_1.txt 0 1456240598 1456240598
ibr-43_ibr-12_1.txt 1024 1456240598 1456243969
ibr-43_ibr-19_1.txt 1024 1456240599 1456242945
ibr-43_ibr-28_1.txt 1024 1456240598 1456243033
ibr-43_ibr-4_1.txt 1024 1456240598 1456244044
ibr-43_ibr-42_1.txt 1024 1456240598 1456243523
ibr-43_ibr-48_1.txt 1024 1456240598 1456243809
ibr-43_ibr-55_1.txt 1024 1456240598 1456242309
ibr-43_ibr-7_1.txt 1024 1456240599 1456244464
ibr-44_ibr-12_1.txt 1024 1456240599 1456241509
ibr-44_ibr-15_1.txt 1024 1456240598 1456245049
ibr-44_ibr-19_1.txt 1024 1456240599 1456243402
ibr-44_ibr-21_1.txt 1024 1456240601 1456243851
ibr-44_ibr-23_1.txt 1024 1456240598 1456242499
ibr-44_ibr-27_1.txt 1024 1456240598 1456242569
ibr-44_ibr-35_1.txt 1024 1456240599 1456242739
ibr-44_ibr-36_1.txt 1024 1456240599 1456243477
ibr-44_ibr-39_1.txt 1024 1456240598 1456244250
ibr-44_ibr-4_1.txt 1024 1456240598 1456243653
ibr-44_ibr-4_2.txt 1024 1456240598 1456243653
ibr-44_ibr-51_1.txt 0 1456240599 1456240599
ibr-44_ibr-53_1.txt 1024 1456240598 1456243878
ibr-45_ibr-17_1.txt 1024 1456240598 1456244599
ibr-45_ibr-22_1.txt 1024 1456240598 1456244650
ibr-45_ibr-31_1.txt 1024 1456240600 1456242479
ibr-45_ibr-32_1.txt 1024 1456240598 1456242754
ibr-45_ibr-32_2.txt 1024 1456240599 1456243213
ibr-45_ibr-35_1.txt 1024 1456240598 1456242554
ibr-45_ibr-44_1.txt 1024 1456240598 1456242799
ibr-45_ibr-47_1.txt 1024 1456240598 1456243269
ibr-45_ibr-8_1.txt 1024 1456240598 1456242469
ibr-46_ibr-11_1.txt 1024 1456240597 1456243176
ibr-46_ibr-11_2.txt 1024 1456240599 1456243176
ibr-46_ibr-11_3.txt 1024 1456240599 1456244643
ibr-46_ibr-11_4.txt 1024 1456240599 1456244643
ibr-46_ibr-11_5.txt 1024 1456240599 1456244643
ibr-46_ibr-1_1.txt 0 1456240598 1456240598
ibr-46_ibr-1_2.txt 0 1456240599 1456240599
ibr-46_ibr-1_3.txt 0 1456240599 1456240599
ibr-46_ibr-1_4.txt 0 1456240599 1456240599
ibr-46_ibr-16_1.txt 0 1456240599 1456240599
ibr-46_ibr-16_2.txt 0 1456240601 1456240601
ibr-46_ibr-21_1.txt 0 1456240601 1456240601
ibr-46_ibr-21_2.txt 0 1456240599 1456240599
ibr-46_ibr-21_3.txt 0 1456240601 1456240601
ibr-46_ibr-21_4.txt 0 1456240599 1456240599
ibr-46_ibr-21_5.txt 0 1456240600 1456240600
ibr-46_ibr-21_6.txt 0 1456240600 1456240600
ibr-46_ibr-21_7.txt 0 1456240600 1456240600
ibr-46_ibr-26_1.txt 1024 1456240599 1456242719
ibr-46_ibr-26_2.txt 1024 1456240598 1456242719
ibr-46_ibr-26_3.txt 1024 1456240599 1456242719
ibr-46_ibr-26_4.txt 1024 1456240599 1456242719
ibr-46_ibr-26_5.txt 1024 1456240599 1456242719
ibr-46_ibr-26_6.txt 1024 1456240599 1456243841
ibr-46_ibr-26_7.txt 1024 1456240599 1456244784
ibr-46_ibr-30_1.txt 1024 1456240599 1456241950
ibr-46_ibr-31_1.txt 1024 1456240599 1456242607
ibr-46_ibr-31_2.txt 1024 1456240599 1456242607
ibr-46_ibr-31_3.txt 1024 1456240600 1456243990
ibr-46_ibr-31_4.txt 1024 1456240599 1456243990
ibr-46_ibr-31_5.txt 1024 1456240599 1456244565
ibr-46_ibr-36_10.txt 0 1456240599 1456240599
ibr-46_ibr-36_1.txt 0 1456240599 1456240599
ibr-46_ibr-36_2.txt 0 1456240599 1456240599
ibr-46_ibr-36_3.txt 0 1456240599 1456240599
ibr-46_ibr-36_4.txt 0 1456240599 1456240599
ibr-46_ibr-36_5.txt 0 1456240599 1456240599
ibr-46_ibr-36_6.txt 0 1456240599 1456240599
ibr-46_ibr-36_7.txt 0 1456240599 1456240599
ibr-46_ibr-36_8.txt 0 1456240599 1456240599
ibr-46_ibr-36_9.txt 0 1456240599 1456240599
ibr-46_ibr-39_1.txt 0 1456240598 1456240598
ibr-46_ibr-41_1.txt 1024 1456240599 1456242654
ibr-46_ibr-41_2.txt 1024 1456240599 1456242654
ibr-46_ibr-41_3.txt 1024 1456240600 1456242654
ibr-46_ibr-41_4.txt 1024 1456240599 1456244279
ibr-46_ibr-41_5.txt 1024 1456240600 1456244279
ibr-46_ibr-43_1.txt 1024 1456240598 1456245559
ibr-46_ibr-48_1.txt 1024 1456240598 1456241310
ibr-46_ibr-51_1.txt 1024 1456240598 1456243603
ibr-46_ibr-51_2.txt 1024 1456240599 1456243603
ibr-46_ibr-51_3.txt 1024 1456240598 1456243603
ibr-46_ibr-51_4.txt 1024 1456240599 1456243603
ibr-46_ibr-51_5.txt 1024 1456240599 1456243603
ibr-46_ibr-55_1.txt 1024 1456240598 1456242479
ibr-46_ibr-56_1.txt 0 1456240598 1456240598
ibr-46_ibr-56_2.txt 0 1456240600 1456240600
ibr-46_ibr-6_1.txt 1024 1456240598 1456242559
ibr-46_ibr-6_2.txt 1024 1456240599 1456245519
ibr-46_ibr-6_3.txt 1024 1456240600 1456245519
ibr-46_ibr-6_4.txt 1024 1456240599 1456246879
ibr-46_ibr-6_5.txt 1024 1456240600 1456245520
ibr-46_ibr-6_6.txt 1024 1456240600 1456245519
ibr-47_ibr-13_1.txt 1024 1456240598 1456244384
ibr-47_ibr-16_1.txt 1024 1456240600 1456244349
ibr-47_ibr-17_1.txt 1024 1456240598 1456242154
ibr-47_ibr-20_1.txt 1024 1456240598 1456242099
ibr-47_ibr-27_1.txt 1024 1456240598 1456241741
ibr-47_ibr-27_2.txt 1024 1456240598 1456243904
ibr-47_ibr-4_1.txt 1024 1456240597 1456244149
ibr-47_ibr-46_1.txt 1024 1456240599 1456242349
ibr-47_ibr-46_2.txt 1024 1456240599 1456243960
ibr-48_ibr-13_1.txt 1024 1456240598 1456242344
ibr-48_ibr-19_1.txt 1024 1456240600 1456243487
ibr-48_ibr-2_1.txt 1024 1456240597 1456243613
ibr-48_ibr-27_1.txt 1024 1456240598 1456243895
ibr-48_ibr-3_1.txt 1024 1456240598 1456244675
ibr-48_ibr-32_1.txt 1024 1456240599 1456243654
ibr-48_ibr-34_1.txt 1024 1456240598 1456244545
ibr-48_ibr-37_1.txt 1024 1456240598 1456242004
ibr-48_ibr-38_1.txt 1024 1456240598 1456242241
ibr-48_ibr-45_1.txt 1024 1456240598 1456244864
ibr-48_ibr-47_1.txt 1024 1456240598 1456242878
ibr-48_ibr-8_1.txt 1024 1456240598 1456244074
ibr-49_ibr-16_1.txt 1024 1456240600 1456245839
ibr-49_ibr-22_1.txt 1024 1456240598 1456242174
ibr-49_ibr-29_1.txt 1024 1456240598 1456242554
ibr-49_ibr-34_1.txt 1024 1456240598 1456243849
ibr-49_ibr-35_1.txt 1024 1456240599 1456243734
ibr-49_ibr-37_1.txt 1024 1456240598 1456242014
ibr-49_ibr-40_1.txt 0 1456240598 1456240598
ibr-49_ibr-5_1.txt 1024 1456240598 1456243128
ibr-49_ibr-52_1.txt 1024 1456240599 1456242639
ibr-49_ibr-53_1.txt 1024 1456240598 1456242725
ibr-49_ibr-54_1.txt 1024 1456240597 1456243563
ibr-4_ibr-15_1.txt 1024 1456240598 1456244774
ibr-4_ibr-26_1.txt 1024 1456240599 1456243054
ibr-4_ibr-38_1.txt 1024 1456240598 1456244095
ibr-4_ibr-40_1.txt 1024 1456240598 1456242204
ibr-4_ibr-42_1.txt 1024 1456240598 1456243799
ibr-4_ibr-56_1.txt 0 1456240600 1456240600
ibr-4_ibr-9_1.txt 1024 1456240598 1456243008
ibr-50_ibr-11_1.txt 1024 1456240598 1456242414
ibr-50_ibr-16_1.txt 1024 1456240600 1456245839
ibr-50_ibr-20_1.txt 1024 1456240598 1456243218
ibr-50_ibr-24_1.txt 1024 1456240598 1456243523
ibr-50_ibr-25_1.txt 1024 1456240598 1456242129
ibr-50_ibr-30_1.txt 1024 1456240599 1456244185
ibr-50_ibr-31_1.txt 1024 1456240599 1456242607
ibr-50_ibr-31_2.txt 1024 1456240599 1456243088
ibr-50_ibr-3_1.txt 1024 1456240598 1456242514
ibr-50_ibr-32_1.txt 1024 1456240599 1456244155
ibr-50_ibr-34_1.txt 1024 1456240598 1456244184
ibr-50_ibr-37_1.txt 1024 1456240598 1456243173
ibr-50_ibr-4_1.txt 1024 1456240599 1456243378
ibr-50_ibr-42_1.txt 1024 1456240598 1456241969
ibr-50_ibr-43_1.txt 1024 1456240598 1456243433
ibr-50_ibr-47_1.txt 1024 1456240600 1456241789
ibr-50_ibr-49_1.txt 1024 1456240598 1456243909
ibr-50_ibr-5_1.txt 1024 1456240598 1456244674
ibr-50_ibr-8_1.txt 1024 1456240598 1456244599
ibr-51_ibr-11_1.txt 1024 1456240598 1456243580
ibr-51_ibr-11_2.txt 1024 1456240599 1456243577
ibr-51_ibr-11_3.txt 1024 1456240599 1456243576
ibr-51_ibr-11_4.txt 1024 1456240599 1456243578
ibr-51_ibr-11_5.txt 1024 1456240599 1456243579
ibr-51_ibr-11_6.txt 1024 1456240599 1456243974
ibr-51_ibr-11_7.txt 1024 1456240599 1456244643
ibr-51_ibr-1_1.txt 0 1456240599 1456240599
ibr-51_ibr-1_2.txt 0 1456240599 1456240599
ibr-51_ibr-1_3.txt 0 1456240599 1456240599
ibr-51_ibr-1_4.txt 0 1456240599 1456240599
ibr-51_ibr-1_5.txt 0 1456240599 1456240599
ibr-51_ibr-16_1.txt 1024 1456240598 1456243298
ibr-51_ibr-16_2.txt 1024 1456240601 1456243298
ibr-51_ibr-16_3.txt 0 1456240599 1456240599
ibr-51_ibr-16_4.txt 0 1456240600 1456240600
ibr-51_ibr-16_5.txt 0 1456240599 1456240599
ibr-51_ibr-16_6.txt 0 1456240600 1456240600
ibr-51_ibr-16_7.txt 0 1456240600 1456240600
ibr-51_ibr-16_8.txt 0 1456240600 1456240600
ibr-51_ibr-17_1.txt 0 1456240598 1456240598
ibr-51_ibr-21_1.txt 0 1456240599 1456240599
ibr-51_ibr-21_2.txt 0 1456240600 1456240600
ibr-51_ibr-21_3.txt 0 1456240600 1456240600
ibr-51_ibr-21_4.txt 0 1456240599 1456240599
ibr-51_ibr-21_5.txt 0 1456240601 1456240601
ibr-51_ibr-21_6.txt 0 1456240600 1456240600
ibr-51_ibr-26_1.txt 1024 1456240598 1456243449
ibr-51_ibr-26_2.txt 1024 1456240599 1456243449
ibr-51_ibr-31_1.txt 1024 1456240600 1456241439
ibr-51_ibr-31_2.txt 1024 1456240600 1456241489
ibr-51_ibr-31_3.txt 1024 1456240599 1456241489
ibr-51_ibr-31_4.txt 1024 1456240598 1456242609
ibr-51_ibr-31_5.txt 1024 1456240600 1456242827
ibr-51_ibr-31_6.txt 1024 1456240599 1456242827
ibr-51_ibr-31_7.txt 1024 1456240599 1456243784
ibr-51_ibr-31_8.txt 1024 1456240600 1456243784
ibr-51_ibr-31_9.txt 1024 1456240599 1456243784
ibr-51_ibr-33_1.txt 1024 1456240598 1456244129
ibr-51_ibr-36_1.txt 1024 1456240599 1456243865
ibr-51_ibr-36_2.txt 1024 1456240599 1456243865
ibr-51_ibr-36_3.txt 1024 1456240599 1456243865
ibr-51_ibr-41_1.txt 1024 1456240599 1456244279
ibr-51_ibr-41_2.txt 1024 1456240599 1456244279
ibr-51_ibr-41_3.txt 1024 1456240599 1456244279
ibr-51_ibr-46_1.txt 1024 1456240599 1456242479
ibr-51_ibr-46_2.txt 1024 1456240599 1456244655
ibr-51_ibr-56_1.txt 0 1456240598 1456240598
ibr-51_ibr-56_2.txt 0 1456240598 1456240598
ibr-51_ibr-56_3.txt 0 1456240598 1456240598
ibr-51_ibr-56_4.txt 0 1456240599 1456240599
ibr-51_ibr-56_5.txt 0 1456240599 1456240599
ibr-51_ibr-6_1.txt 1024 1456240599 1456244999
ibr-51_ibr-6_2.txt 1024 1456240598 1456244999
ibr-51_ibr-6_3.txt 1024 1456240600 1456244999
ibr-51_ibr-6_4.txt 1024 1456240599 1456243955
ibr-51_ibr-6_5.txt 1024 1456240599 1456244999
ibr-51_ibr-6_6.txt 1024 1456240600 1456244999
ibr-51_ibr-6_7.txt 1024 1456240600 1456244999
ibr-51_ibr-7_1.txt 1024 1456240598 1456243934
ibr-52_ibr-14_1.txt 1024 1456240598 1456242933
ibr-52_ibr-19_1.txt 1024 1456240600 1456243393
ibr-52_ibr-24_1.txt 1024 1456240598 1456245109
ibr-52_ibr-36_1.txt 1024 1456240599 1456243508
ibr-52_ibr-51_1.txt 1024 1456240598 1456241704
ibr-52_ibr-54_1.txt 1024 1456240598 1456241264
ibr-53_ibr-15_1.txt 1024 1456240598 1456243919
ibr-53_ibr-2_1.txt 1024 1456240598 1456244274
ibr-53_ibr-24_1.txt 1024 1456240598 1456244049
ibr-53_ibr-26_1.txt 1024 1456240598 1456242019
ibr-53_ibr-35_1.txt 1024 1456240598 1456242972
ibr-53_ibr-36_1.txt 1024 1456240599 1456244805
ibr-53_ibr-43_1.txt 1024 1456240598 1456242134
ibr-53_ibr-45_1.txt 1024 1456240598 1456243243
ibr-53_ibr-47_1.txt 1024 1456240599 1456244035
ibr-53_ibr-51_1.txt 1024 1456240599 1456243398
ibr-53_ibr-6_1.txt 1024 1456240599 1456243955
ibr-54_ibr-10_1.txt 1024 1456240598 1456242026
ibr-54_ibr-12_1.txt 1024 1456240598 1456243453
ibr-54_ibr-25_1.txt 1024 1456240598 1456242694
ibr-54_ibr-25_2.txt 1024 1456240598 1456243914
ibr-54_ibr-30_1.txt 1024 1456240599 1456244439
ibr-54_ibr-3_1.txt 1024 1456240598 1456242424
ibr-54_ibr-32_1.txt 1024 1456240599 1456242434
ibr-54_ibr-40_1.txt 1024 1456240598 1456244515
ibr-54_ibr-47_1.txt 1024 1456240599 1456244370
ibr-54_ibr-52_1.txt 1024 1456240598 1456242589
ibr-54_ibr-53_1.txt 1024 1456240598 1456242444
ibr-55_ibr-28_1.txt 1024 1456240598 1456241894
ibr-55_ibr-29_1.txt 1024 1456240598 1456244757
ibr-55_ibr-30_1.txt 1024 1456240600 1456244405
ibr-55_ibr-36_1.txt 1024 1456240599 1456242062
ibr-55_ibr-37_1.txt 1024 1456240598 1456242009
ibr-55_ibr-41_1.txt 1024 1456240599 1456244279
ibr-55_ibr-52_1.txt 1024 1456240598 1456243138
ibr-55_ibr-54_1.txt 1024 1456240598 1456242828
ibr-56_ibr-13_1.txt 0 1456240598 1456240598
ibr-56_ibr-16_1.txt 0 1456240599 1456240599
ibr-56_ibr-16_2.txt 0 1456240599 1456240599
ibr-56_ibr-17_1.txt 0 1456240598 1456240598
ibr-56_ibr-25_1.txt 0 1456240598 1456240598
ibr-56_ibr-33_1.txt 0 1456240598 1456240598
ibr-56_ibr-41_1.txt 0 1456240600 1456240600
ibr-56_ibr-43_1.txt 0 1456240598 1456240598
ibr-56_ibr-46_1.txt 1024 1456240599 1456244655
ibr-56_ibr-48_1.txt 1024 1456240598 1456243093
ibr-56_ibr-51_1.txt 1024 1456240599 1456244230
ibr-56_ibr-54_1.txt 1024 1456240597 1456243428
ibr-5_ibr-13_1.txt 1024 1456240598 1456243996
ibr-5_ibr-14_1.txt 1024 1456240598 1456244395
ibr-5_ibr-19_1.txt 1024 1456240599 1456243133
ibr-5_ibr-23_1.txt 1024 1456240598 1456243074
ibr-5_ibr-23_2.txt 1024 1456240598 1456243684
ibr-5_ibr-32_1.txt 1024 1456240599 1456243113
ibr-5_ibr-36_1.txt 0 1456240599 1456240599
ibr-5_ibr-36_2.txt 1024 1456240599 1456245955
ibr-5_ibr-42_1.txt 1024 1456240598 1456242354
ibr-5_ibr-43_1.txt 1024 1456240598 1456241904
ibr-5_ibr-49_1.txt 1024 1456240598 1456241924
ibr-5_ibr-49_2.txt 1024 1456240598 1456242169
ibr-6_ibr-11_1.txt 1024 1456240599 1456242875
ibr-6_ibr-11_2.txt 1024 1456240599 1456242876
ibr-6_ibr-11_3.txt 1024 1456240599 1456243258
ibr-6_ibr-11_4.txt 1024 1456240599 1456243578
ibr-6_ibr-1_1.txt 1024 1456240599 1456243093
ibr-6_ibr-1_2.txt 1024 1456240599 1456243093
ibr-6_ibr-1_3.txt 1024 1456240598 1456243553
ibr-6_ibr-15_1.txt 1024 1456240598 1456242384
ibr-6_ibr-16_1.txt 0 1456240598 1456240598
ibr-6_ibr-16_2.txt 0 1456240599 1456240599
ibr-6_ibr-16_3.txt 0 1456240599 1456240599
ibr-6_ibr-16_4.txt 0 1456240600 1456240600
ibr-6_ibr-16_5.txt 0 1456240599 1456240599
ibr-6_ibr-16_6.txt 0 1456240599 1456240599
ibr-6_ibr-16_7.txt 0 1456240599 1456240599
ibr-6_ibr-16_8.txt 0 1456240599 1456240599
ibr-6_ibr-21_10.txt 1024 1456240600 1456244594
ibr-6_ibr-21_1.txt 1024 1456240599 1456242134
ibr-6_ibr-21_2.txt 1024 1456240599 1456242134
ibr-6_ibr-21_3.txt 1024 1456240600 1456244594
ibr-6_ibr-21_4.txt 1024 1456240600 1456243502
ibr-6_ibr-21_5.txt 1024 1456240600 1456243502
ibr-6_ibr-21_6.txt 1024 1456240600 1456243502
ibr-6_ibr-21_7.txt 1024 1456240600 1456243502
ibr-6_ibr-21_8.txt 1024 1456240600 1456244594
ibr-6_ibr-21_9.txt 1024 1456240600 1456244594
ibr-6_ibr-26_1.txt 1024 1456240599 1456242150
ibr-6_ibr-26_2.txt 1024 1456240599 1456242712
ibr-6_ibr-26_3.txt 1024 1456240599 1456243388
ibr-6_ibr-26_4.txt 1024 1456240599 1456245634
ibr-6_ibr-26_5.txt 1024 1456240599 1456245634
ibr-6_ibr-26_6.txt 1024 1456240599 1456245634
ibr-6_ibr-26_7.txt 1024 1456240599 1456245634
ibr-6_ibr-28_1.txt 1024 1456240598 1456242224
ibr-6_ibr-31_1.txt 1024 1456240599 1456244119
ibr-6_ibr-31_2.txt 1024 1456240600 1456244119
ibr-6_ibr-31_3.txt 1024 1456240599 1456244119
ibr-6_ibr-31_4.txt 1024 1456240599 1456244119
ibr-6_ibr-31_5.txt 1024 1456240599 1456244119
ibr-6_ibr-31_6.txt 1024 1456240600 1456245480
ibr-6_ibr-32_1.txt 1024 1456240598 1456242229
ibr-6_ibr-33_1.txt 1024 1456240598 1456242144
ibr-6_ibr-36_1.txt 1024 1456240599 1456242829
ibr-6_ibr-36_2.txt 1024 1456240599 1456244610
ibr-6_ibr-36_3.txt 1024 1456240599 1456244610
ibr-6_ibr-36_4.txt 1024 1456240599 1456244610
ibr-6_ibr-41_1.txt 0 1456240599 1456240599
ibr-6_ibr-41_2.txt 0 1456240599 1456240599
ibr-6_ibr-41_3.txt 0 1456240599 1456240599
ibr-6_ibr-41_4.txt 0 1456240599 1456240599
ibr-6_ibr-41_5.txt 0 1456240599 1456240599
ibr-6_ibr-41_6.txt 0 1456240599 1456240599
ibr-6_ibr-4_1.txt 1024 1456240598 1456242249
ibr-6_ibr-46_1.txt 1024 1456240599 1456243323
ibr-6_ibr-46_2.txt 1024 1456240599 1456243323
ibr-6_ibr-46_3.txt 1024 1456240599 1456243323
ibr-6_ibr-50_1.txt 1024 1456240598 1456242298
ibr-6_ibr-51_1.txt 0 1456240599 1456240599
ibr-6_ibr-51_2.txt 0 1456240599 1456240599
ibr-6_ibr-51_3.txt 0 1456240599 1456240599
ibr-6_ibr-51_4.txt 1024 1456240598 1456246863
ibr-6_ibr-51_5.txt 1024 1456240599 1456246863
ibr-6_ibr-51_6.txt 1024 1456240599 1456246863
ibr-6_ibr-56_1.txt 0 1456240599 1456240599
ibr-6_ibr-56_2.txt 0 1456240599 1456240599
ibr-6_ibr-56_3.txt 0 1456240599 1456240599
ibr-6_ibr-7_1.txt 1024 1456240598 1456243769
ibr-7_ibr-11_1.txt 1024 1456240599 1456242868
ibr-7_ibr-11_2.txt 1024 1456240599 1456244224
ibr-7_ibr-13_1.txt 1024 1456240598 1456242209
ibr-7_ibr-24_1.txt 1024 1456240598 1456242634
ibr-7_ibr-24_2.txt 1024 1456240598 1456242634
ibr-7_ibr-24_3.txt 1024 1456240598 1456244134
ibr-7_ibr-27_1.txt 1024 1456240598 1456242094
ibr-7_ibr-36_1.txt 1024 1456240599 1456242241
ibr-7_ibr-37_1.txt 1024 1456240598 1456243528
ibr-7_ibr-38_1.txt 1024 1456240598 1456242194
ibr-7_ibr-48_1.txt 1024 1456240598 1456243564
ibr-7_ibr-56_1.txt 0 1456240598 1456240598
ibr-7_ibr-6_1.txt 1024 1456240598 1456242264
ibr-7_ibr-8_1.txt 1024 1456240597 1456243028
ibr-8_ibr-10_1.txt 1024 1456240598 1456241141
ibr-8_ibr-13_1.txt 1024 1456240598 1456244384
ibr-8_ibr-20_1.txt 1024 1456240598 1456241634
ibr-8_ibr-30_1.txt 1024 1456240599 1456242214
ibr-8_ibr-30_2.txt 1024 1456240599 1456243368
ibr-8_ibr-31_1.txt 1024 1456240599 1456244060
ibr-8_ibr-36_1.txt 1024 1456240599 1456244144
ibr-8_ibr-47_1.txt 1024 1456240600 1456242764
ibr-8_ibr-48_1.txt 1024 1456240598 1456244309
ibr-8_ibr-53_1.txt 1024 1456240598 1456242609
ibr-8_ibr-7_1.txt 1024 1456240598 1456243874
ibr-8_ibr-7_2.txt 1024 1456240599 1456243874
ibr-9_ibr-10_1.txt 1024 1456240598 1456243623
ibr-9_ibr-15_1.txt 1024 1456240598 1456242762
ibr-9_ibr-16_1.txt 1024 1456240599 1456241834
ibr-9_ibr-18_1.txt 1024 1456240599 1456244129
ibr-9_ibr-22_1.txt 1024 1456240598 1456244675
ibr-9_ibr-25_1.txt 1024 1456240598 1456243368
ibr-9_ibr-33_1.txt 1024 1456240598 1456243824
ibr-9_ibr-37_1.txt 1024 1456240598 1456243904
ibr-9_ibr-43_1.txt 1024 1456240598 1456247189
ibr-9_ibr-45_1.txt 1024 1456240598 1456245289
ibr-9_ibr-49_1.txt 1024 1456240598 1456242137
ibr-9_ibr-49_2.txt 1024 1456240598 1456243218
ibr-9_ibr-56_1.txt 0 1456240599 1456240599
