# name size  create_time reach_time
ibr-10_ibr-22_1.txt 1024 1456104730 1456105790
ibr-10_ibr-23_1.txt 1024 1456104730 1456109005
ibr-10_ibr-24_1.txt 1024 1456104731 1456109115
ibr-10_ibr-28_1.txt 0 1456104730 1456104730
ibr-10_ibr-33_1.txt 1024 1456104730 1456108056
ibr-10_ibr-40_1.txt 0 1456104730 1456104730
ibr-10_ibr-41_1.txt 0 1456104731 1456104731
ibr-10_ibr-41_2.txt 1024 1456104731 1456109260
ibr-10_ibr-42_1.txt 0 1456104732 1456104732
ibr-10_ibr-49_1.txt 0 1456104730 1456104730
ibr-10_ibr-49_2.txt 1024 1456104731 1456108131
ibr-10_ibr-49_3.txt 1024 1456104731 1456108131
ibr-10_ibr-50_1.txt 0 1456104731 1456104731
ibr-10_ibr-50_2.txt 1024 1456104730 1456109166
ibr-10_ibr-53_1.txt 1024 1456104731 1456109150
ibr-11_ibr-1_1.txt 0 1456104731 1456104731
ibr-11_ibr-12_1.txt 0 1456104731 1456104731
ibr-11_ibr-1_2.txt 0 1456104731 1456104731
ibr-11_ibr-1_3.txt 1024 1456104731 1456110100
ibr-11_ibr-14_1.txt 0 1456104730 1456104730
ibr-11_ibr-1_4.txt 1024 1456104731 1456110100
ibr-11_ibr-1_5.txt 1024 1456104731 1456110006
ibr-11_ibr-16_1.txt 1024 1456104732 1456105635
ibr-11_ibr-16_2.txt 0 1456104731 1456104731
ibr-11_ibr-16_3.txt 0 1456104733 1456104733
ibr-11_ibr-16_4.txt 0 1456104732 1456104732
ibr-11_ibr-16_5.txt 0 1456104732 1456104732
ibr-11_ibr-16_6.txt 1024 1456104732 1456109425
ibr-11_ibr-1_6.txt 0 1456104731 1456104731
ibr-11_ibr-1_7.txt 0 1456104732 1456104732
ibr-11_ibr-21_1.txt 0 1456104732 1456104732
ibr-11_ibr-21_2.txt 0 1456104732 1456104732
ibr-11_ibr-21_3.txt 0 1456104732 1456104732
ibr-11_ibr-21_4.txt 0 1456104732 1456104732
ibr-11_ibr-21_5.txt 1024 1456104732 1456109824
ibr-11_ibr-21_6.txt 0 1456104732 1456104732
ibr-11_ibr-21_7.txt 0 1456104732 1456104732
ibr-11_ibr-21_8.txt 0 1456104732 1456104732
ibr-11_ibr-26_1.txt 1024 1456104732 1456105615
ibr-11_ibr-26_2.txt 1024 1456104732 1456105615
ibr-11_ibr-26_3.txt 0 1456104731 1456104731
ibr-11_ibr-26_4.txt 0 1456104731 1456104731
ibr-11_ibr-26_5.txt 0 1456104731 1456104731
ibr-11_ibr-26_6.txt 1024 1456104732 1456109455
ibr-11_ibr-26_7.txt 0 1456104732 1456104732
ibr-11_ibr-28_1.txt 0 1456104730 1456104730
ibr-11_ibr-29_1.txt 0 1456104731 1456104731
ibr-11_ibr-30_1.txt 0 1456104730 1456104730
ibr-11_ibr-31_1.txt 0 1456104731 1456104731
ibr-11_ibr-31_2.txt 0 1456104731 1456104731
ibr-11_ibr-31_3.txt 1024 1456104731 1456109543
ibr-11_ibr-31_4.txt 1024 1456104731 1456109650
ibr-11_ibr-36_1.txt 0 1456104732 1456104732
ibr-11_ibr-36_2.txt 0 1456104731 1456104731
ibr-11_ibr-36_3.txt 0 1456104732 1456104732
ibr-11_ibr-36_4.txt 1024 1456104732 1456109715
ibr-11_ibr-36_5.txt 0 1456104731 1456104731
ibr-11_ibr-40_1.txt 0 1456104730 1456104730
ibr-11_ibr-41_1.txt 1024 1456104733 1456105466
ibr-11_ibr-41_2.txt 1024 1456104731 1456105466
ibr-11_ibr-41_3.txt 0 1456104731 1456104731
ibr-11_ibr-41_4.txt 0 1456104731 1456104731
ibr-11_ibr-41_5.txt 0 1456104731 1456104731
ibr-11_ibr-41_6.txt 1024 1456104732 1456109793
ibr-11_ibr-41_7.txt 0 1456104732 1456104732
ibr-11_ibr-44_1.txt 1024 1456104730 1456109180
ibr-11_ibr-51_1.txt 1024 1456104731 1456105725
ibr-11_ibr-51_2.txt 1024 1456104731 1456105725
ibr-11_ibr-51_3.txt 0 1456104731 1456104731
ibr-11_ibr-51_4.txt 0 1456104731 1456104731
ibr-11_ibr-51_5.txt 1024 1456104732 1456109645
ibr-11_ibr-53_1.txt 0 1456104731 1456104731
ibr-11_ibr-55_1.txt 1024 1456104730 1456105640
ibr-11_ibr-56_1.txt 1024 1456104731 1456107195
ibr-11_ibr-56_2.txt 0 1456104732 1456104732
ibr-11_ibr-56_3.txt 0 1456104732 1456104732
ibr-11_ibr-56_4.txt 0 1456104732 1456104732
ibr-11_ibr-56_5.txt 0 1456104732 1456104732
ibr-11_ibr-56_6.txt 0 1456104732 1456104732
ibr-11_ibr-56_7.txt 0 1456104732 1456104732
ibr-11_ibr-6_1.txt 1024 1456104732 1456109265
ibr-11_ibr-6_2.txt 0 1456104732 1456104732
ibr-11_ibr-6_3.txt 1024 1456104731 1456109915
ibr-11_ibr-6_4.txt 0 1456104732 1456104732
ibr-12_ibr-17_1.txt 0 1456104731 1456104731
ibr-12_ibr-19_1.txt 1024 1456104730 1456109165
ibr-12_ibr-21_1.txt 1024 1456104732 1456109365
ibr-12_ibr-23_1.txt 1024 1456104731 1456109213
ibr-12_ibr-24_1.txt 0 1456104731 1456104731
ibr-12_ibr-25_1.txt 0 1456104730 1456104730
ibr-12_ibr-26_1.txt 0 1456104732 1456104732
ibr-12_ibr-56_1.txt 0 1456104732 1456104732
ibr-13_ibr-14_1.txt 0 1456104730 1456104730
ibr-13_ibr-22_1.txt 1024 1456104731 1456106597
ibr-13_ibr-28_1.txt 1024 1456104730 1456106110
ibr-13_ibr-29_1.txt 1024 1456104731 1456108925
ibr-13_ibr-30_1.txt 1024 1456104731 1456109220
ibr-13_ibr-36_1.txt 0 1456104731 1456104731
ibr-13_ibr-38_1.txt 1024 1456104730 1456105682
ibr-13_ibr-40_1.txt 1024 1456104730 1456106830
ibr-13_ibr-47_1.txt 1024 1456104732 1456109200
ibr-13_ibr-47_2.txt 1024 1456104731 1456109200
ibr-13_ibr-48_1.txt 1024 1456104731 1456107555
ibr-13_ibr-8_1.txt 1024 1456104730 1456106985
ibr-14_ibr-16_1.txt 0 1456104732 1456104732
ibr-14_ibr-29_1.txt 1024 1456104731 1456107225
ibr-14_ibr-29_2.txt 0 1456104731 1456104731
ibr-14_ibr-3_1.txt 1024 1456104730 1456106105
ibr-15_ibr-24_1.txt 1024 1456104730 1456109115
ibr-15_ibr-38_1.txt 1024 1456104730 1456107856
ibr-15_ibr-39_1.txt 0 1456104730 1456104730
ibr-15_ibr-43_1.txt 1024 1456104730 1456108050
ibr-15_ibr-49_1.txt 1024 1456104731 1456109180
ibr-15_ibr-5_1.txt 1024 1456104730 1456108076
ibr-15_ibr-55_1.txt 1024 1456104730 1456105646
ibr-15_ibr-6_1.txt 1024 1456104731 1456109055
ibr-16_ibr-11_1.txt 0 1456104731 1456104731
ibr-16_ibr-11_2.txt 0 1456104732 1456104732
ibr-16_ibr-1_1.txt 1024 1456104730 1456105660
ibr-16_ibr-12_1.txt 0 1456104730 1456104730
ibr-16_ibr-1_2.txt 0 1456104730 1456104730
ibr-16_ibr-1_3.txt 0 1456104731 1456104731
ibr-16_ibr-1_4.txt 0 1456104731 1456104731
ibr-16_ibr-15_1.txt 0 1456104730 1456104730
ibr-16_ibr-15_2.txt 0 1456104730 1456104730
ibr-16_ibr-1_5.txt 0 1456104732 1456104732
ibr-16_ibr-1_6.txt 0 1456104731 1456104731
ibr-16_ibr-1_7.txt 0 1456104733 1456104733
ibr-16_ibr-20_1.txt 0 1456104731 1456104731
ibr-16_ibr-21_1.txt 0 1456104731 1456104731
ibr-16_ibr-21_2.txt 0 1456104731 1456104731
ibr-16_ibr-21_3.txt 0 1456104732 1456104732
ibr-16_ibr-23_1.txt 1024 1456104731 1456107070
ibr-16_ibr-26_1.txt 0 1456104732 1456104732
ibr-16_ibr-26_2.txt 0 1456104732 1456104732
ibr-16_ibr-31_1.txt 1024 1456104732 1456109252
ibr-16_ibr-37_1.txt 0 1456104730 1456104730
ibr-16_ibr-40_1.txt 1024 1456104730 1456105351
ibr-16_ibr-41_10.txt 0 1456104732 1456104732
ibr-16_ibr-41_11.txt 0 1456104732 1456104732
ibr-16_ibr-41_1.txt 1024 1456104731 1456105766
ibr-16_ibr-41_2.txt 1024 1456104731 1456105766
ibr-16_ibr-41_3.txt 0 1456104731 1456104731
ibr-16_ibr-41_4.txt 0 1456104731 1456104731
ibr-16_ibr-41_5.txt 1024 1456104731 1456109465
ibr-16_ibr-41_6.txt 0 1456104731 1456104731
ibr-16_ibr-41_7.txt 0 1456104732 1456104732
ibr-16_ibr-41_8.txt 0 1456104731 1456104731
ibr-16_ibr-41_9.txt 0 1456104732 1456104732
ibr-16_ibr-44_1.txt 0 1456104730 1456104730
ibr-16_ibr-46_1.txt 0 1456104732 1456104732
ibr-16_ibr-46_2.txt 0 1456104732 1456104732
ibr-16_ibr-46_3.txt 1024 1456104732 1456109648
ibr-16_ibr-46_4.txt 0 1456104732 1456104732
ibr-16_ibr-46_5.txt 0 1456104731 1456104731
ibr-16_ibr-46_6.txt 1024 1456104731 1456109648
ibr-16_ibr-46_7.txt 0 1456104733 1456104733
ibr-16_ibr-51_1.txt 1024 1456104732 1456105705
ibr-16_ibr-51_2.txt 0 1456104731 1456104731
ibr-16_ibr-51_3.txt 0 1456104731 1456104731
ibr-16_ibr-51_4.txt 1024 1456104732 1456109645
ibr-16_ibr-51_5.txt 0 1456104732 1456104732
ibr-16_ibr-51_6.txt 1024 1456104731 1456109565
ibr-16_ibr-51_7.txt 0 1456104732 1456104732
ibr-16_ibr-54_1.txt 0 1456104731 1456104731
ibr-16_ibr-56_1.txt 1024 1456104731 1456105846
ibr-16_ibr-56_2.txt 1024 1456104731 1456105846
ibr-16_ibr-56_3.txt 0 1456104731 1456104731
ibr-16_ibr-56_4.txt 0 1456104731 1456104731
ibr-16_ibr-56_5.txt 0 1456104731 1456104731
ibr-16_ibr-6_10.txt 0 1456104732 1456104732
ibr-16_ibr-6_11.txt 0 1456104732 1456104732
ibr-16_ibr-6_12.txt 0 1456104733 1456104733
ibr-16_ibr-6_1.txt 1024 1456104731 1456105571
ibr-16_ibr-6_2.txt 0 1456104731 1456104731
ibr-16_ibr-6_3.txt 0 1456104731 1456104731
ibr-16_ibr-6_4.txt 0 1456104731 1456104731
ibr-16_ibr-6_5.txt 1024 1456104731 1456109235
ibr-16_ibr-6_6.txt 0 1456104732 1456104732
ibr-16_ibr-6_7.txt 0 1456104731 1456104731
ibr-16_ibr-6_8.txt 0 1456104732 1456104732
ibr-16_ibr-6_9.txt 0 1456104732 1456104732
ibr-16_ibr-7_1.txt 0 1456104730 1456104730
ibr-16_ibr-7_2.txt 0 1456104730 1456104730
ibr-16_ibr-8_1.txt 0 1456104730 1456104730
ibr-17_ibr-10_1.txt 0 1456104730 1456104730
ibr-17_ibr-11_1.txt 1024 1456104731 1456108550
ibr-17_ibr-12_1.txt 1024 1456104730 1456108550
ibr-17_ibr-19_1.txt 1024 1456104730 1456108360
ibr-17_ibr-2_1.txt 1024 1456104730 1456108745
ibr-17_ibr-26_1.txt 1024 1456104732 1456109515
ibr-17_ibr-28_1.txt 0 1456104730 1456104730
ibr-17_ibr-30_1.txt 1024 1456104730 1456109220
ibr-17_ibr-3_1.txt 0 1456104730 1456104730
ibr-17_ibr-50_1.txt 1024 1456104731 1456106645
ibr-17_ibr-50_2.txt 1024 1456104731 1456106645
ibr-17_ibr-7_1.txt 1024 1456104732 1456108006
ibr-18_ibr-15_1.txt 1024 1456104731 1456107155
ibr-18_ibr-19_1.txt 1024 1456104730 1456106430
ibr-18_ibr-21_1.txt 0 1456104731 1456104731
ibr-18_ibr-2_1.txt 0 1456104730 1456104730
ibr-18_ibr-24_1.txt 1024 1456104731 1456108610
ibr-18_ibr-36_1.txt 0 1456104732 1456104732
ibr-18_ibr-39_1.txt 0 1456104731 1456104731
ibr-18_ibr-4_1.txt 0 1456104730 1456104730
ibr-18_ibr-51_1.txt 0 1456104731 1456104731
ibr-18_ibr-53_1.txt 0 1456104730 1456104730
ibr-18_ibr-54_1.txt 1024 1456104731 1456108621
ibr-18_ibr-7_1.txt 0 1456104730 1456104730
ibr-19_ibr-12_1.txt 0 1456104731 1456104731
ibr-19_ibr-18_1.txt 0 1456104730 1456104730
ibr-19_ibr-22_1.txt 0 1456104730 1456104730
ibr-19_ibr-30_1.txt 1024 1456104731 1456107476
ibr-19_ibr-35_1.txt 1024 1456104731 1456109005
ibr-19_ibr-40_1.txt 0 1456104730 1456104730
ibr-19_ibr-44_1.txt 1024 1456104730 1456108201
ibr-19_ibr-44_2.txt 1024 1456104730 1456108201
ibr-19_ibr-46_1.txt 0 1456104732 1456104732
ibr-19_ibr-47_1.txt 0 1456104731 1456104731
ibr-19_ibr-55_1.txt 1024 1456104730 1456109070
ibr-19_ibr-9_1.txt 0 1456104730 1456104730
ibr-1_ibr-11_1.txt 1024 1456104731 1456105416
ibr-1_ibr-11_2.txt 1024 1456104731 1456105593
ibr-1_ibr-11_3.txt 1024 1456104732 1456109046
ibr-1_ibr-11_4.txt 0 1456104732 1456104732
ibr-1_ibr-11_5.txt 0 1456104732 1456104732
ibr-1_ibr-11_6.txt 0 1456104731 1456104731
ibr-1_ibr-11_7.txt 0 1456104731 1456104731
ibr-1_ibr-16_1.txt 0 1456104732 1456104732
ibr-1_ibr-16_2.txt 1024 1456104732 1456109095
ibr-1_ibr-16_3.txt 1024 1456104732 1456109095
ibr-1_ibr-16_4.txt 0 1456104732 1456104732
ibr-1_ibr-16_5.txt 0 1456104732 1456104732
ibr-1_ibr-21_1.txt 0 1456104731 1456104731
ibr-1_ibr-21_2.txt 0 1456104733 1456104733
ibr-1_ibr-21_3.txt 0 1456104732 1456104732
ibr-1_ibr-26_1.txt 0 1456104731 1456104731
ibr-1_ibr-26_2.txt 0 1456104731 1456104731
ibr-1_ibr-26_3.txt 0 1456104733 1456104733
ibr-1_ibr-26_4.txt 0 1456104732 1456104732
ibr-1_ibr-31_1.txt 0 1456104731 1456104731
ibr-1_ibr-31_2.txt 0 1456104732 1456104732
ibr-1_ibr-36_1.txt 1024 1456104731 1456105539
ibr-1_ibr-36_2.txt 1024 1456104731 1456109095
ibr-1_ibr-36_3.txt 0 1456104731 1456104731
ibr-1_ibr-36_4.txt 0 1456104732 1456104732
ibr-1_ibr-41_1.txt 0 1456104731 1456104731
ibr-1_ibr-41_2.txt 0 1456104732 1456104732
ibr-1_ibr-41_3.txt 0 1456104732 1456104732
ibr-1_ibr-46_1.txt 1024 1456104732 1456106375
ibr-1_ibr-46_2.txt 0 1456104731 1456104731
ibr-1_ibr-46_3.txt 0 1456104731 1456104731
ibr-1_ibr-46_4.txt 0 1456104732 1456104732
ibr-1_ibr-51_1.txt 0 1456104731 1456104731
ibr-1_ibr-51_2.txt 0 1456104732 1456104732
ibr-1_ibr-56_1.txt 1024 1456104732 1456107195
ibr-1_ibr-56_2.txt 0 1456104732 1456104732
ibr-1_ibr-56_3.txt 0 1456104731 1456104731
ibr-1_ibr-56_4.txt 0 1456104731 1456104731
ibr-1_ibr-56_5.txt 0 1456104732 1456104732
ibr-1_ibr-56_6.txt 0 1456104732 1456104732
ibr-1_ibr-56_7.txt 0 1456104732 1456104732
ibr-1_ibr-6_1.txt 1024 1456104731 1456105806
ibr-1_ibr-6_2.txt 0 1456104731 1456104731
ibr-1_ibr-6_3.txt 0 1456104731 1456104731
ibr-1_ibr-6_4.txt 0 1456104732 1456104732
ibr-1_ibr-6_5.txt 0 1456104731 1456104731
ibr-1_ibr-6_6.txt 0 1456104732 1456104732
ibr-1_ibr-6_7.txt 0 1456104731 1456104731
ibr-20_ibr-10_1.txt 1024 1456104730 1456107776
ibr-20_ibr-15_1.txt 1024 1456104730 1456105936
ibr-20_ibr-17_1.txt 1024 1456104730 1456106005
ibr-20_ibr-17_2.txt 1024 1456104732 1456108930
ibr-20_ibr-23_1.txt 1024 1456104731 1456107060
ibr-20_ibr-28_1.txt 0 1456104730 1456104730
ibr-20_ibr-31_1.txt 0 1456104732 1456104732
ibr-20_ibr-3_1.txt 1024 1456104730 1456109630
ibr-20_ibr-34_1.txt 0 1456104732 1456104732
ibr-20_ibr-4_1.txt 1024 1456104731 1456105825
ibr-20_ibr-47_1.txt 1024 1456104730 1456108305
ibr-20_ibr-47_2.txt 1024 1456104731 1456108305
ibr-20_ibr-50_1.txt 1024 1456104730 1456106075
ibr-20_ibr-52_1.txt 0 1456104731 1456104731
ibr-20_ibr-55_1.txt 0 1456104730 1456104730
ibr-20_ibr-56_1.txt 0 1456104732 1456104732
ibr-21_ibr-11_1.txt 1024 1456104731 1456107871
ibr-21_ibr-11_2.txt 0 1456104731 1456104731
ibr-21_ibr-11_3.txt 0 1456104732 1456104732
ibr-21_ibr-11_4.txt 0 1456104731 1456104731
ibr-21_ibr-1_1.txt 1024 1456104731 1456105727
ibr-21_ibr-1_2.txt 0 1456104731 1456104731
ibr-21_ibr-1_3.txt 0 1456104731 1456104731
ibr-21_ibr-14_1.txt 0 1456104731 1456104731
ibr-21_ibr-1_4.txt 0 1456104732 1456104732
ibr-21_ibr-1_5.txt 0 1456104732 1456104732
ibr-21_ibr-16_1.txt 0 1456104732 1456104732
ibr-21_ibr-16_2.txt 0 1456104732 1456104732
ibr-21_ibr-16_3.txt 0 1456104732 1456104732
ibr-21_ibr-16_4.txt 0 1456104732 1456104732
ibr-21_ibr-16_5.txt 0 1456104732 1456104732
ibr-21_ibr-16_6.txt 0 1456104731 1456104731
ibr-21_ibr-16_7.txt 0 1456104732 1456104732
ibr-21_ibr-16_8.txt 0 1456104732 1456104732
ibr-21_ibr-16_9.txt 0 1456104732 1456104732
ibr-21_ibr-1_6.txt 0 1456104731 1456104731
ibr-21_ibr-18_1.txt 0 1456104730 1456104730
ibr-21_ibr-26_1.txt 0 1456104732 1456104732
ibr-21_ibr-26_2.txt 0 1456104731 1456104731
ibr-21_ibr-26_3.txt 0 1456104732 1456104732
ibr-21_ibr-26_4.txt 0 1456104732 1456104732
ibr-21_ibr-31_1.txt 1024 1456104731 1456105821
ibr-21_ibr-31_2.txt 0 1456104731 1456104731
ibr-21_ibr-31_3.txt 0 1456104731 1456104731
ibr-21_ibr-31_4.txt 0 1456104731 1456104731
ibr-21_ibr-31_5.txt 0 1456104731 1456104731
ibr-21_ibr-31_6.txt 0 1456104732 1456104732
ibr-21_ibr-31_7.txt 0 1456104732 1456104732
ibr-21_ibr-34_1.txt 0 1456104731 1456104731
ibr-21_ibr-36_1.txt 0 1456104732 1456104732
ibr-21_ibr-36_2.txt 0 1456104731 1456104731
ibr-21_ibr-36_3.txt 0 1456104731 1456104731
ibr-21_ibr-36_4.txt 0 1456104731 1456104731
ibr-21_ibr-36_5.txt 0 1456104732 1456104732
ibr-21_ibr-36_6.txt 0 1456104731 1456104731
ibr-21_ibr-36_7.txt 0 1456104731 1456104731
ibr-21_ibr-39_1.txt 0 1456104731 1456104731
ibr-21_ibr-41_1.txt 0 1456104732 1456104732
ibr-21_ibr-41_2.txt 0 1456104731 1456104731
ibr-21_ibr-41_3.txt 0 1456104731 1456104731
ibr-21_ibr-41_4.txt 0 1456104732 1456104732
ibr-21_ibr-41_5.txt 0 1456104733 1456104733
ibr-21_ibr-46_1.txt 1024 1456104731 1456106040
ibr-21_ibr-46_2.txt 0 1456104732 1456104732
ibr-21_ibr-46_3.txt 0 1456104732 1456104732
ibr-21_ibr-46_4.txt 0 1456104731 1456104731
ibr-21_ibr-46_5.txt 0 1456104731 1456104731
ibr-21_ibr-46_6.txt 0 1456104732 1456104732
ibr-21_ibr-46_7.txt 0 1456104733 1456104733
ibr-21_ibr-47_1.txt 1024 1456104730 1456105400
ibr-21_ibr-51_1.txt 1024 1456104732 1456109235
ibr-21_ibr-51_2.txt 0 1456104731 1456104731
ibr-21_ibr-51_3.txt 0 1456104731 1456104731
ibr-21_ibr-5_1.txt 0 1456104730 1456104730
ibr-21_ibr-55_1.txt 0 1456104730 1456104730
ibr-21_ibr-56_1.txt 1024 1456104731 1456105641
ibr-21_ibr-56_2.txt 1024 1456104731 1456107195
ibr-21_ibr-56_3.txt 0 1456104731 1456104731
ibr-21_ibr-56_4.txt 0 1456104732 1456104732
ibr-21_ibr-56_5.txt 0 1456104732 1456104732
ibr-21_ibr-56_6.txt 0 1456104732 1456104732
ibr-21_ibr-6_1.txt 1024 1456104731 1456105428
ibr-21_ibr-6_2.txt 1024 1456104731 1456105571
ibr-21_ibr-6_3.txt 0 1456104732 1456104732
ibr-21_ibr-6_4.txt 0 1456104731 1456104731
ibr-21_ibr-6_5.txt 0 1456104732 1456104732
ibr-21_ibr-8_1.txt 1024 1456104730 1456105431
ibr-22_ibr-15_1.txt 0 1456104730 1456104730
ibr-22_ibr-19_1.txt 1024 1456104730 1456109337
ibr-22_ibr-2_1.txt 0 1456104730 1456104730
ibr-22_ibr-24_1.txt 1024 1456104731 1456107340
ibr-22_ibr-25_1.txt 1024 1456104732 1456108211
ibr-22_ibr-35_1.txt 1024 1456104730 1456107675
ibr-22_ibr-40_1.txt 1024 1456104730 1456105861
ibr-22_ibr-40_2.txt 1024 1456104731 1456109486
ibr-22_ibr-4_1.txt 1024 1456104730 1456108116
ibr-22_ibr-47_1.txt 1024 1456104731 1456109200
ibr-22_ibr-49_1.txt 1024 1456104731 1456109051
ibr-22_ibr-52_1.txt 1024 1456104730 1456109540
ibr-22_ibr-9_1.txt 1024 1456104730 1456105571
ibr-23_ibr-16_1.txt 1024 1456104730 1456105500
ibr-23_ibr-19_1.txt 1024 1456104731 1456106921
ibr-23_ibr-21_1.txt 0 1456104731 1456104731
ibr-23_ibr-25_1.txt 1024 1456104730 1456106560
ibr-23_ibr-30_1.txt 1024 1456104731 1456109270
ibr-23_ibr-31_1.txt 1024 1456104732 1456107415
ibr-23_ibr-31_2.txt 1024 1456104732 1456109376
ibr-23_ibr-34_1.txt 1024 1456104730 1456105676
ibr-23_ibr-44_1.txt 1024 1456104730 1456107375
ibr-23_ibr-47_1.txt 1024 1456104730 1456106851
ibr-23_ibr-49_1.txt 1024 1456104731 1456109386
ibr-23_ibr-51_1.txt 0 1456104732 1456104732
ibr-23_ibr-52_1.txt 1024 1456104730 1456107481
ibr-24_ibr-16_1.txt 1024 1456104732 1456108600
ibr-24_ibr-22_1.txt 0 1456104730 1456104730
ibr-24_ibr-26_1.txt 1024 1456104732 1456105534
ibr-24_ibr-32_1.txt 1024 1456104730 1456107701
ibr-24_ibr-36_1.txt 1024 1456104732 1456105851
ibr-24_ibr-38_1.txt 1024 1456104730 1456107300
ibr-24_ibr-41_1.txt 1024 1456104732 1456109535
ibr-24_ibr-41_2.txt 1024 1456104732 1456109535
ibr-24_ibr-4_1.txt 1024 1456104731 1456108185
ibr-24_ibr-9_1.txt 0 1456104730 1456104730
ibr-25_ibr-13_1.txt 1024 1456104730 1456109625
ibr-25_ibr-23_1.txt 0 1456104731 1456104731
ibr-25_ibr-24_1.txt 0 1456104731 1456104731
ibr-25_ibr-29_1.txt 1024 1456104730 1456105590
ibr-25_ibr-29_2.txt 1024 1456104730 1456106420
ibr-25_ibr-40_1.txt 0 1456104731 1456104731
ibr-25_ibr-42_1.txt 1024 1456104731 1456108815
ibr-25_ibr-53_1.txt 1024 1456104731 1456106230
ibr-25_ibr-53_2.txt 1024 1456104730 1456106665
ibr-25_ibr-53_3.txt 1024 1456104730 1456108000
ibr-25_ibr-54_1.txt 1024 1456104731 1456106825
ibr-25_ibr-55_1.txt 1024 1456104730 1456109405
ibr-25_ibr-55_2.txt 1024 1456104731 1456109405
ibr-25_ibr-56_1.txt 0 1456104731 1456104731
ibr-25_ibr-56_2.txt 0 1456104732 1456104732
ibr-25_ibr-6_1.txt 1024 1456104731 1456106580
ibr-25_ibr-7_1.txt 1024 1456104730 1456107550
ibr-26_ibr-11_1.txt 0 1456104731 1456104731
ibr-26_ibr-11_2.txt 0 1456104731 1456104731
ibr-26_ibr-11_3.txt 0 1456104732 1456104732
ibr-26_ibr-11_4.txt 0 1456104732 1456104732
ibr-26_ibr-11_5.txt 0 1456104732 1456104732
ibr-26_ibr-1_1.txt 0 1456104731 1456104731
ibr-26_ibr-16_1.txt 1024 1456104732 1456109237
ibr-26_ibr-16_2.txt 0 1456104731 1456104731
ibr-26_ibr-16_3.txt 0 1456104733 1456104733
ibr-26_ibr-16_4.txt 0 1456104732 1456104732
ibr-26_ibr-16_5.txt 0 1456104733 1456104733
ibr-26_ibr-16_6.txt 0 1456104732 1456104732
ibr-26_ibr-16_7.txt 0 1456104732 1456104732
ibr-26_ibr-16_8.txt 0 1456104732 1456104732
ibr-26_ibr-17_1.txt 0 1456104730 1456104730
ibr-26_ibr-19_1.txt 0 1456104730 1456104730
ibr-26_ibr-20_1.txt 0 1456104731 1456104731
ibr-26_ibr-21_1.txt 0 1456104731 1456104731
ibr-26_ibr-21_2.txt 1024 1456104732 1456109365
ibr-26_ibr-21_3.txt 1024 1456104733 1456109365
ibr-26_ibr-21_4.txt 0 1456104731 1456104731
ibr-26_ibr-21_5.txt 0 1456104732 1456104732
ibr-26_ibr-21_6.txt 0 1456104732 1456104732
ibr-26_ibr-21_7.txt 0 1456104732 1456104732
ibr-26_ibr-23_1.txt 0 1456104731 1456104731
ibr-26_ibr-31_1.txt 0 1456104731 1456104731
ibr-26_ibr-31_2.txt 1024 1456104731 1456108945
ibr-26_ibr-31_3.txt 1024 1456104732 1456109322
ibr-26_ibr-31_4.txt 1024 1456104731 1456109322
ibr-26_ibr-31_5.txt 0 1456104732 1456104732
ibr-26_ibr-31_6.txt 0 1456104732 1456104732
ibr-26_ibr-35_1.txt 1024 1456104730 1456106445
ibr-26_ibr-36_1.txt 0 1456104731 1456104731
ibr-26_ibr-36_2.txt 0 1456104732 1456104732
ibr-26_ibr-36_3.txt 0 1456104731 1456104731
ibr-26_ibr-36_4.txt 0 1456104731 1456104731
ibr-26_ibr-37_1.txt 1024 1456104730 1456108121
ibr-26_ibr-41_1.txt 1024 1456104730 1456105766
ibr-26_ibr-41_2.txt 1024 1456104730 1456105766
ibr-26_ibr-41_3.txt 1024 1456104732 1456105766
ibr-26_ibr-41_4.txt 0 1456104731 1456104731
ibr-26_ibr-41_5.txt 0 1456104732 1456104732
ibr-26_ibr-41_6.txt 0 1456104732 1456104732
ibr-26_ibr-41_7.txt 0 1456104731 1456104731
ibr-26_ibr-41_8.txt 0 1456104731 1456104731
ibr-26_ibr-42_1.txt 0 1456104731 1456104731
ibr-26_ibr-46_1.txt 0 1456104732 1456104732
ibr-26_ibr-46_2.txt 0 1456104731 1456104731
ibr-26_ibr-46_3.txt 0 1456104732 1456104732
ibr-26_ibr-46_4.txt 0 1456104732 1456104732
ibr-26_ibr-47_1.txt 0 1456104730 1456104730
ibr-26_ibr-48_1.txt 1024 1456104731 1456107911
ibr-26_ibr-51_1.txt 0 1456104731 1456104731
ibr-26_ibr-51_2.txt 1024 1456104732 1456110011
ibr-26_ibr-51_3.txt 1024 1456104732 1456110530
ibr-26_ibr-51_4.txt 0 1456104731 1456104731
ibr-26_ibr-51_5.txt 0 1456104731 1456104731
ibr-26_ibr-51_6.txt 1024 1456104731 1456109686
ibr-26_ibr-52_1.txt 0 1456104731 1456104731
ibr-26_ibr-52_2.txt 0 1456104730 1456104730
ibr-26_ibr-53_1.txt 0 1456104731 1456104731
ibr-26_ibr-56_1.txt 1024 1456104731 1456108595
ibr-26_ibr-56_2.txt 0 1456104732 1456104732
ibr-26_ibr-56_3.txt 0 1456104732 1456104732
ibr-26_ibr-6_1.txt 0 1456104732 1456104732
ibr-26_ibr-6_2.txt 1024 1456104731 1456109165
ibr-26_ibr-6_3.txt 0 1456104731 1456104731
ibr-26_ibr-6_4.txt 0 1456104732 1456104732
ibr-26_ibr-6_5.txt 1024 1456104733 1456109720
ibr-26_ibr-6_6.txt 0 1456104733 1456104733
ibr-26_ibr-8_1.txt 1024 1456104730 1456105926
ibr-27_ibr-16_1.txt 0 1456104731 1456104731
ibr-27_ibr-33_1.txt 0 1456104730 1456104730
ibr-27_ibr-33_2.txt 1024 1456104731 1456108895
ibr-27_ibr-37_1.txt 1024 1456104730 1456108121
ibr-27_ibr-47_1.txt 1024 1456104731 1456106840
ibr-27_ibr-51_1.txt 1024 1456104732 1456110011
ibr-28_ibr-10_1.txt 0 1456104730 1456104730
ibr-28_ibr-17_1.txt 1024 1456104730 1456106390
ibr-28_ibr-18_1.txt 1024 1456104730 1456108291
ibr-28_ibr-27_1.txt 0 1456104730 1456104730
ibr-28_ibr-3_1.txt 1024 1456104730 1456106800
ibr-28_ibr-34_1.txt 0 1456104730 1456104730
ibr-28_ibr-4_1.txt 0 1456104730 1456104730
ibr-28_ibr-42_1.txt 1024 1456104731 1456106295
ibr-28_ibr-42_2.txt 1024 1456104731 1456109505
ibr-28_ibr-48_1.txt 1024 1456104731 1456108725
ibr-28_ibr-51_1.txt 0 1456104732 1456104732
ibr-28_ibr-56_1.txt 1024 1456104732 1456109310
ibr-28_ibr-9_1.txt 0 1456104730 1456104730
ibr-29_ibr-20_1.txt 1024 1456104730 1456110605
ibr-29_ibr-2_1.txt 1024 1456104730 1456107485
ibr-29_ibr-39_1.txt 1024 1456104731 1456109550
ibr-29_ibr-47_1.txt 1024 1456104731 1456107345
ibr-29_ibr-5_1.txt 1024 1456104730 1456106490
ibr-29_ibr-52_1.txt 1024 1456104730 1456106505
ibr-29_ibr-52_2.txt 1024 1456104730 1456106720
ibr-2_ibr-14_1.txt 0 1456104731 1456104731
ibr-2_ibr-29_1.txt 1024 1456104730 1456107485
ibr-2_ibr-30_1.txt 1024 1456104730 1456107795
ibr-2_ibr-42_1.txt 0 1456104731 1456104731
ibr-2_ibr-48_1.txt 1024 1456104731 1456109295
ibr-2_ibr-48_2.txt 1024 1456104731 1456109255
ibr-2_ibr-50_1.txt 1024 1456104731 1456106190
ibr-2_ibr-53_1.txt 1024 1456104731 1456108810
ibr-2_ibr-54_1.txt 1024 1456104730 1456106192
ibr-2_ibr-7_1.txt 1024 1456104730 1456108910
ibr-2_ibr-7_2.txt 1024 1456104730 1456108910
ibr-30_ibr-17_1.txt 1024 1456104730 1456108535
ibr-30_ibr-18_1.txt 1024 1456104731 1456105506
ibr-30_ibr-24_1.txt 1024 1456104730 1456108190
ibr-30_ibr-36_1.txt 1024 1456104731 1456109170
ibr-30_ibr-40_1.txt 0 1456104731 1456104731
ibr-30_ibr-41_1.txt 1024 1456104732 1456110529
ibr-30_ibr-44_1.txt 1024 1456104730 1456107320
ibr-30_ibr-45_1.txt 1024 1456104730 1456107692
ibr-30_ibr-50_1.txt 1024 1456104731 1456107321
ibr-30_ibr-50_2.txt 1024 1456104731 1456108320
ibr-31_ibr-11_1.txt 0 1456104732 1456104732
ibr-31_ibr-11_2.txt 1024 1456104732 1456109852
ibr-31_ibr-11_3.txt 0 1456104731 1456104731
ibr-31_ibr-11_4.txt 0 1456104731 1456104731
ibr-31_ibr-1_1.txt 1024 1456104731 1456105471
ibr-31_ibr-1_2.txt 0 1456104731 1456104731
ibr-31_ibr-1_3.txt 0 1456104731 1456104731
ibr-31_ibr-1_4.txt 0 1456104731 1456104731
ibr-31_ibr-1_5.txt 0 1456104732 1456104732
ibr-31_ibr-16_1.txt 0 1456104731 1456104731
ibr-31_ibr-16_2.txt 1024 1456104732 1456109612
ibr-31_ibr-16_3.txt 0 1456104732 1456104732
ibr-31_ibr-20_1.txt 0 1456104731 1456104731
ibr-31_ibr-20_2.txt 0 1456104731 1456104731
ibr-31_ibr-21_1.txt 0 1456104731 1456104731
ibr-31_ibr-21_2.txt 0 1456104731 1456104731
ibr-31_ibr-21_3.txt 0 1456104732 1456104732
ibr-31_ibr-21_4.txt 0 1456104732 1456104732
ibr-31_ibr-26_1.txt 0 1456104732 1456104732
ibr-31_ibr-26_2.txt 0 1456104731 1456104731
ibr-31_ibr-26_3.txt 0 1456104732 1456104732
ibr-31_ibr-26_4.txt 0 1456104731 1456104731
ibr-31_ibr-26_5.txt 0 1456104732 1456104732
ibr-31_ibr-26_6.txt 0 1456104732 1456104732
ibr-31_ibr-26_7.txt 0 1456104732 1456104732
ibr-31_ibr-26_8.txt 0 1456104732 1456104732
ibr-31_ibr-26_9.txt 0 1456104733 1456104733
ibr-31_ibr-33_1.txt 1024 1456104731 1456105406
ibr-31_ibr-34_1.txt 1024 1456104730 1456105733
ibr-31_ibr-35_1.txt 0 1456104730 1456104730
ibr-31_ibr-36_1.txt 0 1456104733 1456104733
ibr-31_ibr-36_2.txt 0 1456104731 1456104731
ibr-31_ibr-36_3.txt 0 1456104732 1456104732
ibr-31_ibr-36_4.txt 0 1456104732 1456104732
ibr-31_ibr-36_5.txt 0 1456104732 1456104732
ibr-31_ibr-36_6.txt 0 1456104732 1456104732
ibr-31_ibr-38_1.txt 0 1456104730 1456104730
ibr-31_ibr-41_10.txt 0 1456104732 1456104732
ibr-31_ibr-41_1.txt 1024 1456104731 1456105466
ibr-31_ibr-41_2.txt 1024 1456104732 1456105466
ibr-31_ibr-41_3.txt 0 1456104731 1456104731
ibr-31_ibr-41_4.txt 0 1456104732 1456104732
ibr-31_ibr-41_5.txt 0 1456104731 1456104731
ibr-31_ibr-41_6.txt 0 1456104732 1456104732
ibr-31_ibr-41_7.txt 1024 1456104732 1456110676
ibr-31_ibr-41_8.txt 0 1456104732 1456104732
ibr-31_ibr-41_9.txt 0 1456104732 1456104732
ibr-31_ibr-46_1.txt 0 1456104731 1456104731
ibr-31_ibr-46_2.txt 0 1456104732 1456104732
ibr-31_ibr-46_3.txt 0 1456104732 1456104732
ibr-31_ibr-46_4.txt 0 1456104732 1456104732
ibr-31_ibr-46_5.txt 0 1456104732 1456104732
ibr-31_ibr-46_6.txt 0 1456104732 1456104732
ibr-31_ibr-46_7.txt 0 1456104732 1456104732
ibr-31_ibr-46_8.txt 0 1456104732 1456104732
ibr-31_ibr-46_9.txt 1024 1456104731 1456109885
ibr-31_ibr-51_1.txt 0 1456104732 1456104732
ibr-31_ibr-54_1.txt 0 1456104730 1456104730
ibr-31_ibr-56_1.txt 0 1456104732 1456104732
ibr-31_ibr-56_2.txt 0 1456104732 1456104732
ibr-31_ibr-56_3.txt 0 1456104731 1456104731
ibr-31_ibr-56_4.txt 0 1456104732 1456104732
ibr-31_ibr-6_1.txt 1024 1456104732 1456106680
ibr-31_ibr-6_2.txt 0 1456104731 1456104731
ibr-31_ibr-6_3.txt 1024 1456104731 1456109755
ibr-31_ibr-6_4.txt 0 1456104732 1456104732
ibr-31_ibr-6_5.txt 0 1456104731 1456104731
ibr-31_ibr-6_6.txt 0 1456104733 1456104733
ibr-32_ibr-12_1.txt 1024 1456104731 1456108600
ibr-32_ibr-16_1.txt 0 1456104732 1456104732
ibr-32_ibr-19_1.txt 1024 1456104730 1456106920
ibr-32_ibr-21_1.txt 0 1456104731 1456104731
ibr-32_ibr-40_1.txt 1024 1456104732 1456105576
ibr-32_ibr-50_1.txt 1024 1456104731 1456107265
ibr-32_ibr-54_1.txt 1024 1456104731 1456107081
ibr-33_ibr-13_1.txt 1024 1456104730 1456108670
ibr-33_ibr-14_1.txt 0 1456104730 1456104730
ibr-33_ibr-19_1.txt 0 1456104732 1456104732
ibr-33_ibr-20_1.txt 0 1456104731 1456104731
ibr-33_ibr-22_1.txt 1024 1456104730 1456107150
ibr-33_ibr-31_1.txt 1024 1456104731 1456106643
ibr-33_ibr-34_1.txt 1024 1456104730 1456107981
ibr-33_ibr-39_1.txt 0 1456104731 1456104731
ibr-33_ibr-4_1.txt 1024 1456104730 1456107065
ibr-33_ibr-43_1.txt 1024 1456104730 1456105635
ibr-33_ibr-46_1.txt 1024 1456104731 1456109145
ibr-33_ibr-47_1.txt 1024 1456104731 1456109165
ibr-33_ibr-48_1.txt 1024 1456104731 1456107467
ibr-33_ibr-49_1.txt 0 1456104730 1456104730
ibr-33_ibr-53_1.txt 1024 1456104731 1456105995
ibr-33_ibr-56_1.txt 1024 1456104730 1456105641
ibr-34_ibr-18_1.txt 1024 1456104730 1456108855
ibr-34_ibr-20_1.txt 0 1456104731 1456104731
ibr-34_ibr-20_2.txt 0 1456104731 1456104731
ibr-34_ibr-22_1.txt 0 1456104730 1456104730
ibr-34_ibr-23_1.txt 0 1456104731 1456104731
ibr-34_ibr-25_1.txt 0 1456104731 1456104731
ibr-34_ibr-26_1.txt 1024 1456104731 1456106170
ibr-34_ibr-38_1.txt 1024 1456104730 1456107165
ibr-34_ibr-39_1.txt 0 1456104731 1456104731
ibr-34_ibr-4_1.txt 1024 1456104731 1456108215
ibr-34_ibr-48_1.txt 0 1456104731 1456104731
ibr-34_ibr-50_1.txt 0 1456104731 1456104731
ibr-34_ibr-9_1.txt 0 1456104730 1456104730
ibr-35_ibr-10_1.txt 1024 1456104730 1456106941
ibr-35_ibr-17_1.txt 1024 1456104731 1456109445
ibr-35_ibr-23_1.txt 1024 1456104730 1456106135
ibr-35_ibr-29_1.txt 1024 1456104730 1456106946
ibr-35_ibr-33_1.txt 1024 1456104730 1456105271
ibr-35_ibr-8_1.txt 1024 1456104730 1456108310
ibr-36_ibr-10_1.txt 0 1456104730 1456104730
ibr-36_ibr-11_1.txt 0 1456104730 1456104730
ibr-36_ibr-11_2.txt 0 1456104731 1456104731
ibr-36_ibr-11_3.txt 0 1456104731 1456104731
ibr-36_ibr-11_4.txt 0 1456104732 1456104732
ibr-36_ibr-11_5.txt 0 1456104731 1456104731
ibr-36_ibr-1_1.txt 0 1456104731 1456104731
ibr-36_ibr-1_2.txt 0 1456104731 1456104731
ibr-36_ibr-1_3.txt 1024 1456104731 1456110408
ibr-36_ibr-1_4.txt 0 1456104731 1456104731
ibr-36_ibr-16_1.txt 1024 1456104731 1456109291
ibr-36_ibr-16_2.txt 0 1456104732 1456104732
ibr-36_ibr-16_3.txt 0 1456104732 1456104732
ibr-36_ibr-16_4.txt 0 1456104732 1456104732
ibr-36_ibr-16_5.txt 0 1456104733 1456104733
ibr-36_ibr-16_6.txt 1024 1456104732 1456109612
ibr-36_ibr-16_7.txt 0 1456104732 1456104732
ibr-36_ibr-21_1.txt 0 1456104731 1456104731
ibr-36_ibr-21_2.txt 0 1456104732 1456104732
ibr-36_ibr-21_3.txt 0 1456104732 1456104732
ibr-36_ibr-25_1.txt 0 1456104732 1456104732
ibr-36_ibr-26_1.txt 0 1456104732 1456104732
ibr-36_ibr-26_2.txt 0 1456104732 1456104732
ibr-36_ibr-26_3.txt 0 1456104733 1456104733
ibr-36_ibr-26_4.txt 0 1456104732 1456104732
ibr-36_ibr-31_1.txt 0 1456104733 1456104733
ibr-36_ibr-31_2.txt 0 1456104731 1456104731
ibr-36_ibr-31_3.txt 0 1456104732 1456104732
ibr-36_ibr-31_4.txt 0 1456104732 1456104732
ibr-36_ibr-31_5.txt 0 1456104731 1456104731
ibr-36_ibr-31_6.txt 0 1456104732 1456104732
ibr-36_ibr-41_1.txt 1024 1456104731 1456108926
ibr-36_ibr-41_2.txt 0 1456104731 1456104731
ibr-36_ibr-41_3.txt 0 1456104732 1456104732
ibr-36_ibr-41_4.txt 0 1456104731 1456104731
ibr-36_ibr-42_1.txt 0 1456104730 1456104730
ibr-36_ibr-46_1.txt 0 1456104731 1456104731
ibr-36_ibr-46_2.txt 0 1456104731 1456104731
ibr-36_ibr-46_3.txt 0 1456104732 1456104732
ibr-36_ibr-46_4.txt 0 1456104731 1456104731
ibr-36_ibr-46_5.txt 0 1456104732 1456104732
ibr-36_ibr-46_6.txt 0 1456104732 1456104732
ibr-36_ibr-50_1.txt 0 1456104732 1456104732
ibr-36_ibr-51_1.txt 0 1456104731 1456104731
ibr-36_ibr-51_2.txt 0 1456104732 1456104732
ibr-36_ibr-51_3.txt 0 1456104732 1456104732
ibr-36_ibr-51_4.txt 0 1456104732 1456104732
ibr-36_ibr-51_5.txt 0 1456104732 1456104732
ibr-36_ibr-51_6.txt 0 1456104732 1456104732
ibr-36_ibr-51_7.txt 0 1456104731 1456104731
ibr-36_ibr-51_8.txt 1024 1456104732 1456110200
ibr-36_ibr-53_1.txt 1024 1456104731 1456105611
ibr-36_ibr-56_1.txt 0 1456104731 1456104731
ibr-36_ibr-56_2.txt 0 1456104731 1456104731
ibr-36_ibr-56_3.txt 0 1456104731 1456104731
ibr-36_ibr-56_4.txt 1024 1456104731 1456109310
ibr-36_ibr-56_5.txt 0 1456104732 1456104732
ibr-36_ibr-56_6.txt 0 1456104731 1456104731
ibr-36_ibr-56_7.txt 0 1456104732 1456104732
ibr-36_ibr-56_8.txt 0 1456104731 1456104731
ibr-36_ibr-56_9.txt 0 1456104732 1456104732
ibr-36_ibr-6_1.txt 1024 1456104731 1456105428
ibr-36_ibr-6_2.txt 0 1456104733 1456104733
ibr-36_ibr-6_3.txt 0 1456104732 1456104732
ibr-37_ibr-11_1.txt 1024 1456104731 1456110061
ibr-37_ibr-19_1.txt 1024 1456104730 1456107806
ibr-37_ibr-23_1.txt 0 1456104731 1456104731
ibr-37_ibr-41_1.txt 0 1456104732 1456104732
ibr-37_ibr-4_1.txt 1024 1456104730 1456107010
ibr-37_ibr-42_1.txt 1024 1456104731 1456108556
ibr-37_ibr-7_1.txt 1024 1456104730 1456107761
ibr-38_ibr-12_1.txt 1024 1456104730 1456107440
ibr-38_ibr-20_1.txt 0 1456104730 1456104730
ibr-38_ibr-32_1.txt 1024 1456104730 1456106780
ibr-38_ibr-39_1.txt 0 1456104731 1456104731
ibr-38_ibr-42_1.txt 1024 1456104730 1456109797
ibr-38_ibr-45_1.txt 0 1456104730 1456104730
ibr-38_ibr-45_2.txt 0 1456104730 1456104730
ibr-38_ibr-46_1.txt 0 1456104731 1456104731
ibr-38_ibr-47_1.txt 0 1456104731 1456104731
ibr-38_ibr-48_1.txt 0 1456104730 1456104730
ibr-38_ibr-51_1.txt 1024 1456104731 1456110200
ibr-38_ibr-55_1.txt 0 1456104730 1456104730
ibr-39_ibr-13_1.txt 1024 1456104730 1456109590
ibr-39_ibr-15_1.txt 1024 1456104730 1456106905
ibr-39_ibr-23_1.txt 0 1456104731 1456104731
ibr-39_ibr-29_1.txt 1024 1456104731 1456109355
ibr-39_ibr-41_1.txt 0 1456104731 1456104731
ibr-39_ibr-50_1.txt 1024 1456104730 1456108985
ibr-39_ibr-52_1.txt 0 1456104730 1456104730
ibr-39_ibr-54_1.txt 0 1456104730 1456104730
ibr-39_ibr-6_1.txt 1024 1456104732 1456110378
ibr-39_ibr-6_2.txt 1024 1456104731 1456110445
ibr-3_ibr-10_1.txt 1024 1456104730 1456107696
ibr-3_ibr-12_1.txt 0 1456104730 1456104730
ibr-3_ibr-18_1.txt 0 1456104730 1456104730
ibr-3_ibr-39_1.txt 0 1456104730 1456104730
ibr-3_ibr-4_1.txt 0 1456104730 1456104730
ibr-3_ibr-45_1.txt 1024 1456104730 1456108266
ibr-3_ibr-49_1.txt 1024 1456104731 1456109595
ibr-3_ibr-5_1.txt 1024 1456104730 1456106735
ibr-40_ibr-14_1.txt 0 1456104730 1456104730
ibr-40_ibr-26_1.txt 0 1456104731 1456104731
ibr-40_ibr-27_1.txt 1024 1456104730 1456106870
ibr-40_ibr-31_1.txt 0 1456104731 1456104731
ibr-40_ibr-3_1.txt 1024 1456104730 1456107200
ibr-40_ibr-32_1.txt 0 1456104730 1456104730
ibr-40_ibr-34_1.txt 1024 1456104730 1456108560
ibr-40_ibr-35_1.txt 1024 1456104730 1456105765
ibr-40_ibr-37_1.txt 0 1456104730 1456104730
ibr-40_ibr-38_1.txt 0 1456104730 1456104730
ibr-40_ibr-39_1.txt 0 1456104731 1456104731
ibr-40_ibr-4_1.txt 1024 1456104730 1456106930
ibr-40_ibr-42_1.txt 1024 1456104731 1456110265
ibr-40_ibr-48_1.txt 0 1456104731 1456104731
ibr-41_ibr-10_1.txt 1024 1456104730 1456106035
ibr-41_ibr-10_2.txt 0 1456104730 1456104730
ibr-41_ibr-11_1.txt 1024 1456104732 1456106350
ibr-41_ibr-11_2.txt 0 1456104731 1456104731
ibr-41_ibr-11_3.txt 0 1456104731 1456104731
ibr-41_ibr-11_4.txt 0 1456104731 1456104731
ibr-41_ibr-1_1.txt 0 1456104731 1456104731
ibr-41_ibr-1_2.txt 0 1456104731 1456104731
ibr-41_ibr-1_3.txt 0 1456104731 1456104731
ibr-41_ibr-1_4.txt 0 1456104732 1456104732
ibr-41_ibr-16_1.txt 0 1456104732 1456104732
ibr-41_ibr-16_2.txt 0 1456104732 1456104732
ibr-41_ibr-16_3.txt 0 1456104733 1456104733
ibr-41_ibr-16_4.txt 0 1456104733 1456104733
ibr-41_ibr-16_5.txt 0 1456104731 1456104731
ibr-41_ibr-19_1.txt 0 1456104730 1456104730
ibr-41_ibr-21_1.txt 1024 1456104731 1456105479
ibr-41_ibr-21_2.txt 0 1456104731 1456104731
ibr-41_ibr-21_3.txt 0 1456104731 1456104731
ibr-41_ibr-21_4.txt 0 1456104732 1456104732
ibr-41_ibr-21_5.txt 0 1456104731 1456104731
ibr-41_ibr-21_6.txt 0 1456104732 1456104732
ibr-41_ibr-21_7.txt 0 1456104732 1456104732
ibr-41_ibr-21_8.txt 0 1456104732 1456104732
ibr-41_ibr-25_1.txt 0 1456104732 1456104732
ibr-41_ibr-30_1.txt 0 1456104731 1456104731
ibr-41_ibr-31_1.txt 0 1456104732 1456104732
ibr-41_ibr-31_2.txt 0 1456104732 1456104732
ibr-41_ibr-31_3.txt 0 1456104732 1456104732
ibr-41_ibr-36_1.txt 0 1456104732 1456104732
ibr-41_ibr-36_2.txt 0 1456104732 1456104732
ibr-41_ibr-36_3.txt 0 1456104731 1456104731
ibr-41_ibr-37_1.txt 0 1456104730 1456104730
ibr-41_ibr-43_1.txt 0 1456104730 1456104730
ibr-41_ibr-46_1.txt 0 1456104732 1456104732
ibr-41_ibr-46_2.txt 0 1456104732 1456104732
ibr-41_ibr-46_3.txt 0 1456104732 1456104732
ibr-41_ibr-46_4.txt 0 1456104733 1456104733
ibr-41_ibr-46_5.txt 0 1456104731 1456104731
ibr-41_ibr-46_6.txt 0 1456104732 1456104732
ibr-41_ibr-51_1.txt 0 1456104731 1456104731
ibr-41_ibr-51_2.txt 0 1456104732 1456104732
ibr-41_ibr-51_3.txt 0 1456104732 1456104732
ibr-41_ibr-51_4.txt 0 1456104732 1456104732
ibr-41_ibr-51_5.txt 0 1456104732 1456104732
ibr-41_ibr-56_1.txt 1024 1456104731 1456107195
ibr-41_ibr-56_2.txt 1024 1456104732 1456108595
ibr-41_ibr-56_3.txt 0 1456104731 1456104731
ibr-41_ibr-56_4.txt 0 1456104731 1456104731
ibr-41_ibr-56_5.txt 0 1456104732 1456104732
ibr-41_ibr-56_6.txt 0 1456104732 1456104732
ibr-41_ibr-56_7.txt 0 1456104732 1456104732
ibr-41_ibr-56_8.txt 0 1456104732 1456104732
ibr-41_ibr-6_1.txt 0 1456104731 1456104731
ibr-41_ibr-6_2.txt 0 1456104731 1456104731
ibr-41_ibr-6_3.txt 0 1456104731 1456104731
ibr-41_ibr-6_4.txt 0 1456104733 1456104733
ibr-42_ibr-14_1.txt 0 1456104730 1456104730
ibr-42_ibr-24_1.txt 1024 1456104730 1456108805
ibr-42_ibr-25_1.txt 0 1456104730 1456104730
ibr-42_ibr-26_1.txt 1024 1456104732 1456109515
ibr-42_ibr-29_1.txt 0 1456104730 1456104730
ibr-42_ibr-33_1.txt 1024 1456104730 1456109165
ibr-42_ibr-35_1.txt 1024 1456104730 1456106650
ibr-42_ibr-37_1.txt 1024 1456104730 1456108967
ibr-42_ibr-44_1.txt 1024 1456104730 1456105381
ibr-42_ibr-44_2.txt 1024 1456104730 1456106165
ibr-42_ibr-50_1.txt 1024 1456104731 1456107680
ibr-42_ibr-5_1.txt 1024 1456104730 1456108955
ibr-43_ibr-12_1.txt 0 1456104731 1456104731
ibr-43_ibr-19_1.txt 0 1456104730 1456104730
ibr-43_ibr-28_1.txt 0 1456104730 1456104730
ibr-43_ibr-4_1.txt 1024 1456104730 1456108281
ibr-43_ibr-42_1.txt 1024 1456104731 1456107655
ibr-43_ibr-48_1.txt 1024 1456104731 1456108051
ibr-43_ibr-55_1.txt 0 1456104731 1456104731
ibr-43_ibr-7_1.txt 1024 1456104732 1456109435
ibr-44_ibr-12_1.txt 0 1456104730 1456104730
ibr-44_ibr-15_1.txt 1024 1456104730 1456109181
ibr-44_ibr-19_1.txt 1024 1456104730 1456108201
ibr-44_ibr-21_1.txt 1024 1456104733 1456110000
ibr-44_ibr-23_1.txt 1024 1456104731 1456105626
ibr-44_ibr-27_1.txt 1024 1456104730 1456106700
ibr-44_ibr-35_1.txt 1024 1456104730 1456109622
ibr-44_ibr-36_1.txt 0 1456104732 1456104732
ibr-44_ibr-39_1.txt 0 1456104730 1456104730
ibr-44_ibr-4_1.txt 1024 1456104730 1456107786
ibr-44_ibr-4_2.txt 1024 1456104730 1456107786
ibr-44_ibr-51_1.txt 1024 1456104732 1456109295
ibr-44_ibr-53_1.txt 0 1456104731 1456104731
ibr-45_ibr-17_1.txt 1024 1456104730 1456109751
ibr-45_ibr-22_1.txt 1024 1456104731 1456109105
ibr-45_ibr-31_1.txt 1024 1456104731 1456106155
ibr-45_ibr-32_1.txt 1024 1456104730 1456107345
ibr-45_ibr-32_2.txt 1024 1456104730 1456107345
ibr-45_ibr-35_1.txt 1024 1456104730 1456107320
ibr-45_ibr-44_1.txt 1024 1456104730 1456106930
ibr-45_ibr-47_1.txt 1024 1456104731 1456108275
ibr-45_ibr-8_1.txt 0 1456104730 1456104730
ibr-46_ibr-11_1.txt 0 1456104731 1456104731
ibr-46_ibr-11_2.txt 1024 1456104731 1456109565
ibr-46_ibr-11_3.txt 0 1456104731 1456104731
ibr-46_ibr-11_4.txt 0 1456104732 1456104732
ibr-46_ibr-11_5.txt 0 1456104731 1456104731
ibr-46_ibr-1_1.txt 1024 1456104731 1456109807
ibr-46_ibr-1_2.txt 0 1456104731 1456104731
ibr-46_ibr-1_3.txt 0 1456104731 1456104731
ibr-46_ibr-1_4.txt 0 1456104732 1456104732
ibr-46_ibr-16_1.txt 0 1456104732 1456104732
ibr-46_ibr-16_2.txt 0 1456104733 1456104733
ibr-46_ibr-21_1.txt 0 1456104732 1456104732
ibr-46_ibr-21_2.txt 0 1456104732 1456104732
ibr-46_ibr-21_3.txt 0 1456104732 1456104732
ibr-46_ibr-21_4.txt 0 1456104732 1456104732
ibr-46_ibr-21_5.txt 0 1456104732 1456104732
ibr-46_ibr-21_6.txt 0 1456104732 1456104732
ibr-46_ibr-21_7.txt 0 1456104731 1456104731
ibr-46_ibr-26_1.txt 0 1456104732 1456104732
ibr-46_ibr-26_2.txt 0 1456104731 1456104731
ibr-46_ibr-26_3.txt 0 1456104732 1456104732
ibr-46_ibr-26_4.txt 0 1456104731 1456104731
ibr-46_ibr-26_5.txt 0 1456104731 1456104731
ibr-46_ibr-26_6.txt 0 1456104731 1456104731
ibr-46_ibr-26_7.txt 0 1456104732 1456104732
ibr-46_ibr-30_1.txt 1024 1456104731 1456105371
ibr-46_ibr-31_1.txt 1024 1456104731 1456109475
ibr-46_ibr-31_2.txt 0 1456104731 1456104731
ibr-46_ibr-31_3.txt 0 1456104731 1456104731
ibr-46_ibr-31_4.txt 0 1456104732 1456104732
ibr-46_ibr-31_5.txt 0 1456104732 1456104732
ibr-46_ibr-36_10.txt 0 1456104732 1456104732
ibr-46_ibr-36_1.txt 1024 1456104731 1456109095
ibr-46_ibr-36_2.txt 0 1456104732 1456104732
ibr-46_ibr-36_3.txt 0 1456104731 1456104731
ibr-46_ibr-36_4.txt 0 1456104732 1456104732
ibr-46_ibr-36_5.txt 0 1456104731 1456104731
ibr-46_ibr-36_6.txt 1024 1456104731 1456109462
ibr-46_ibr-36_7.txt 0 1456104731 1456104731
ibr-46_ibr-36_8.txt 0 1456104732 1456104732
ibr-46_ibr-36_9.txt 0 1456104732 1456104732
ibr-46_ibr-39_1.txt 1024 1456104730 1456106280
ibr-46_ibr-41_1.txt 1024 1456104731 1456109465
ibr-46_ibr-41_2.txt 1024 1456104731 1456109465
ibr-46_ibr-41_3.txt 0 1456104731 1456104731
ibr-46_ibr-41_4.txt 0 1456104731 1456104731
ibr-46_ibr-41_5.txt 1024 1456104732 1456109465
ibr-46_ibr-43_1.txt 0 1456104730 1456104730
ibr-46_ibr-48_1.txt 1024 1456104730 1456105442
ibr-46_ibr-51_1.txt 1024 1456104731 1456105546
ibr-46_ibr-51_2.txt 0 1456104731 1456104731
ibr-46_ibr-51_3.txt 0 1456104731 1456104731
ibr-46_ibr-51_4.txt 0 1456104732 1456104732
ibr-46_ibr-51_5.txt 0 1456104731 1456104731
ibr-46_ibr-55_1.txt 0 1456104732 1456104732
ibr-46_ibr-56_1.txt 0 1456104731 1456104731
ibr-46_ibr-56_2.txt 0 1456104732 1456104732
ibr-46_ibr-6_1.txt 0 1456104731 1456104731
ibr-46_ibr-6_2.txt 0 1456104731 1456104731
ibr-46_ibr-6_3.txt 0 1456104732 1456104732
ibr-46_ibr-6_4.txt 0 1456104731 1456104731
ibr-46_ibr-6_5.txt 0 1456104731 1456104731
ibr-46_ibr-6_6.txt 0 1456104732 1456104732
ibr-47_ibr-13_1.txt 1024 1456104730 1456109575
ibr-47_ibr-16_1.txt 0 1456104732 1456104732
ibr-47_ibr-17_1.txt 0 1456104730 1456104730
ibr-47_ibr-20_1.txt 0 1456104731 1456104731
ibr-47_ibr-27_1.txt 0 1456104730 1456104730
ibr-47_ibr-27_2.txt 1024 1456104730 1456109545
ibr-47_ibr-4_1.txt 0 1456104730 1456104730
ibr-47_ibr-46_1.txt 0 1456104733 1456104733
ibr-47_ibr-46_2.txt 0 1456104733 1456104733
ibr-48_ibr-13_1.txt 1024 1456104730 1456106475
ibr-48_ibr-19_1.txt 1024 1456104730 1456107871
ibr-48_ibr-2_1.txt 1024 1456104730 1456107836
ibr-48_ibr-27_1.txt 1024 1456104730 1456107586
ibr-48_ibr-3_1.txt 1024 1456104730 1456108805
ibr-48_ibr-32_1.txt 1024 1456104730 1456107786
ibr-48_ibr-34_1.txt 1024 1456104730 1456108520
ibr-48_ibr-37_1.txt 0 1456104731 1456104731
ibr-48_ibr-38_1.txt 1024 1456104730 1456108021
ibr-48_ibr-45_1.txt 1024 1456104730 1456108425
ibr-48_ibr-47_1.txt 0 1456104732 1456104732
ibr-48_ibr-8_1.txt 1024 1456104730 1456109395
ibr-49_ibr-16_1.txt 1024 1456104732 1456110701
ibr-49_ibr-22_1.txt 1024 1456104730 1456105470
ibr-49_ibr-29_1.txt 1024 1456104731 1456108145
ibr-49_ibr-34_1.txt 1024 1456104730 1456110327
ibr-49_ibr-35_1.txt 0 1456104730 1456104730
ibr-49_ibr-37_1.txt 1024 1456104730 1456106146
ibr-49_ibr-40_1.txt 0 1456104730 1456104730
ibr-49_ibr-5_1.txt 1024 1456104730 1456109647
ibr-49_ibr-52_1.txt 0 1456104731 1456104731
ibr-49_ibr-53_1.txt 0 1456104731 1456104731
ibr-49_ibr-54_1.txt 1024 1456104731 1456107916
ibr-4_ibr-15_1.txt 1024 1456104730 1456109041
ibr-4_ibr-26_1.txt 1024 1456104732 1456108860
ibr-4_ibr-38_1.txt 1024 1456104730 1456108230
ibr-4_ibr-40_1.txt 0 1456104732 1456104732
ibr-4_ibr-42_1.txt 1024 1456104730 1456109797
ibr-4_ibr-56_1.txt 1024 1456104733 1456109310
ibr-4_ibr-9_1.txt 0 1456104730 1456104730
ibr-50_ibr-11_1.txt 0 1456104731 1456104731
ibr-50_ibr-16_1.txt 1024 1456104732 1456109291
ibr-50_ibr-20_1.txt 0 1456104731 1456104731
ibr-50_ibr-24_1.txt 0 1456104731 1456104731
ibr-50_ibr-25_1.txt 1024 1456104730 1456106551
ibr-50_ibr-30_1.txt 0 1456104730 1456104730
ibr-50_ibr-31_1.txt 0 1456104732 1456104732
ibr-50_ibr-31_2.txt 0 1456104731 1456104731
ibr-50_ibr-3_1.txt 1024 1456104730 1456108805
ibr-50_ibr-32_1.txt 1024 1456104730 1456108965
ibr-50_ibr-34_1.txt 1024 1456104730 1456108316
ibr-50_ibr-37_1.txt 0 1456104731 1456104731
ibr-50_ibr-4_1.txt 1024 1456104730 1456108680
ibr-50_ibr-42_1.txt 1024 1456104730 1456106100
ibr-50_ibr-43_1.txt 0 1456104730 1456104730
ibr-50_ibr-47_1.txt 1024 1456104731 1456105921
ibr-50_ibr-49_1.txt 1024 1456104731 1456108875
ibr-50_ibr-5_1.txt 1024 1456104730 1456109510
ibr-50_ibr-8_1.txt 1024 1456104730 1456108730
ibr-51_ibr-11_1.txt 0 1456104731 1456104731
ibr-51_ibr-11_2.txt 0 1456104731 1456104731
ibr-51_ibr-11_3.txt 0 1456104731 1456104731
ibr-51_ibr-11_4.txt 0 1456104732 1456104732
ibr-51_ibr-11_5.txt 0 1456104732 1456104732
ibr-51_ibr-11_6.txt 0 1456104731 1456104731
ibr-51_ibr-11_7.txt 0 1456104731 1456104731
ibr-51_ibr-1_1.txt 0 1456104732 1456104732
ibr-51_ibr-1_2.txt 0 1456104731 1456104731
ibr-51_ibr-1_3.txt 0 1456104731 1456104731
ibr-51_ibr-1_4.txt 0 1456104731 1456104731
ibr-51_ibr-1_5.txt 0 1456104731 1456104731
ibr-51_ibr-16_1.txt 1024 1456104732 1456105630
ibr-51_ibr-16_2.txt 0 1456104731 1456104731
ibr-51_ibr-16_3.txt 0 1456104732 1456104732
ibr-51_ibr-16_4.txt 0 1456104731 1456104731
ibr-51_ibr-16_5.txt 0 1456104732 1456104732
ibr-51_ibr-16_6.txt 0 1456104733 1456104733
ibr-51_ibr-16_7.txt 0 1456104733 1456104733
ibr-51_ibr-16_8.txt 0 1456104732 1456104732
ibr-51_ibr-17_1.txt 0 1456104731 1456104731
ibr-51_ibr-21_1.txt 0 1456104731 1456104731
ibr-51_ibr-21_2.txt 0 1456104731 1456104731
ibr-51_ibr-21_3.txt 0 1456104731 1456104731
ibr-51_ibr-21_4.txt 0 1456104731 1456104731
ibr-51_ibr-21_5.txt 0 1456104732 1456104732
ibr-51_ibr-21_6.txt 0 1456104732 1456104732
ibr-51_ibr-26_1.txt 0 1456104732 1456104732
ibr-51_ibr-26_2.txt 0 1456104732 1456104732
ibr-51_ibr-31_1.txt 1024 1456104732 1456105441
ibr-51_ibr-31_2.txt 1024 1456104732 1456105516
ibr-51_ibr-31_3.txt 0 1456104731 1456104731
ibr-51_ibr-31_4.txt 0 1456104731 1456104731
ibr-51_ibr-31_5.txt 0 1456104731 1456104731
ibr-51_ibr-31_6.txt 0 1456104731 1456104731
ibr-51_ibr-31_7.txt 0 1456104733 1456104733
ibr-51_ibr-31_8.txt 0 1456104732 1456104732
ibr-51_ibr-31_9.txt 0 1456104732 1456104732
ibr-51_ibr-33_1.txt 0 1456104732 1456104732
ibr-51_ibr-36_1.txt 0 1456104733 1456104733
ibr-51_ibr-36_2.txt 0 1456104732 1456104732
ibr-51_ibr-36_3.txt 0 1456104732 1456104732
ibr-51_ibr-41_1.txt 0 1456104731 1456104731
ibr-51_ibr-41_2.txt 0 1456104731 1456104731
ibr-51_ibr-41_3.txt 0 1456104732 1456104732
ibr-51_ibr-46_1.txt 0 1456104731 1456104731
ibr-51_ibr-46_2.txt 0 1456104733 1456104733
ibr-51_ibr-56_1.txt 0 1456104731 1456104731
ibr-51_ibr-56_2.txt 0 1456104731 1456104731
ibr-51_ibr-56_3.txt 1024 1456104731 1456109310
ibr-51_ibr-56_4.txt 0 1456104732 1456104732
ibr-51_ibr-56_5.txt 0 1456104731 1456104731
ibr-51_ibr-6_1.txt 1024 1456104731 1456106525
ibr-51_ibr-6_2.txt 0 1456104731 1456104731
ibr-51_ibr-6_3.txt 0 1456104731 1456104731
ibr-51_ibr-6_4.txt 1024 1456104731 1456109127
ibr-51_ibr-6_5.txt 0 1456104732 1456104732
ibr-51_ibr-6_6.txt 1024 1456104732 1456109127
ibr-51_ibr-6_7.txt 0 1456104732 1456104732
ibr-51_ibr-7_1.txt 0 1456104730 1456104730
ibr-52_ibr-14_1.txt 0 1456104730 1456104730
ibr-52_ibr-19_1.txt 1024 1456104730 1456107871
ibr-52_ibr-24_1.txt 1024 1456104731 1456109826
ibr-52_ibr-36_1.txt 0 1456104732 1456104732
ibr-52_ibr-51_1.txt 1024 1456104732 1456105835
ibr-52_ibr-54_1.txt 1024 1456104730 1456105396
ibr-53_ibr-15_1.txt 1024 1456104730 1456107480
ibr-53_ibr-2_1.txt 1024 1456104730 1456108810
ibr-53_ibr-24_1.txt 1024 1456104730 1456108181
ibr-53_ibr-26_1.txt 0 1456104732 1456104732
ibr-53_ibr-35_1.txt 0 1456104730 1456104730
ibr-53_ibr-36_1.txt 1024 1456104732 1456109205
ibr-53_ibr-43_1.txt 1024 1456104730 1456106205
ibr-53_ibr-45_1.txt 1024 1456104730 1456107330
ibr-53_ibr-47_1.txt 1024 1456104732 1456109145
ibr-53_ibr-51_1.txt 0 1456104731 1456104731
ibr-53_ibr-6_1.txt 1024 1456104732 1456110110
ibr-54_ibr-10_1.txt 1024 1456104730 1456107355
ibr-54_ibr-12_1.txt 1024 1456104730 1456107586
ibr-54_ibr-25_1.txt 0 1456104730 1456104730
ibr-54_ibr-25_2.txt 1024 1456104731 1456108045
ibr-54_ibr-30_1.txt 1024 1456104730 1456108997
ibr-54_ibr-3_1.txt 1024 1456104730 1456106825
ibr-54_ibr-32_1.txt 1024 1456104730 1456106562
ibr-54_ibr-40_1.txt 1024 1456104731 1456110301
ibr-54_ibr-47_1.txt 1024 1456104731 1456108502
ibr-54_ibr-52_1.txt 1024 1456104730 1456106720
ibr-54_ibr-53_1.txt 1024 1456104731 1456106575
ibr-55_ibr-28_1.txt 0 1456104730 1456104730
ibr-55_ibr-29_1.txt 1024 1456104730 1456110745
ibr-55_ibr-30_1.txt 1024 1456104730 1456108545
ibr-55_ibr-36_1.txt 0 1456104732 1456104732
ibr-55_ibr-37_1.txt 0 1456104730 1456104730
ibr-55_ibr-41_1.txt 0 1456104731 1456104731
ibr-55_ibr-52_1.txt 0 1456104730 1456104730
ibr-55_ibr-54_1.txt 1024 1456104731 1456107010
ibr-56_ibr-13_1.txt 1024 1456104730 1456107555
ibr-56_ibr-16_1.txt 1024 1456104732 1456109291
ibr-56_ibr-16_2.txt 0 1456104733 1456104733
ibr-56_ibr-17_1.txt 0 1456104730 1456104730
ibr-56_ibr-25_1.txt 0 1456104730 1456104730
ibr-56_ibr-33_1.txt 1024 1456104730 1456105571
ibr-56_ibr-41_1.txt 1024 1456104732 1456110830
ibr-56_ibr-43_1.txt 1024 1456104730 1456109831
ibr-56_ibr-46_1.txt 0 1456104731 1456104731
ibr-56_ibr-48_1.txt 1024 1456104730 1456107225
ibr-56_ibr-51_1.txt 1024 1456104732 1456109363
ibr-56_ibr-54_1.txt 1024 1456104731 1456109396
ibr-5_ibr-13_1.txt 0 1456104730 1456104730
ibr-5_ibr-14_1.txt 1024 1456104730 1456108527
ibr-5_ibr-19_1.txt 1024 1456104730 1456105535
ibr-5_ibr-23_1.txt 1024 1456104730 1456107205
ibr-5_ibr-23_2.txt 1024 1456104730 1456108255
ibr-5_ibr-32_1.txt 1024 1456104730 1456109725
ibr-5_ibr-36_1.txt 0 1456104731 1456104731
ibr-5_ibr-36_2.txt 1024 1456104731 1456109715
ibr-5_ibr-42_1.txt 1024 1456104731 1456106486
ibr-5_ibr-43_1.txt 1024 1456104730 1456106035
ibr-5_ibr-49_1.txt 1024 1456104730 1456106056
ibr-5_ibr-49_2.txt 1024 1456104731 1456106300
ibr-6_ibr-11_1.txt 1024 1456104732 1456109066
ibr-6_ibr-11_2.txt 0 1456104731 1456104731
ibr-6_ibr-11_3.txt 0 1456104731 1456104731
ibr-6_ibr-11_4.txt 0 1456104731 1456104731
ibr-6_ibr-1_1.txt 0 1456104731 1456104731
ibr-6_ibr-1_2.txt 0 1456104731 1456104731
ibr-6_ibr-1_3.txt 0 1456104731 1456104731
ibr-6_ibr-15_1.txt 1024 1456104730 1456105430
ibr-6_ibr-16_1.txt 1024 1456104732 1456105540
ibr-6_ibr-16_2.txt 1024 1456104730 1456105725
ibr-6_ibr-16_3.txt 1024 1456104731 1456109425
ibr-6_ibr-16_4.txt 1024 1456104731 1456109425
ibr-6_ibr-16_5.txt 1024 1456104731 1456109425
ibr-6_ibr-16_6.txt 0 1456104733 1456104733
ibr-6_ibr-16_7.txt 0 1456104732 1456104732
ibr-6_ibr-16_8.txt 0 1456104732 1456104732
ibr-6_ibr-21_10.txt 0 1456104732 1456104732
ibr-6_ibr-21_1.txt 0 1456104731 1456104731
ibr-6_ibr-21_2.txt 0 1456104731 1456104731
ibr-6_ibr-21_3.txt 0 1456104732 1456104732
ibr-6_ibr-21_4.txt 0 1456104731 1456104731
ibr-6_ibr-21_5.txt 0 1456104732 1456104732
ibr-6_ibr-21_6.txt 0 1456104731 1456104731
ibr-6_ibr-21_7.txt 0 1456104732 1456104732
ibr-6_ibr-21_8.txt 0 1456104731 1456104731
ibr-6_ibr-21_9.txt 0 1456104732 1456104732
ibr-6_ibr-26_1.txt 0 1456104732 1456104732
ibr-6_ibr-26_2.txt 1024 1456104731 1456109455
ibr-6_ibr-26_3.txt 0 1456104732 1456104732
ibr-6_ibr-26_4.txt 0 1456104732 1456104732
ibr-6_ibr-26_5.txt 0 1456104731 1456104731
ibr-6_ibr-26_6.txt 0 1456104732 1456104732
ibr-6_ibr-26_7.txt 0 1456104732 1456104732
ibr-6_ibr-28_1.txt 0 1456104730 1456104730
ibr-6_ibr-31_1.txt 0 1456104731 1456104731
ibr-6_ibr-31_2.txt 1024 1456104731 1456109201
ibr-6_ibr-31_3.txt 0 1456104731 1456104731
ibr-6_ibr-31_4.txt 0 1456104732 1456104732
ibr-6_ibr-31_5.txt 0 1456104732 1456104732
ibr-6_ibr-31_6.txt 1024 1456104731 1456109201
ibr-6_ibr-32_1.txt 1024 1456104730 1456107550
ibr-6_ibr-33_1.txt 1024 1456104730 1456105616
ibr-6_ibr-36_1.txt 0 1456104731 1456104731
ibr-6_ibr-36_2.txt 0 1456104732 1456104732
ibr-6_ibr-36_3.txt 0 1456104731 1456104731
ibr-6_ibr-36_4.txt 0 1456104732 1456104732
ibr-6_ibr-41_1.txt 0 1456104731 1456104731
ibr-6_ibr-41_2.txt 0 1456104731 1456104731
ibr-6_ibr-41_3.txt 0 1456104732 1456104732
ibr-6_ibr-41_4.txt 0 1456104732 1456104732
ibr-6_ibr-41_5.txt 0 1456104731 1456104731
ibr-6_ibr-41_6.txt 0 1456104732 1456104732
ibr-6_ibr-4_1.txt 0 1456104730 1456104730
ibr-6_ibr-46_1.txt 0 1456104733 1456104733
ibr-6_ibr-46_2.txt 0 1456104731 1456104731
ibr-6_ibr-46_3.txt 0 1456104731 1456104731
ibr-6_ibr-50_1.txt 1024 1456104731 1456108730
ibr-6_ibr-51_1.txt 0 1456104732 1456104732
ibr-6_ibr-51_2.txt 0 1456104731 1456104731
ibr-6_ibr-51_3.txt 0 1456104731 1456104731
ibr-6_ibr-51_4.txt 0 1456104731 1456104731
ibr-6_ibr-51_5.txt 0 1456104732 1456104732
ibr-6_ibr-51_6.txt 0 1456104731 1456104731
ibr-6_ibr-56_1.txt 0 1456104732 1456104732
ibr-6_ibr-56_2.txt 0 1456104732 1456104732
ibr-6_ibr-56_3.txt 1024 1456104732 1456111150
ibr-6_ibr-7_1.txt 0 1456104730 1456104730
ibr-7_ibr-11_1.txt 0 1456104731 1456104731
ibr-7_ibr-11_2.txt 0 1456104731 1456104731
ibr-7_ibr-13_1.txt 1024 1456104730 1456106341
ibr-7_ibr-24_1.txt 1024 1456104730 1456106940
ibr-7_ibr-24_2.txt 1024 1456104730 1456106940
ibr-7_ibr-24_3.txt 1024 1456104731 1456109115
ibr-7_ibr-27_1.txt 0 1456104730 1456104730
ibr-7_ibr-36_1.txt 0 1456104731 1456104731
ibr-7_ibr-37_1.txt 1024 1456104731 1456107761
ibr-7_ibr-38_1.txt 1024 1456104730 1456106325
ibr-7_ibr-48_1.txt 1024 1456104731 1456105670
ibr-7_ibr-56_1.txt 0 1456104732 1456104732
ibr-7_ibr-6_1.txt 1024 1456104731 1456106395
ibr-7_ibr-8_1.txt 1024 1456104730 1456107160
ibr-8_ibr-10_1.txt 1024 1456104730 1456105273
ibr-8_ibr-13_1.txt 0 1456104730 1456104730
ibr-8_ibr-20_1.txt 0 1456104731 1456104731
ibr-8_ibr-30_1.txt 0 1456104731 1456104731
ibr-8_ibr-30_2.txt 1024 1456104732 1456109381
ibr-8_ibr-31_1.txt 1024 1456104732 1456109387
ibr-8_ibr-36_1.txt 1024 1456104731 1456108331
ibr-8_ibr-47_1.txt 0 1456104730 1456104730
ibr-8_ibr-48_1.txt 1024 1456104731 1456109425
ibr-8_ibr-53_1.txt 1024 1456104730 1456106045
ibr-8_ibr-7_1.txt 1024 1456104732 1456108006
ibr-8_ibr-7_2.txt 0 1456104732 1456104732
ibr-9_ibr-10_1.txt 1024 1456104731 1456107756
ibr-9_ibr-15_1.txt 1024 1456104730 1456107305
ibr-9_ibr-16_1.txt 0 1456104730 1456104730
ibr-9_ibr-18_1.txt 1024 1456104730 1456109240
ibr-9_ibr-22_1.txt 1024 1456104731 1456109566
ibr-9_ibr-25_1.txt 1024 1456104732 1456107500
ibr-9_ibr-33_1.txt 1024 1456104730 1456107956
ibr-9_ibr-37_1.txt 1024 1456104731 1456109281
ibr-9_ibr-43_1.txt 1024 1456104730 1456109616
ibr-9_ibr-45_1.txt 1024 1456104730 1456109420
ibr-9_ibr-49_1.txt 0 1456104731 1456104731
ibr-9_ibr-49_2.txt 0 1456104730 1456104730
ibr-9_ibr-56_1.txt 0 1456104732 1456104732
