# name size  create_time reach_time
ibr-10_ibr-22_1.txt 1024 1456276408 1456278268
ibr-10_ibr-23_1.txt 0 1456276408 1456276408
ibr-10_ibr-24_1.txt 1024 1456276407 1456279503
ibr-10_ibr-28_1.txt 1024 1456276408 1456278033
ibr-10_ibr-33_1.txt 1024 1456276408 1456278723
ibr-10_ibr-40_1.txt 1024 1456276407 1456278688
ibr-10_ibr-41_1.txt 0 1456276408 1456276408
ibr-10_ibr-41_2.txt 0 1456276407 1456276407
ibr-10_ibr-42_1.txt 1024 1456276408 1456279018
ibr-10_ibr-49_1.txt 1024 1456276408 1456277993
ibr-10_ibr-49_2.txt 1024 1456276408 1456278122
ibr-10_ibr-49_3.txt 1024 1456276408 1456279053
ibr-10_ibr-50_1.txt 1024 1456276407 1456278063
ibr-10_ibr-50_2.txt 1024 1456276408 1456279997
ibr-10_ibr-53_1.txt 1024 1456276408 1456278418
ibr-11_ibr-1_1.txt 0 1456276408 1456276408
ibr-11_ibr-12_1.txt 1024 1456276408 1456279178
ibr-11_ibr-1_2.txt 0 1456276408 1456276408
ibr-11_ibr-1_3.txt 0 1456276408 1456276408
ibr-11_ibr-14_1.txt 1024 1456276408 1456277680
ibr-11_ibr-1_4.txt 0 1456276408 1456276408
ibr-11_ibr-1_5.txt 0 1456276407 1456276407
ibr-11_ibr-16_1.txt 1024 1456276408 1456277512
ibr-11_ibr-16_2.txt 1024 1456276408 1456277791
ibr-11_ibr-16_3.txt 1024 1456276408 1456278203
ibr-11_ibr-16_4.txt 1024 1456276407 1456278203
ibr-11_ibr-16_5.txt 1024 1456276408 1456278944
ibr-11_ibr-16_6.txt 1024 1456276408 1456281239
ibr-11_ibr-1_6.txt 0 1456276407 1456276407
ibr-11_ibr-1_7.txt 0 1456276408 1456276408
ibr-11_ibr-21_1.txt 1024 1456276408 1456278344
ibr-11_ibr-21_2.txt 1024 1456276408 1456278344
ibr-11_ibr-21_3.txt 0 1456276407 1456276407
ibr-11_ibr-21_4.txt 0 1456276408 1456276408
ibr-11_ibr-21_5.txt 0 1456276407 1456276407
ibr-11_ibr-21_6.txt 1024 1456276408 1456282578
ibr-11_ibr-21_7.txt 1024 1456276408 1456282578
ibr-11_ibr-21_8.txt 1024 1456276407 1456282578
ibr-11_ibr-26_1.txt 1024 1456276407 1456277093
ibr-11_ibr-26_2.txt 1024 1456276407 1456278398
ibr-11_ibr-26_3.txt 1024 1456276408 1456278398
ibr-11_ibr-26_4.txt 1024 1456276408 1456278398
ibr-11_ibr-26_5.txt 1024 1456276408 1456279198
ibr-11_ibr-26_6.txt 1024 1456276408 1456282164
ibr-11_ibr-26_7.txt 1024 1456276408 1456280322
ibr-11_ibr-28_1.txt 1024 1456276408 1456280052
ibr-11_ibr-29_1.txt 1024 1456276407 1456277587
ibr-11_ibr-30_1.txt 1024 1456276408 1456279193
ibr-11_ibr-31_1.txt 1024 1456276408 1456277492
ibr-11_ibr-31_2.txt 1024 1456276408 1456278723
ibr-11_ibr-31_3.txt 1024 1456276408 1456278723
ibr-11_ibr-31_4.txt 1024 1456276408 1456278723
ibr-11_ibr-36_1.txt 0 1456276408 1456276408
ibr-11_ibr-36_2.txt 0 1456276408 1456276408
ibr-11_ibr-36_3.txt 0 1456276408 1456276408
ibr-11_ibr-36_4.txt 0 1456276408 1456276408
ibr-11_ibr-36_5.txt 0 1456276407 1456276407
ibr-11_ibr-40_1.txt 1024 1456276407 1456278100
ibr-11_ibr-41_1.txt 0 1456276408 1456276408
ibr-11_ibr-41_2.txt 0 1456276407 1456276407
ibr-11_ibr-41_3.txt 1024 1456276408 1456280277
ibr-11_ibr-41_4.txt 1024 1456276408 1456280277
ibr-11_ibr-41_5.txt 1024 1456276407 1456280277
ibr-11_ibr-41_6.txt 0 1456276408 1456276408
ibr-11_ibr-41_7.txt 0 1456276408 1456276408
ibr-11_ibr-44_1.txt 1024 1456276407 1456280272
ibr-11_ibr-51_1.txt 0 1456276407 1456276407
ibr-11_ibr-51_2.txt 0 1456276408 1456276408
ibr-11_ibr-51_3.txt 0 1456276408 1456276408
ibr-11_ibr-51_4.txt 0 1456276408 1456276408
ibr-11_ibr-51_5.txt 0 1456276407 1456276407
ibr-11_ibr-53_1.txt 0 1456276408 1456276408
ibr-11_ibr-55_1.txt 1024 1456276408 1456277322
ibr-11_ibr-56_1.txt 0 1456276408 1456276408
ibr-11_ibr-56_2.txt 0 1456276408 1456276408
ibr-11_ibr-56_3.txt 0 1456276408 1456276408
ibr-11_ibr-56_4.txt 0 1456276408 1456276408
ibr-11_ibr-56_5.txt 0 1456276409 1456276409
ibr-11_ibr-56_6.txt 0 1456276408 1456276408
ibr-11_ibr-56_7.txt 0 1456276407 1456276407
ibr-11_ibr-6_1.txt 1024 1456276408 1456278978
ibr-11_ibr-6_2.txt 1024 1456276408 1456279548
ibr-11_ibr-6_3.txt 1024 1456276408 1456281059
ibr-11_ibr-6_4.txt 1024 1456276408 1456281059
ibr-12_ibr-17_1.txt 1024 1456276408 1456279640
ibr-12_ibr-19_1.txt 1024 1456276408 1456281183
ibr-12_ibr-21_1.txt 0 1456276407 1456276407
ibr-12_ibr-23_1.txt 1024 1456276407 1456279078
ibr-12_ibr-24_1.txt 1024 1456276408 1456278368
ibr-12_ibr-25_1.txt 1024 1456276408 1456280372
ibr-12_ibr-26_1.txt 1024 1456276408 1456280322
ibr-12_ibr-56_1.txt 0 1456276408 1456276408
ibr-13_ibr-14_1.txt 1024 1456276407 1456279233
ibr-13_ibr-22_1.txt 1024 1456276408 1456278288
ibr-13_ibr-28_1.txt 1024 1456276407 1456277372
ibr-13_ibr-29_1.txt 1024 1456276407 1456280608
ibr-13_ibr-30_1.txt 1024 1456276408 1456280387
ibr-13_ibr-36_1.txt 1024 1456276408 1456280382
ibr-13_ibr-38_1.txt 1024 1456276407 1456278413
ibr-13_ibr-40_1.txt 1024 1456276408 1456278100
ibr-13_ibr-47_1.txt 1024 1456276408 1456281156
ibr-13_ibr-47_2.txt 1024 1456276408 1456281156
ibr-13_ibr-48_1.txt 1024 1456276408 1456279233
ibr-13_ibr-8_1.txt 1024 1456276408 1456279088
ibr-14_ibr-16_1.txt 1024 1456276408 1456278203
ibr-14_ibr-29_1.txt 1024 1456276408 1456278608
ibr-14_ibr-29_2.txt 1024 1456276408 1456280533
ibr-14_ibr-3_1.txt 1024 1456276408 1456278639
ibr-15_ibr-24_1.txt 1024 1456276408 1456279293
ibr-15_ibr-38_1.txt 1024 1456276408 1456279533
ibr-15_ibr-39_1.txt 1024 1456276408 1456277597
ibr-15_ibr-43_1.txt 1024 1456276408 1456278758
ibr-15_ibr-49_1.txt 0 1456276408 1456276408
ibr-15_ibr-5_1.txt 1024 1456276408 1456279752
ibr-15_ibr-55_1.txt 1024 1456276407 1456277323
ibr-15_ibr-6_1.txt 1024 1456276407 1456278978
ibr-16_ibr-11_1.txt 1024 1456276408 1456279188
ibr-16_ibr-11_2.txt 1024 1456276408 1456281683
ibr-16_ibr-1_1.txt 0 1456276408 1456276408
ibr-16_ibr-12_1.txt 1024 1456276408 1456281744
ibr-16_ibr-1_2.txt 0 1456276408 1456276408
ibr-16_ibr-1_3.txt 0 1456276408 1456276408
ibr-16_ibr-1_4.txt 0 1456276408 1456276408
ibr-16_ibr-15_1.txt 1024 1456276408 1456279188
ibr-16_ibr-15_2.txt 1024 1456276408 1456281104
ibr-16_ibr-1_5.txt 0 1456276408 1456276408
ibr-16_ibr-1_6.txt 1024 1456276409 1456281778
ibr-16_ibr-1_7.txt 1024 1456276408 1456281778
ibr-16_ibr-20_1.txt 1024 1456276407 1456278022
ibr-16_ibr-21_1.txt 0 1456276408 1456276408
ibr-16_ibr-21_2.txt 0 1456276408 1456276408
ibr-16_ibr-21_3.txt 0 1456276407 1456276407
ibr-16_ibr-23_1.txt 1024 1456276408 1456278278
ibr-16_ibr-26_1.txt 0 1456276408 1456276408
ibr-16_ibr-26_2.txt 0 1456276408 1456276408
ibr-16_ibr-31_1.txt 1024 1456276407 1456281413
ibr-16_ibr-37_1.txt 1024 1456276408 1456279053
ibr-16_ibr-40_1.txt 1024 1456276408 1456277127
ibr-16_ibr-41_10.txt 0 1456276407 1456276407
ibr-16_ibr-41_11.txt 0 1456276407 1456276407
ibr-16_ibr-41_1.txt 0 1456276408 1456276408
ibr-16_ibr-41_2.txt 0 1456276408 1456276408
ibr-16_ibr-41_3.txt 0 1456276408 1456276408
ibr-16_ibr-41_4.txt 0 1456276408 1456276408
ibr-16_ibr-41_5.txt 0 1456276407 1456276407
ibr-16_ibr-41_6.txt 0 1456276408 1456276408
ibr-16_ibr-41_7.txt 0 1456276407 1456276407
ibr-16_ibr-41_8.txt 0 1456276407 1456276407
ibr-16_ibr-41_9.txt 0 1456276407 1456276407
ibr-16_ibr-44_1.txt 0 1456276407 1456276407
ibr-16_ibr-46_1.txt 0 1456276408 1456276408
ibr-16_ibr-46_2.txt 0 1456276408 1456276408
ibr-16_ibr-46_3.txt 0 1456276408 1456276408
ibr-16_ibr-46_4.txt 0 1456276408 1456276408
ibr-16_ibr-46_5.txt 0 1456276407 1456276407
ibr-16_ibr-46_6.txt 0 1456276407 1456276407
ibr-16_ibr-46_7.txt 0 1456276407 1456276407
ibr-16_ibr-51_1.txt 1024 1456276408 1456277957
ibr-16_ibr-51_2.txt 0 1456276407 1456276407
ibr-16_ibr-51_3.txt 0 1456276407 1456276407
ibr-16_ibr-51_4.txt 0 1456276408 1456276408
ibr-16_ibr-51_5.txt 0 1456276408 1456276408
ibr-16_ibr-51_6.txt 0 1456276407 1456276407
ibr-16_ibr-51_7.txt 0 1456276408 1456276408
ibr-16_ibr-54_1.txt 1024 1456276408 1456279088
ibr-16_ibr-56_1.txt 0 1456276408 1456276408
ibr-16_ibr-56_2.txt 0 1456276408 1456276408
ibr-16_ibr-56_3.txt 0 1456276408 1456276408
ibr-16_ibr-56_4.txt 0 1456276407 1456276407
ibr-16_ibr-56_5.txt 0 1456276408 1456276408
ibr-16_ibr-6_10.txt 0 1456276408 1456276408
ibr-16_ibr-6_11.txt 0 1456276408 1456276408
ibr-16_ibr-6_12.txt 0 1456276408 1456276408
ibr-16_ibr-6_1.txt 0 1456276408 1456276408
ibr-16_ibr-6_2.txt 0 1456276408 1456276408
ibr-16_ibr-6_3.txt 0 1456276408 1456276408
ibr-16_ibr-6_4.txt 0 1456276408 1456276408
ibr-16_ibr-6_5.txt 0 1456276408 1456276408
ibr-16_ibr-6_6.txt 0 1456276407 1456276407
ibr-16_ibr-6_7.txt 1024 1456276407 1456281863
ibr-16_ibr-6_8.txt 0 1456276407 1456276407
ibr-16_ibr-6_9.txt 1024 1456276408 1456281863
ibr-16_ibr-7_1.txt 0 1456276407 1456276407
ibr-16_ibr-7_2.txt 0 1456276407 1456276407
ibr-16_ibr-8_1.txt 0 1456276408 1456276408
ibr-17_ibr-10_1.txt 1024 1456276408 1456278157
ibr-17_ibr-11_1.txt 1024 1456276407 1456279188
ibr-17_ibr-12_1.txt 1024 1456276408 1456279128
ibr-17_ibr-19_1.txt 1024 1456276408 1456280859
ibr-17_ibr-2_1.txt 1024 1456276408 1456279258
ibr-17_ibr-26_1.txt 1024 1456276408 1456281428
ibr-17_ibr-28_1.txt 1024 1456276408 1456280197
ibr-17_ibr-30_1.txt 1024 1456276408 1456279867
ibr-17_ibr-3_1.txt 1024 1456276408 1456278018
ibr-17_ibr-50_1.txt 1024 1456276407 1456278323
ibr-17_ibr-50_2.txt 1024 1456276407 1456278323
ibr-17_ibr-7_1.txt 1024 1456276407 1456279682
ibr-18_ibr-15_1.txt 1024 1456276408 1456278833
ibr-18_ibr-19_1.txt 1024 1456276408 1456278108
ibr-18_ibr-21_1.txt 0 1456276407 1456276407
ibr-18_ibr-2_1.txt 1024 1456276408 1456278913
ibr-18_ibr-24_1.txt 1024 1456276407 1456280287
ibr-18_ibr-36_1.txt 1024 1456276407 1456277893
ibr-18_ibr-39_1.txt 1024 1456276407 1456279837
ibr-18_ibr-4_1.txt 1024 1456276407 1456280837
ibr-18_ibr-51_1.txt 0 1456276408 1456276408
ibr-18_ibr-53_1.txt 1024 1456276408 1456278993
ibr-18_ibr-54_1.txt 1024 1456276408 1456279378
ibr-18_ibr-7_1.txt 1024 1456276408 1456279088
ibr-19_ibr-12_1.txt 1024 1456276408 1456278918
ibr-19_ibr-18_1.txt 1024 1456276408 1456277691
ibr-19_ibr-22_1.txt 1024 1456276408 1456278078
ibr-19_ibr-30_1.txt 1024 1456276408 1456279852
ibr-19_ibr-35_1.txt 1024 1456276407 1456282063
ibr-19_ibr-40_1.txt 1024 1456276407 1456278993
ibr-19_ibr-44_1.txt 1024 1456276408 1456279877
ibr-19_ibr-44_2.txt 1024 1456276408 1456279877
ibr-19_ibr-46_1.txt 1024 1456276408 1456279054
ibr-19_ibr-47_1.txt 1024 1456276408 1456282273
ibr-19_ibr-55_1.txt 1024 1456276407 1456278668
ibr-19_ibr-9_1.txt 1024 1456276407 1456279049
ibr-1_ibr-11_1.txt 0 1456276408 1456276408
ibr-1_ibr-11_2.txt 0 1456276408 1456276408
ibr-1_ibr-11_3.txt 0 1456276408 1456276408
ibr-1_ibr-11_4.txt 0 1456276408 1456276408
ibr-1_ibr-11_5.txt 0 1456276407 1456276407
ibr-1_ibr-11_6.txt 0 1456276408 1456276408
ibr-1_ibr-11_7.txt 0 1456276408 1456276408
ibr-1_ibr-16_1.txt 0 1456276408 1456276408
ibr-1_ibr-16_2.txt 0 1456276408 1456276408
ibr-1_ibr-16_3.txt 0 1456276408 1456276408
ibr-1_ibr-16_4.txt 0 1456276408 1456276408
ibr-1_ibr-16_5.txt 0 1456276408 1456276408
ibr-1_ibr-21_1.txt 0 1456276407 1456276407
ibr-1_ibr-21_2.txt 0 1456276408 1456276408
ibr-1_ibr-21_3.txt 0 1456276407 1456276407
ibr-1_ibr-26_1.txt 0 1456276407 1456276407
ibr-1_ibr-26_2.txt 0 1456276408 1456276408
ibr-1_ibr-26_3.txt 0 1456276408 1456276408
ibr-1_ibr-26_4.txt 0 1456276408 1456276408
ibr-1_ibr-31_1.txt 0 1456276408 1456276408
ibr-1_ibr-31_2.txt 0 1456276408 1456276408
ibr-1_ibr-36_1.txt 0 1456276407 1456276407
ibr-1_ibr-36_2.txt 0 1456276408 1456276408
ibr-1_ibr-36_3.txt 0 1456276408 1456276408
ibr-1_ibr-36_4.txt 0 1456276408 1456276408
ibr-1_ibr-41_1.txt 0 1456276407 1456276407
ibr-1_ibr-41_2.txt 0 1456276408 1456276408
ibr-1_ibr-41_3.txt 0 1456276408 1456276408
ibr-1_ibr-46_1.txt 0 1456276408 1456276408
ibr-1_ibr-46_2.txt 0 1456276408 1456276408
ibr-1_ibr-46_3.txt 0 1456276408 1456276408
ibr-1_ibr-46_4.txt 0 1456276407 1456276407
ibr-1_ibr-51_1.txt 0 1456276408 1456276408
ibr-1_ibr-51_2.txt 0 1456276408 1456276408
ibr-1_ibr-56_1.txt 0 1456276408 1456276408
ibr-1_ibr-56_2.txt 0 1456276407 1456276407
ibr-1_ibr-56_3.txt 0 1456276407 1456276407
ibr-1_ibr-56_4.txt 0 1456276408 1456276408
ibr-1_ibr-56_5.txt 0 1456276407 1456276407
ibr-1_ibr-56_6.txt 0 1456276407 1456276407
ibr-1_ibr-56_7.txt 0 1456276408 1456276408
ibr-1_ibr-6_1.txt 1024 1456276408 1456277612
ibr-1_ibr-6_2.txt 1024 1456276408 1456278158
ibr-1_ibr-6_3.txt 1024 1456276408 1456278158
ibr-1_ibr-6_4.txt 1024 1456276408 1456278368
ibr-1_ibr-6_5.txt 1024 1456276408 1456279243
ibr-1_ibr-6_6.txt 1024 1456276408 1456281638
ibr-1_ibr-6_7.txt 1024 1456276408 1456281638
ibr-20_ibr-10_1.txt 1024 1456276407 1456279452
ibr-20_ibr-15_1.txt 1024 1456276408 1456277608
ibr-20_ibr-17_1.txt 1024 1456276408 1456277678
ibr-20_ibr-17_2.txt 1024 1456276408 1456280304
ibr-20_ibr-23_1.txt 0 1456276408 1456276408
ibr-20_ibr-28_1.txt 1024 1456276407 1456279832
ibr-20_ibr-31_1.txt 1024 1456276408 1456278580
ibr-20_ibr-3_1.txt 1024 1456276408 1456281308
ibr-20_ibr-34_1.txt 1024 1456276408 1456277802
ibr-20_ibr-4_1.txt 1024 1456276408 1456277502
ibr-20_ibr-47_1.txt 1024 1456276408 1456277967
ibr-20_ibr-47_2.txt 1024 1456276408 1456277967
ibr-20_ibr-50_1.txt 1024 1456276407 1456277599
ibr-20_ibr-52_1.txt 1024 1456276408 1456279128
ibr-20_ibr-55_1.txt 1024 1456276408 1456277767
ibr-20_ibr-56_1.txt 0 1456276407 1456276407
ibr-21_ibr-11_1.txt 0 1456276408 1456276408
ibr-21_ibr-11_2.txt 0 1456276408 1456276408
ibr-21_ibr-11_3.txt 0 1456276408 1456276408
ibr-21_ibr-11_4.txt 0 1456276408 1456276408
ibr-21_ibr-1_1.txt 0 1456276408 1456276408
ibr-21_ibr-1_2.txt 0 1456276408 1456276408
ibr-21_ibr-1_3.txt 0 1456276407 1456276407
ibr-21_ibr-14_1.txt 1024 1456276408 1456282186
ibr-21_ibr-1_4.txt 0 1456276408 1456276408
ibr-21_ibr-1_5.txt 0 1456276407 1456276407
ibr-21_ibr-16_1.txt 0 1456276408 1456276408
ibr-21_ibr-16_2.txt 0 1456276408 1456276408
ibr-21_ibr-16_3.txt 0 1456276407 1456276407
ibr-21_ibr-16_4.txt 0 1456276408 1456276408
ibr-21_ibr-16_5.txt 0 1456276408 1456276408
ibr-21_ibr-16_6.txt 0 1456276408 1456276408
ibr-21_ibr-16_7.txt 0 1456276408 1456276408
ibr-21_ibr-16_8.txt 0 1456276408 1456276408
ibr-21_ibr-16_9.txt 0 1456276408 1456276408
ibr-21_ibr-1_6.txt 0 1456276408 1456276408
ibr-21_ibr-18_1.txt 0 1456276407 1456276407
ibr-21_ibr-26_1.txt 1024 1456276407 1456278368
ibr-21_ibr-26_2.txt 0 1456276408 1456276408
ibr-21_ibr-26_3.txt 1024 1456276408 1456282612
ibr-21_ibr-26_4.txt 1024 1456276408 1456282612
ibr-21_ibr-31_1.txt 1024 1456276408 1456277497
ibr-21_ibr-31_2.txt 1024 1456276408 1456277637
ibr-21_ibr-31_3.txt 1024 1456276408 1456278693
ibr-21_ibr-31_4.txt 1024 1456276408 1456278693
ibr-21_ibr-31_5.txt 0 1456276407 1456276407
ibr-21_ibr-31_6.txt 0 1456276408 1456276408
ibr-21_ibr-31_7.txt 0 1456276408 1456276408
ibr-21_ibr-34_1.txt 0 1456276408 1456276408
ibr-21_ibr-36_1.txt 0 1456276408 1456276408
ibr-21_ibr-36_2.txt 0 1456276408 1456276408
ibr-21_ibr-36_3.txt 0 1456276408 1456276408
ibr-21_ibr-36_4.txt 0 1456276408 1456276408
ibr-21_ibr-36_5.txt 0 1456276408 1456276408
ibr-21_ibr-36_6.txt 0 1456276408 1456276408
ibr-21_ibr-36_7.txt 0 1456276408 1456276408
ibr-21_ibr-39_1.txt 1024 1456276408 1456281043
ibr-21_ibr-41_1.txt 1024 1456276408 1456278550
ibr-21_ibr-41_2.txt 1024 1456276408 1456278550
ibr-21_ibr-41_3.txt 1024 1456276408 1456278550
ibr-21_ibr-41_4.txt 1024 1456276407 1456281330
ibr-21_ibr-41_5.txt 1024 1456276408 1456281330
ibr-21_ibr-46_1.txt 0 1456276408 1456276408
ibr-21_ibr-46_2.txt 0 1456276408 1456276408
ibr-21_ibr-46_3.txt 0 1456276408 1456276408
ibr-21_ibr-46_4.txt 0 1456276408 1456276408
ibr-21_ibr-46_5.txt 0 1456276409 1456276409
ibr-21_ibr-46_6.txt 0 1456276407 1456276407
ibr-21_ibr-46_7.txt 0 1456276407 1456276407
ibr-21_ibr-47_1.txt 1024 1456276408 1456278133
ibr-21_ibr-51_1.txt 0 1456276407 1456276407
ibr-21_ibr-51_2.txt 0 1456276408 1456276408
ibr-21_ibr-51_3.txt 0 1456276408 1456276408
ibr-21_ibr-5_1.txt 1024 1456276407 1456278883
ibr-21_ibr-55_1.txt 1024 1456276408 1456280834
ibr-21_ibr-56_1.txt 0 1456276408 1456276408
ibr-21_ibr-56_2.txt 0 1456276408 1456276408
ibr-21_ibr-56_3.txt 0 1456276408 1456276408
ibr-21_ibr-56_4.txt 0 1456276408 1456276408
ibr-21_ibr-56_5.txt 0 1456276408 1456276408
ibr-21_ibr-56_6.txt 0 1456276408 1456276408
ibr-21_ibr-6_1.txt 1024 1456276408 1456278097
ibr-21_ibr-6_2.txt 1024 1456276408 1456278097
ibr-21_ibr-6_3.txt 1024 1456276408 1456278097
ibr-21_ibr-6_4.txt 1024 1456276407 1456278488
ibr-21_ibr-6_5.txt 1024 1456276408 1456281753
ibr-21_ibr-8_1.txt 1024 1456276407 1456278132
ibr-22_ibr-15_1.txt 1024 1456276408 1456279553
ibr-22_ibr-19_1.txt 1024 1456276408 1456281348
ibr-22_ibr-2_1.txt 1024 1456276408 1456279418
ibr-22_ibr-24_1.txt 1024 1456276408 1456279018
ibr-22_ibr-25_1.txt 1024 1456276408 1456279888
ibr-22_ibr-35_1.txt 1024 1456276408 1456279353
ibr-22_ibr-40_1.txt 1024 1456276408 1456277537
ibr-22_ibr-40_2.txt 1024 1456276408 1456280853
ibr-22_ibr-4_1.txt 1024 1456276409 1456279792
ibr-22_ibr-47_1.txt 1024 1456276408 1456281763
ibr-22_ibr-49_1.txt 1024 1456276408 1456279637
ibr-22_ibr-52_1.txt 1024 1456276408 1456281223
ibr-22_ibr-9_1.txt 1024 1456276407 1456278152
ibr-23_ibr-16_1.txt 1024 1456276407 1456278743
ibr-23_ibr-19_1.txt 1024 1456276408 1456278603
ibr-23_ibr-21_1.txt 1024 1456276407 1456279199
ibr-23_ibr-25_1.txt 1024 1456276408 1456278237
ibr-23_ibr-30_1.txt 1024 1456276408 1456280437
ibr-23_ibr-31_1.txt 1024 1456276408 1456278588
ibr-23_ibr-31_2.txt 1024 1456276407 1456281298
ibr-23_ibr-34_1.txt 1024 1456276408 1456277817
ibr-23_ibr-44_1.txt 1024 1456276408 1456279053
ibr-23_ibr-47_1.txt 1024 1456276408 1456278289
ibr-23_ibr-49_1.txt 1024 1456276408 1456281323
ibr-23_ibr-51_1.txt 0 1456276408 1456276408
ibr-23_ibr-52_1.txt 1024 1456276408 1456278247
ibr-24_ibr-16_1.txt 1024 1456276408 1456280277
ibr-24_ibr-22_1.txt 1024 1456276408 1456277747
ibr-24_ibr-26_1.txt 1024 1456276407 1456277317
ibr-24_ibr-32_1.txt 1024 1456276408 1456279008
ibr-24_ibr-36_1.txt 1024 1456276407 1456279024
ibr-24_ibr-38_1.txt 1024 1456276407 1456278978
ibr-24_ibr-41_1.txt 1024 1456276407 1456278343
ibr-24_ibr-41_2.txt 1024 1456276407 1456278550
ibr-24_ibr-4_1.txt 1024 1456276407 1456278818
ibr-24_ibr-9_1.txt 1024 1456276407 1456278823
ibr-25_ibr-13_1.txt 1024 1456276407 1456281435
ibr-25_ibr-23_1.txt 1024 1456276408 1456279328
ibr-25_ibr-24_1.txt 1024 1456276408 1456278573
ibr-25_ibr-29_1.txt 1024 1456276407 1456278097
ibr-25_ibr-29_2.txt 1024 1456276407 1456278097
ibr-25_ibr-40_1.txt 1024 1456276407 1456279353
ibr-25_ibr-42_1.txt 1024 1456276408 1456280497
ibr-25_ibr-53_1.txt 1024 1456276408 1456277932
ibr-25_ibr-53_2.txt 1024 1456276408 1456278342
ibr-25_ibr-53_3.txt 1024 1456276408 1456279678
ibr-25_ibr-54_1.txt 1024 1456276408 1456278503
ibr-25_ibr-55_1.txt 1024 1456276408 1456279163
ibr-25_ibr-55_2.txt 1024 1456276408 1456279758
ibr-25_ibr-56_1.txt 0 1456276408 1456276408
ibr-25_ibr-56_2.txt 0 1456276408 1456276408
ibr-25_ibr-6_1.txt 1024 1456276407 1456278257
ibr-25_ibr-7_1.txt 1024 1456276408 1456278512
ibr-26_ibr-11_1.txt 1024 1456276408 1456277322
ibr-26_ibr-11_2.txt 1024 1456276408 1456279298
ibr-26_ibr-11_3.txt 1024 1456276408 1456279298
ibr-26_ibr-11_4.txt 1024 1456276408 1456279298
ibr-26_ibr-11_5.txt 1024 1456276408 1456279298
ibr-26_ibr-1_1.txt 1024 1456276407 1456282088
ibr-26_ibr-16_1.txt 0 1456276408 1456276408
ibr-26_ibr-16_2.txt 0 1456276408 1456276408
ibr-26_ibr-16_3.txt 0 1456276408 1456276408
ibr-26_ibr-16_4.txt 0 1456276407 1456276407
ibr-26_ibr-16_5.txt 0 1456276408 1456276408
ibr-26_ibr-16_6.txt 0 1456276408 1456276408
ibr-26_ibr-16_7.txt 0 1456276408 1456276408
ibr-26_ibr-16_8.txt 0 1456276408 1456276408
ibr-26_ibr-17_1.txt 1024 1456276408 1456278092
ibr-26_ibr-19_1.txt 1024 1456276408 1456279868
ibr-26_ibr-20_1.txt 1024 1456276407 1456280067
ibr-26_ibr-21_1.txt 1024 1456276408 1456277918
ibr-26_ibr-21_2.txt 1024 1456276408 1456277919
ibr-26_ibr-21_3.txt 1024 1456276408 1456277917
ibr-26_ibr-21_4.txt 1024 1456276407 1456279128
ibr-26_ibr-21_5.txt 1024 1456276407 1456279128
ibr-26_ibr-21_6.txt 1024 1456276408 1456279478
ibr-26_ibr-21_7.txt 1024 1456276407 1456280717
ibr-26_ibr-23_1.txt 0 1456276408 1456276408
ibr-26_ibr-31_1.txt 1024 1456276408 1456278580
ibr-26_ibr-31_2.txt 1024 1456276408 1456278580
ibr-26_ibr-31_3.txt 1024 1456276408 1456278580
ibr-26_ibr-31_4.txt 1024 1456276408 1456278580
ibr-26_ibr-31_5.txt 1024 1456276408 1456278580
ibr-26_ibr-31_6.txt 1024 1456276407 1456281233
ibr-26_ibr-35_1.txt 1024 1456276408 1456277297
ibr-26_ibr-36_1.txt 0 1456276408 1456276408
ibr-26_ibr-36_2.txt 0 1456276408 1456276408
ibr-26_ibr-36_3.txt 0 1456276408 1456276408
ibr-26_ibr-36_4.txt 0 1456276408 1456276408
ibr-26_ibr-37_1.txt 1024 1456276408 1456277702
ibr-26_ibr-41_1.txt 1024 1456276408 1456278232
ibr-26_ibr-41_2.txt 1024 1456276408 1456278232
ibr-26_ibr-41_3.txt 1024 1456276408 1456278232
ibr-26_ibr-41_4.txt 1024 1456276408 1456278232
ibr-26_ibr-41_5.txt 1024 1456276407 1456278493
ibr-26_ibr-41_6.txt 1024 1456276409 1456281142
ibr-26_ibr-41_7.txt 1024 1456276408 1456281142
ibr-26_ibr-41_8.txt 1024 1456276408 1456281142
ibr-26_ibr-42_1.txt 1024 1456276408 1456278645
ibr-26_ibr-46_1.txt 0 1456276407 1456276407
ibr-26_ibr-46_2.txt 1024 1456276408 1456280898
ibr-26_ibr-46_3.txt 1024 1456276407 1456280898
ibr-26_ibr-46_4.txt 1024 1456276408 1456280898
ibr-26_ibr-47_1.txt 1024 1456276408 1456279318
ibr-26_ibr-48_1.txt 1024 1456276408 1456279588
ibr-26_ibr-51_1.txt 0 1456276407 1456276407
ibr-26_ibr-51_2.txt 0 1456276408 1456276408
ibr-26_ibr-51_3.txt 0 1456276408 1456276408
ibr-26_ibr-51_4.txt 0 1456276408 1456276408
ibr-26_ibr-51_5.txt 0 1456276407 1456276407
ibr-26_ibr-51_6.txt 0 1456276408 1456276408
ibr-26_ibr-52_1.txt 1024 1456276408 1456278618
ibr-26_ibr-52_2.txt 1024 1456276408 1456278623
ibr-26_ibr-53_1.txt 1024 1456276408 1456282718
ibr-26_ibr-56_1.txt 0 1456276408 1456276408
ibr-26_ibr-56_2.txt 0 1456276408 1456276408
ibr-26_ibr-56_3.txt 0 1456276408 1456276408
ibr-26_ibr-6_1.txt 1024 1456276408 1456278838
ibr-26_ibr-6_2.txt 1024 1456276408 1456278978
ibr-26_ibr-6_3.txt 1024 1456276408 1456282702
ibr-26_ibr-6_4.txt 1024 1456276408 1456282702
ibr-26_ibr-6_5.txt 1024 1456276408 1456282702
ibr-26_ibr-6_6.txt 1024 1456276408 1456282702
ibr-26_ibr-8_1.txt 1024 1456276408 1456277734
ibr-27_ibr-16_1.txt 1024 1456276408 1456279163
ibr-27_ibr-33_1.txt 1024 1456276408 1456277907
ibr-27_ibr-33_2.txt 1024 1456276408 1456279078
ibr-27_ibr-37_1.txt 1024 1456276408 1456279797
ibr-27_ibr-47_1.txt 1024 1456276408 1456278289
ibr-27_ibr-51_1.txt 0 1456276408 1456276408
ibr-28_ibr-10_1.txt 1024 1456276407 1456280593
ibr-28_ibr-17_1.txt 1024 1456276408 1456278103
ibr-28_ibr-18_1.txt 1024 1456276407 1456279967
ibr-28_ibr-27_1.txt 1024 1456276408 1456279792
ibr-28_ibr-3_1.txt 1024 1456276408 1456278783
ibr-28_ibr-34_1.txt 1024 1456276407 1456280187
ibr-28_ibr-4_1.txt 1024 1456276407 1456279832
ibr-28_ibr-42_1.txt 1024 1456276408 1456277945
ibr-28_ibr-42_2.txt 1024 1456276408 1456279373
ibr-28_ibr-48_1.txt 1024 1456276408 1456279728
ibr-28_ibr-51_1.txt 1024 1456276408 1456281364
ibr-28_ibr-56_1.txt 0 1456276408 1456276408
ibr-28_ibr-9_1.txt 1024 1456276407 1456281378
ibr-29_ibr-20_1.txt 0 1456276407 1456276407
ibr-29_ibr-2_1.txt 1024 1456276408 1456278167
ibr-29_ibr-39_1.txt 1024 1456276408 1456279353
ibr-29_ibr-47_1.txt 1024 1456276408 1456279023
ibr-29_ibr-5_1.txt 1024 1456276408 1456278168
ibr-29_ibr-52_1.txt 1024 1456276407 1456278182
ibr-29_ibr-52_2.txt 1024 1456276408 1456278563
ibr-2_ibr-14_1.txt 1024 1456276407 1456277968
ibr-2_ibr-29_1.txt 1024 1456276407 1456277597
ibr-2_ibr-30_1.txt 1024 1456276408 1456278998
ibr-2_ibr-42_1.txt 0 1456276408 1456276408
ibr-2_ibr-48_1.txt 1024 1456276408 1456280117
ibr-2_ibr-48_2.txt 1024 1456276408 1456280117
ibr-2_ibr-50_1.txt 1024 1456276407 1456277862
ibr-2_ibr-53_1.txt 1024 1456276408 1456279038
ibr-2_ibr-54_1.txt 1024 1456276407 1456277872
ibr-2_ibr-7_1.txt 1024 1456276408 1456278983
ibr-2_ibr-7_2.txt 1024 1456276407 1456280587
ibr-30_ibr-17_1.txt 1024 1456276408 1456278273
ibr-30_ibr-18_1.txt 1024 1456276407 1456277447
ibr-30_ibr-24_1.txt 1024 1456276407 1456279867
ibr-30_ibr-36_1.txt 1024 1456276408 1456279318
ibr-30_ibr-40_1.txt 1024 1456276407 1456278398
ibr-30_ibr-41_1.txt 1024 1456276407 1456280057
ibr-30_ibr-44_1.txt 1024 1456276407 1456278378
ibr-30_ibr-45_1.txt 1024 1456276408 1456279613
ibr-30_ibr-50_1.txt 1024 1456276407 1456278998
ibr-30_ibr-50_2.txt 1024 1456276408 1456279997
ibr-31_ibr-11_1.txt 1024 1456276408 1456278403
ibr-31_ibr-11_2.txt 1024 1456276407 1456281258
ibr-31_ibr-11_3.txt 1024 1456276408 1456281258
ibr-31_ibr-11_4.txt 1024 1456276408 1456282088
ibr-31_ibr-1_1.txt 0 1456276408 1456276408
ibr-31_ibr-1_2.txt 0 1456276408 1456276408
ibr-31_ibr-1_3.txt 0 1456276408 1456276408
ibr-31_ibr-1_4.txt 0 1456276408 1456276408
ibr-31_ibr-1_5.txt 0 1456276408 1456276408
ibr-31_ibr-16_1.txt 1024 1456276408 1456278454
ibr-31_ibr-16_2.txt 1024 1456276407 1456278663
ibr-31_ibr-16_3.txt 1024 1456276408 1456281649
ibr-31_ibr-20_1.txt 1024 1456276408 1456277792
ibr-31_ibr-20_2.txt 1024 1456276407 1456278708
ibr-31_ibr-21_1.txt 0 1456276408 1456276408
ibr-31_ibr-21_2.txt 0 1456276408 1456276408
ibr-31_ibr-21_3.txt 0 1456276408 1456276408
ibr-31_ibr-21_4.txt 0 1456276408 1456276408
ibr-31_ibr-26_1.txt 1024 1456276408 1456277832
ibr-31_ibr-26_2.txt 1024 1456276408 1456277832
ibr-31_ibr-26_3.txt 1024 1456276408 1456277917
ibr-31_ibr-26_4.txt 1024 1456276408 1456278528
ibr-31_ibr-26_5.txt 1024 1456276408 1456278528
ibr-31_ibr-26_6.txt 1024 1456276408 1456280783
ibr-31_ibr-26_7.txt 1024 1456276408 1456280783
ibr-31_ibr-26_8.txt 1024 1456276408 1456280783
ibr-31_ibr-26_9.txt 1024 1456276408 1456280783
ibr-31_ibr-33_1.txt 1024 1456276408 1456277087
ibr-31_ibr-34_1.txt 1024 1456276408 1456277413
ibr-31_ibr-35_1.txt 1024 1456276407 1456279373
ibr-31_ibr-36_1.txt 1024 1456276407 1456278092
ibr-31_ibr-36_2.txt 1024 1456276408 1456279033
ibr-31_ibr-36_3.txt 1024 1456276408 1456279033
ibr-31_ibr-36_4.txt 1024 1456276407 1456279797
ibr-31_ibr-36_5.txt 1024 1456276407 1456279797
ibr-31_ibr-36_6.txt 1024 1456276407 1456280883
ibr-31_ibr-38_1.txt 1024 1456276408 1456280442
ibr-31_ibr-41_10.txt 0 1456276407 1456276407
ibr-31_ibr-41_1.txt 0 1456276408 1456276408
ibr-31_ibr-41_2.txt 0 1456276408 1456276408
ibr-31_ibr-41_3.txt 0 1456276408 1456276408
ibr-31_ibr-41_4.txt 0 1456276407 1456276407
ibr-31_ibr-41_5.txt 0 1456276407 1456276407
ibr-31_ibr-41_6.txt 0 1456276408 1456276408
ibr-31_ibr-41_7.txt 0 1456276408 1456276408
ibr-31_ibr-41_8.txt 0 1456276408 1456276408
ibr-31_ibr-41_9.txt 0 1456276407 1456276407
ibr-31_ibr-46_1.txt 1024 1456276408 1456277923
ibr-31_ibr-46_2.txt 1024 1456276407 1456277923
ibr-31_ibr-46_3.txt 1024 1456276408 1456278808
ibr-31_ibr-46_4.txt 1024 1456276408 1456278808
ibr-31_ibr-46_5.txt 1024 1456276408 1456278808
ibr-31_ibr-46_6.txt 1024 1456276408 1456278808
ibr-31_ibr-46_7.txt 1024 1456276407 1456278808
ibr-31_ibr-46_8.txt 1024 1456276407 1456281063
ibr-31_ibr-46_9.txt 1024 1456276408 1456281063
ibr-31_ibr-51_1.txt 1024 1456276408 1456279623
ibr-31_ibr-54_1.txt 1024 1456276408 1456278057
ibr-31_ibr-56_1.txt 0 1456276408 1456276408
ibr-31_ibr-56_2.txt 0 1456276407 1456276407
ibr-31_ibr-56_3.txt 0 1456276407 1456276407
ibr-31_ibr-56_4.txt 0 1456276408 1456276408
ibr-31_ibr-6_1.txt 1024 1456276408 1456277952
ibr-31_ibr-6_2.txt 1024 1456276408 1456277952
ibr-31_ibr-6_3.txt 1024 1456276409 1456278496
ibr-31_ibr-6_4.txt 1024 1456276407 1456278496
ibr-31_ibr-6_5.txt 1024 1456276408 1456279153
ibr-31_ibr-6_6.txt 1024 1456276408 1456281143
ibr-32_ibr-12_1.txt 1024 1456276408 1456279114
ibr-32_ibr-16_1.txt 1024 1456276408 1456278648
ibr-32_ibr-19_1.txt 1024 1456276408 1456278598
ibr-32_ibr-21_1.txt 0 1456276408 1456276408
ibr-32_ibr-40_1.txt 1024 1456276408 1456277447
ibr-32_ibr-50_1.txt 1024 1456276408 1456278943
ibr-32_ibr-54_1.txt 1024 1456276408 1456278563
ibr-33_ibr-13_1.txt 1024 1456276407 1456279862
ibr-33_ibr-14_1.txt 1024 1456276407 1456279588
ibr-33_ibr-19_1.txt 1024 1456276408 1456278598
ibr-33_ibr-20_1.txt 1024 1456276408 1456277607
ibr-33_ibr-22_1.txt 1024 1456276407 1456277627
ibr-33_ibr-31_1.txt 1024 1456276409 1456278319
ibr-33_ibr-34_1.txt 1024 1456276408 1456279662
ibr-33_ibr-39_1.txt 1024 1456276407 1456279433
ibr-33_ibr-4_1.txt 1024 1456276407 1456278743
ibr-33_ibr-43_1.txt 1024 1456276408 1456277842
ibr-33_ibr-46_1.txt 1024 1456276408 1456279373
ibr-33_ibr-47_1.txt 1024 1456276407 1456280843
ibr-33_ibr-48_1.txt 1024 1456276407 1456279148
ibr-33_ibr-49_1.txt 1024 1456276408 1456279587
ibr-33_ibr-53_1.txt 1024 1456276408 1456277907
ibr-33_ibr-56_1.txt 0 1456276408 1456276408
ibr-34_ibr-18_1.txt 1024 1456276407 1456280528
ibr-34_ibr-20_1.txt 1024 1456276408 1456278157
ibr-34_ibr-20_2.txt 1024 1456276407 1456279623
ibr-34_ibr-22_1.txt 1024 1456276408 1456278856
ibr-34_ibr-23_1.txt 1024 1456276408 1456278608
ibr-34_ibr-25_1.txt 1024 1456276407 1456279133
ibr-34_ibr-26_1.txt 1024 1456276408 1456277832
ibr-34_ibr-38_1.txt 1024 1456276408 1456278843
ibr-34_ibr-39_1.txt 1024 1456276408 1456278993
ibr-34_ibr-4_1.txt 1024 1456276407 1456279892
ibr-34_ibr-48_1.txt 1024 1456276408 1456278823
ibr-34_ibr-50_1.txt 1024 1456276407 1456278798
ibr-34_ibr-9_1.txt 1024 1456276407 1456278908
ibr-35_ibr-10_1.txt 1024 1456276408 1456277560
ibr-35_ibr-17_1.txt 1024 1456276408 1456280329
ibr-35_ibr-23_1.txt 1024 1456276408 1456277872
ibr-35_ibr-29_1.txt 1024 1456276407 1456278528
ibr-35_ibr-33_1.txt 1024 1456276408 1456276948
ibr-35_ibr-8_1.txt 1024 1456276408 1456279278
ibr-36_ibr-10_1.txt 1024 1456276408 1456277878
ibr-36_ibr-11_1.txt 1024 1456276408 1456278858
ibr-36_ibr-11_2.txt 1024 1456276408 1456278858
ibr-36_ibr-11_3.txt 1024 1456276408 1456278858
ibr-36_ibr-11_4.txt 1024 1456276408 1456279388
ibr-36_ibr-11_5.txt 1024 1456276408 1456281258
ibr-36_ibr-1_1.txt 0 1456276407 1456276407
ibr-36_ibr-1_2.txt 0 1456276408 1456276408
ibr-36_ibr-1_3.txt 0 1456276408 1456276408
ibr-36_ibr-1_4.txt 0 1456276407 1456276407
ibr-36_ibr-16_1.txt 0 1456276408 1456276408
ibr-36_ibr-16_2.txt 1024 1456276408 1456279518
ibr-36_ibr-16_3.txt 0 1456276407 1456276407
ibr-36_ibr-16_4.txt 0 1456276408 1456276408
ibr-36_ibr-16_5.txt 0 1456276408 1456276408
ibr-36_ibr-16_6.txt 0 1456276408 1456276408
ibr-36_ibr-16_7.txt 0 1456276408 1456276408
ibr-36_ibr-21_1.txt 0 1456276407 1456276407
ibr-36_ibr-21_2.txt 0 1456276407 1456276407
ibr-36_ibr-21_3.txt 0 1456276407 1456276407
ibr-36_ibr-25_1.txt 1024 1456276408 1456281898
ibr-36_ibr-26_1.txt 1024 1456276408 1456278298
ibr-36_ibr-26_2.txt 1024 1456276408 1456278298
ibr-36_ibr-26_3.txt 1024 1456276408 1456278298
ibr-36_ibr-26_4.txt 1024 1456276408 1456282503
ibr-36_ibr-31_1.txt 1024 1456276408 1456278067
ibr-36_ibr-31_2.txt 1024 1456276408 1456278078
ibr-36_ibr-31_3.txt 1024 1456276408 1456278763
ibr-36_ibr-31_4.txt 1024 1456276407 1456280357
ibr-36_ibr-31_5.txt 1024 1456276407 1456280357
ibr-36_ibr-31_6.txt 1024 1456276407 1456282543
ibr-36_ibr-41_1.txt 0 1456276407 1456276407
ibr-36_ibr-41_2.txt 0 1456276407 1456276407
ibr-36_ibr-41_3.txt 0 1456276407 1456276407
ibr-36_ibr-41_4.txt 0 1456276408 1456276408
ibr-36_ibr-42_1.txt 1024 1456276407 1456278328
ibr-36_ibr-46_1.txt 1024 1456276407 1456278669
ibr-36_ibr-46_2.txt 0 1456276408 1456276408
ibr-36_ibr-46_3.txt 0 1456276407 1456276407
ibr-36_ibr-46_4.txt 0 1456276407 1456276407
ibr-36_ibr-46_5.txt 0 1456276407 1456276407
ibr-36_ibr-46_6.txt 0 1456276407 1456276407
ibr-36_ibr-50_1.txt 1024 1456276407 1456280108
ibr-36_ibr-51_1.txt 1024 1456276408 1456277937
ibr-36_ibr-51_2.txt 1024 1456276408 1456279368
ibr-36_ibr-51_3.txt 1024 1456276408 1456279368
ibr-36_ibr-51_4.txt 1024 1456276407 1456279368
ibr-36_ibr-51_5.txt 1024 1456276408 1456279368
ibr-36_ibr-51_6.txt 1024 1456276408 1456281686
ibr-36_ibr-51_7.txt 1024 1456276407 1456281686
ibr-36_ibr-51_8.txt 1024 1456276408 1456281686
ibr-36_ibr-53_1.txt 1024 1456276408 1456277262
ibr-36_ibr-56_1.txt 0 1456276408 1456276408
ibr-36_ibr-56_2.txt 0 1456276408 1456276408
ibr-36_ibr-56_3.txt 0 1456276408 1456276408
ibr-36_ibr-56_4.txt 0 1456276408 1456276408
ibr-36_ibr-56_5.txt 0 1456276408 1456276408
ibr-36_ibr-56_6.txt 0 1456276407 1456276407
ibr-36_ibr-56_7.txt 0 1456276408 1456276408
ibr-36_ibr-56_8.txt 0 1456276407 1456276407
ibr-36_ibr-56_9.txt 0 1456276408 1456276408
ibr-36_ibr-6_1.txt 0 1456276408 1456276408
ibr-36_ibr-6_2.txt 0 1456276408 1456276408
ibr-36_ibr-6_3.txt 0 1456276408 1456276408
ibr-37_ibr-11_1.txt 1024 1456276408 1456278516
ibr-37_ibr-19_1.txt 1024 1456276408 1456278643
ibr-37_ibr-23_1.txt 1024 1456276408 1456278863
ibr-37_ibr-41_1.txt 0 1456276407 1456276407
ibr-37_ibr-4_1.txt 1024 1456276407 1456278688
ibr-37_ibr-42_1.txt 1024 1456276408 1456278328
ibr-37_ibr-7_1.txt 1024 1456276408 1456278968
ibr-38_ibr-12_1.txt 1024 1456276408 1456279114
ibr-38_ibr-20_1.txt 1024 1456276407 1456278438
ibr-38_ibr-32_1.txt 1024 1456276408 1456278458
ibr-38_ibr-39_1.txt 1024 1456276408 1456277133
ibr-38_ibr-42_1.txt 1024 1456276408 1456279873
ibr-38_ibr-45_1.txt 1024 1456276408 1456279713
ibr-38_ibr-45_2.txt 1024 1456276408 1456279713
ibr-38_ibr-46_1.txt 1024 1456276408 1456278808
ibr-38_ibr-47_1.txt 1024 1456276408 1456279952
ibr-38_ibr-48_1.txt 1024 1456276408 1456280368
ibr-38_ibr-51_1.txt 1024 1456276407 1456281108
ibr-38_ibr-55_1.txt 1024 1456276407 1456279618
ibr-39_ibr-13_1.txt 1024 1456276408 1456280062
ibr-39_ibr-15_1.txt 1024 1456276408 1456278513
ibr-39_ibr-23_1.txt 1024 1456276407 1456278598
ibr-39_ibr-29_1.txt 1024 1456276407 1456279874
ibr-39_ibr-41_1.txt 0 1456276407 1456276407
ibr-39_ibr-50_1.txt 1024 1456276407 1456280664
ibr-39_ibr-52_1.txt 1024 1456276408 1456277847
ibr-39_ibr-54_1.txt 1024 1456276408 1456278688
ibr-39_ibr-6_1.txt 0 1456276408 1456276408
ibr-39_ibr-6_2.txt 0 1456276408 1456276408
ibr-3_ibr-10_1.txt 1024 1456276408 1456279373
ibr-3_ibr-12_1.txt 1024 1456276408 1456277787
ibr-3_ibr-18_1.txt 1024 1456276408 1456279744
ibr-3_ibr-39_1.txt 1024 1456276407 1456279353
ibr-3_ibr-4_1.txt 1024 1456276408 1456277882
ibr-3_ibr-45_1.txt 1024 1456276408 1456279943
ibr-3_ibr-49_1.txt 1024 1456276408 1456279308
ibr-3_ibr-5_1.txt 1024 1456276408 1456278413
ibr-40_ibr-14_1.txt 1024 1456276407 1456277207
ibr-40_ibr-26_1.txt 1024 1456276408 1456278298
ibr-40_ibr-27_1.txt 1024 1456276408 1456278499
ibr-40_ibr-31_1.txt 1024 1456276407 1456279248
ibr-40_ibr-3_1.txt 1024 1456276408 1456278202
ibr-40_ibr-32_1.txt 1024 1456276408 1456279726
ibr-40_ibr-34_1.txt 1024 1456276408 1456279418
ibr-40_ibr-35_1.txt 1024 1456276408 1456277438
ibr-40_ibr-37_1.txt 1024 1456276408 1456279053
ibr-40_ibr-38_1.txt 1024 1456276407 1456279033
ibr-40_ibr-39_1.txt 1024 1456276408 1456279078
ibr-40_ibr-4_1.txt 1024 1456276407 1456278691
ibr-40_ibr-42_1.txt 1024 1456276408 1456280935
ibr-40_ibr-48_1.txt 1024 1456276408 1456278303
ibr-41_ibr-10_1.txt 1024 1456276407 1456278963
ibr-41_ibr-10_2.txt 0 1456276408 1456276408
ibr-41_ibr-11_1.txt 0 1456276408 1456276408
ibr-41_ibr-11_2.txt 0 1456276408 1456276408
ibr-41_ibr-11_3.txt 0 1456276408 1456276408
ibr-41_ibr-11_4.txt 0 1456276408 1456276408
ibr-41_ibr-1_1.txt 0 1456276408 1456276408
ibr-41_ibr-1_2.txt 0 1456276408 1456276408
ibr-41_ibr-1_3.txt 0 1456276408 1456276408
ibr-41_ibr-1_4.txt 0 1456276407 1456276407
ibr-41_ibr-16_1.txt 0 1456276408 1456276408
ibr-41_ibr-16_2.txt 0 1456276408 1456276408
ibr-41_ibr-16_3.txt 0 1456276408 1456276408
ibr-41_ibr-16_4.txt 0 1456276408 1456276408
ibr-41_ibr-16_5.txt 0 1456276408 1456276408
ibr-41_ibr-19_1.txt 0 1456276408 1456276408
ibr-41_ibr-21_1.txt 1024 1456276408 1456279653
ibr-41_ibr-21_2.txt 1024 1456276408 1456279653
ibr-41_ibr-21_3.txt 1024 1456276408 1456279653
ibr-41_ibr-21_4.txt 1024 1456276407 1456279653
ibr-41_ibr-21_5.txt 0 1456276408 1456276408
ibr-41_ibr-21_6.txt 0 1456276408 1456276408
ibr-41_ibr-21_7.txt 0 1456276408 1456276408
ibr-41_ibr-21_8.txt 0 1456276407 1456276407
ibr-41_ibr-25_1.txt 1024 1456276408 1456280932
ibr-41_ibr-30_1.txt 0 1456276408 1456276408
ibr-41_ibr-31_1.txt 0 1456276408 1456276408
ibr-41_ibr-31_2.txt 0 1456276408 1456276408
ibr-41_ibr-31_3.txt 0 1456276408 1456276408
ibr-41_ibr-36_1.txt 0 1456276408 1456276408
ibr-41_ibr-36_2.txt 0 1456276408 1456276408
ibr-41_ibr-36_3.txt 0 1456276407 1456276407
ibr-41_ibr-37_1.txt 0 1456276408 1456276408
ibr-41_ibr-43_1.txt 1024 1456276408 1456278102
ibr-41_ibr-46_1.txt 0 1456276408 1456276408
ibr-41_ibr-46_2.txt 0 1456276407 1456276407
ibr-41_ibr-46_3.txt 0 1456276408 1456276408
ibr-41_ibr-46_4.txt 0 1456276408 1456276408
ibr-41_ibr-46_5.txt 0 1456276407 1456276407
ibr-41_ibr-46_6.txt 0 1456276408 1456276408
ibr-41_ibr-51_1.txt 0 1456276408 1456276408
ibr-41_ibr-51_2.txt 0 1456276408 1456276408
ibr-41_ibr-51_3.txt 0 1456276408 1456276408
ibr-41_ibr-51_4.txt 0 1456276408 1456276408
ibr-41_ibr-51_5.txt 0 1456276408 1456276408
ibr-41_ibr-56_1.txt 0 1456276408 1456276408
ibr-41_ibr-56_2.txt 0 1456276408 1456276408
ibr-41_ibr-56_3.txt 0 1456276408 1456276408
ibr-41_ibr-56_4.txt 0 1456276408 1456276408
ibr-41_ibr-56_5.txt 0 1456276407 1456276407
ibr-41_ibr-56_6.txt 0 1456276408 1456276408
ibr-41_ibr-56_7.txt 0 1456276408 1456276408
ibr-41_ibr-56_8.txt 0 1456276408 1456276408
ibr-41_ibr-6_1.txt 1024 1456276408 1456279155
ibr-41_ibr-6_2.txt 0 1456276408 1456276408
ibr-41_ibr-6_3.txt 0 1456276408 1456276408
ibr-41_ibr-6_4.txt 0 1456276408 1456276408
ibr-42_ibr-14_1.txt 1024 1456276408 1456277787
ibr-42_ibr-24_1.txt 1024 1456276408 1456278308
ibr-42_ibr-25_1.txt 1024 1456276408 1456278513
ibr-42_ibr-26_1.txt 1024 1456276408 1456280387
ibr-42_ibr-29_1.txt 1024 1456276407 1456279313
ibr-42_ibr-33_1.txt 1024 1456276408 1456279687
ibr-42_ibr-35_1.txt 1024 1456276408 1456278328
ibr-42_ibr-37_1.txt 1024 1456276408 1456281943
ibr-42_ibr-44_1.txt 1024 1456276407 1456277058
ibr-42_ibr-44_2.txt 1024 1456276407 1456277842
ibr-42_ibr-50_1.txt 1024 1456276408 1456279358
ibr-42_ibr-5_1.txt 0 1456276408 1456276408
ibr-43_ibr-12_1.txt 1024 1456276408 1456279778
ibr-43_ibr-19_1.txt 1024 1456276408 1456278108
ibr-43_ibr-28_1.txt 1024 1456276408 1456278843
ibr-43_ibr-4_1.txt 1024 1456276407 1456279188
ibr-43_ibr-42_1.txt 1024 1456276408 1456279333
ibr-43_ibr-48_1.txt 1024 1456276408 1456279728
ibr-43_ibr-55_1.txt 1024 1456276408 1456278117
ibr-43_ibr-7_1.txt 1024 1456276408 1456282404
ibr-44_ibr-12_1.txt 1024 1456276408 1456277318
ibr-44_ibr-15_1.txt 1024 1456276407 1456280859
ibr-44_ibr-19_1.txt 1024 1456276408 1456279877
ibr-44_ibr-21_1.txt 1024 1456276408 1456280717
ibr-44_ibr-23_1.txt 1024 1456276408 1456277302
ibr-44_ibr-27_1.txt 1024 1456276408 1456278378
ibr-44_ibr-35_1.txt 1024 1456276408 1456278548
ibr-44_ibr-36_1.txt 0 1456276408 1456276408
ibr-44_ibr-39_1.txt 1024 1456276408 1456280059
ibr-44_ibr-4_1.txt 1024 1456276407 1456279463
ibr-44_ibr-4_2.txt 1024 1456276409 1456279463
ibr-44_ibr-51_1.txt 0 1456276407 1456276407
ibr-44_ibr-53_1.txt 1024 1456276408 1456279688
ibr-45_ibr-17_1.txt 1024 1456276408 1456279874
ibr-45_ibr-22_1.txt 1024 1456276408 1456280832
ibr-45_ibr-31_1.txt 1024 1456276408 1456278288
ibr-45_ibr-32_1.txt 1024 1456276408 1456278353
ibr-45_ibr-32_2.txt 1024 1456276408 1456279023
ibr-45_ibr-35_1.txt 1024 1456276408 1456278998
ibr-45_ibr-44_1.txt 1024 1456276407 1456278608
ibr-45_ibr-47_1.txt 1024 1456276408 1456279078
ibr-45_ibr-8_1.txt 1024 1456276408 1456278277
ibr-46_ibr-11_1.txt 1024 1456276408 1456278788
ibr-46_ibr-11_2.txt 1024 1456276408 1456278986
ibr-46_ibr-11_3.txt 0 1456276407 1456276407
ibr-46_ibr-11_4.txt 0 1456276408 1456276408
ibr-46_ibr-11_5.txt 0 1456276408 1456276408
ibr-46_ibr-1_1.txt 0 1456276408 1456276408
ibr-46_ibr-1_2.txt 0 1456276408 1456276408
ibr-46_ibr-1_3.txt 0 1456276408 1456276408
ibr-46_ibr-1_4.txt 0 1456276408 1456276408
ibr-46_ibr-16_1.txt 0 1456276407 1456276407
ibr-46_ibr-16_2.txt 0 1456276408 1456276408
ibr-46_ibr-21_1.txt 0 1456276408 1456276408
ibr-46_ibr-21_2.txt 0 1456276408 1456276408
ibr-46_ibr-21_3.txt 0 1456276407 1456276407
ibr-46_ibr-21_4.txt 0 1456276408 1456276408
ibr-46_ibr-21_5.txt 0 1456276407 1456276407
ibr-46_ibr-21_6.txt 0 1456276407 1456276407
ibr-46_ibr-21_7.txt 0 1456276407 1456276407
ibr-46_ibr-26_1.txt 1024 1456276408 1456278531
ibr-46_ibr-26_2.txt 1024 1456276408 1456278531
ibr-46_ibr-26_3.txt 1024 1456276408 1456278531
ibr-46_ibr-26_4.txt 1024 1456276408 1456279650
ibr-46_ibr-26_5.txt 1024 1456276408 1456278531
ibr-46_ibr-26_6.txt 1024 1456276408 1456281681
ibr-46_ibr-26_7.txt 1024 1456276408 1456281681
ibr-46_ibr-30_1.txt 1024 1456276408 1456277937
ibr-46_ibr-31_1.txt 1024 1456276408 1456278361
ibr-46_ibr-31_2.txt 1024 1456276408 1456278361
ibr-46_ibr-31_3.txt 1024 1456276407 1456281823
ibr-46_ibr-31_4.txt 1024 1456276407 1456281823
ibr-46_ibr-31_5.txt 1024 1456276407 1456281823
ibr-46_ibr-36_10.txt 0 1456276407 1456276407
ibr-46_ibr-36_1.txt 0 1456276408 1456276408
ibr-46_ibr-36_2.txt 0 1456276408 1456276408
ibr-46_ibr-36_3.txt 0 1456276408 1456276408
ibr-46_ibr-36_4.txt 0 1456276408 1456276408
ibr-46_ibr-36_5.txt 0 1456276408 1456276408
ibr-46_ibr-36_6.txt 0 1456276408 1456276408
ibr-46_ibr-36_7.txt 0 1456276408 1456276408
ibr-46_ibr-36_8.txt 0 1456276407 1456276407
ibr-46_ibr-36_9.txt 0 1456276407 1456276407
ibr-46_ibr-39_1.txt 0 1456276408 1456276408
ibr-46_ibr-41_1.txt 1024 1456276408 1456278428
ibr-46_ibr-41_2.txt 1024 1456276408 1456278428
ibr-46_ibr-41_3.txt 1024 1456276407 1456278428
ibr-46_ibr-41_4.txt 0 1456276407 1456276407
ibr-46_ibr-41_5.txt 0 1456276407 1456276407
ibr-46_ibr-43_1.txt 1024 1456276408 1456281368
ibr-46_ibr-48_1.txt 1024 1456276408 1456277119
ibr-46_ibr-51_1.txt 0 1456276407 1456276407
ibr-46_ibr-51_2.txt 0 1456276408 1456276408
ibr-46_ibr-51_3.txt 1024 1456276407 1456281108
ibr-46_ibr-51_4.txt 1024 1456276408 1456281108
ibr-46_ibr-51_5.txt 1024 1456276408 1456281108
ibr-46_ibr-55_1.txt 1024 1456276408 1456278288
ibr-46_ibr-56_1.txt 0 1456276408 1456276408
ibr-46_ibr-56_2.txt 0 1456276408 1456276408
ibr-46_ibr-6_1.txt 1024 1456276408 1456278368
ibr-46_ibr-6_2.txt 0 1456276408 1456276408
ibr-46_ibr-6_3.txt 0 1456276408 1456276408
ibr-46_ibr-6_4.txt 1024 1456276408 1456282692
ibr-46_ibr-6_5.txt 1024 1456276408 1456282692
ibr-46_ibr-6_6.txt 1024 1456276407 1456282692
ibr-47_ibr-13_1.txt 1024 1456276407 1456280958
ibr-47_ibr-16_1.txt 0 1456276407 1456276407
ibr-47_ibr-17_1.txt 1024 1456276408 1456277962
ibr-47_ibr-20_1.txt 1024 1456276408 1456277912
ibr-47_ibr-27_1.txt 1024 1456276407 1456277637
ibr-47_ibr-27_2.txt 1024 1456276408 1456281093
ibr-47_ibr-4_1.txt 0 1456276407 1456276407
ibr-47_ibr-46_1.txt 1024 1456276408 1456278159
ibr-47_ibr-46_2.txt 1024 1456276407 1456279777
ibr-48_ibr-13_1.txt 1024 1456276407 1456278153
ibr-48_ibr-19_1.txt 1024 1456276408 1456279296
ibr-48_ibr-2_1.txt 1024 1456276408 1456279423
ibr-48_ibr-27_1.txt 1024 1456276408 1456279703
ibr-48_ibr-3_1.txt 1024 1456276408 1456280482
ibr-48_ibr-32_1.txt 1024 1456276408 1456279463
ibr-48_ibr-34_1.txt 1024 1456276407 1456280357
ibr-48_ibr-37_1.txt 1024 1456276408 1456277812
ibr-48_ibr-38_1.txt 1024 1456276407 1456278668
ibr-48_ibr-45_1.txt 1024 1456276408 1456283043
ibr-48_ibr-47_1.txt 1024 1456276408 1456278688
ibr-48_ibr-8_1.txt 1024 1456276408 1456281102
ibr-49_ibr-16_1.txt 1024 1456276408 1456281649
ibr-49_ibr-22_1.txt 1024 1456276408 1456277988
ibr-49_ibr-29_1.txt 1024 1456276408 1456278368
ibr-49_ibr-34_1.txt 1024 1456276408 1456279662
ibr-49_ibr-35_1.txt 1024 1456276408 1456279543
ibr-49_ibr-37_1.txt 1024 1456276407 1456277828
ibr-49_ibr-40_1.txt 1024 1456276407 1456282454
ibr-49_ibr-5_1.txt 1024 1456276408 1456278938
ibr-49_ibr-52_1.txt 1024 1456276408 1456278448
ibr-49_ibr-53_1.txt 1024 1456276408 1456278535
ibr-49_ibr-54_1.txt 1024 1456276408 1456279371
ibr-4_ibr-15_1.txt 1024 1456276408 1456280757
ibr-4_ibr-26_1.txt 1024 1456276408 1456278864
ibr-4_ibr-38_1.txt 1024 1456276407 1456279907
ibr-4_ibr-40_1.txt 1024 1456276407 1456278693
ibr-4_ibr-42_1.txt 0 1456276408 1456276408
ibr-4_ibr-56_1.txt 0 1456276408 1456276408
ibr-4_ibr-9_1.txt 1024 1456276407 1456278808
ibr-50_ibr-11_1.txt 1024 1456276408 1456278224
ibr-50_ibr-16_1.txt 1024 1456276408 1456281649
ibr-50_ibr-20_1.txt 1024 1456276407 1456279028
ibr-50_ibr-24_1.txt 1024 1456276408 1456279018
ibr-50_ibr-25_1.txt 1024 1456276408 1456278232
ibr-50_ibr-30_1.txt 1024 1456276408 1456279997
ibr-50_ibr-31_1.txt 1024 1456276408 1456278421
ibr-50_ibr-31_2.txt 1024 1456276407 1456278898
ibr-50_ibr-3_1.txt 1024 1456276408 1456278323
ibr-50_ibr-32_1.txt 1024 1456276408 1456280963
ibr-50_ibr-34_1.txt 1024 1456276407 1456279993
ibr-50_ibr-37_1.txt 1024 1456276408 1456278978
ibr-50_ibr-4_1.txt 1024 1456276408 1456278608
ibr-50_ibr-42_1.txt 1024 1456276408 1456277682
ibr-50_ibr-43_1.txt 1024 1456276408 1456279238
ibr-50_ibr-47_1.txt 1024 1456276408 1456277599
ibr-50_ibr-49_1.txt 1024 1456276408 1456279717
ibr-50_ibr-5_1.txt 1024 1456276407 1456280497
ibr-50_ibr-8_1.txt 1024 1456276408 1456280407
ibr-51_ibr-11_1.txt 1024 1456276407 1456279782
ibr-51_ibr-11_2.txt 1024 1456276408 1456279782
ibr-51_ibr-11_3.txt 1024 1456276408 1456279782
ibr-51_ibr-11_4.txt 1024 1456276407 1456279782
ibr-51_ibr-11_5.txt 1024 1456276408 1456279782
ibr-51_ibr-11_6.txt 1024 1456276407 1456279782
ibr-51_ibr-11_7.txt 0 1456276407 1456276407
ibr-51_ibr-1_1.txt 0 1456276408 1456276408
ibr-51_ibr-1_2.txt 0 1456276408 1456276408
ibr-51_ibr-1_3.txt 0 1456276408 1456276408
ibr-51_ibr-1_4.txt 0 1456276407 1456276407
ibr-51_ibr-1_5.txt 0 1456276407 1456276407
ibr-51_ibr-16_1.txt 1024 1456276407 1456279158
ibr-51_ibr-16_2.txt 1024 1456276407 1456279158
ibr-51_ibr-16_3.txt 0 1456276408 1456276408
ibr-51_ibr-16_4.txt 0 1456276407 1456276407
ibr-51_ibr-16_5.txt 0 1456276408 1456276408
ibr-51_ibr-16_6.txt 0 1456276408 1456276408
ibr-51_ibr-16_7.txt 0 1456276408 1456276408
ibr-51_ibr-16_8.txt 0 1456276408 1456276408
ibr-51_ibr-17_1.txt 0 1456276408 1456276408
ibr-51_ibr-21_1.txt 0 1456276408 1456276408
ibr-51_ibr-21_2.txt 0 1456276408 1456276408
ibr-51_ibr-21_3.txt 0 1456276408 1456276408
ibr-51_ibr-21_4.txt 0 1456276407 1456276407
ibr-51_ibr-21_5.txt 0 1456276407 1456276407
ibr-51_ibr-21_6.txt 0 1456276408 1456276408
ibr-51_ibr-26_1.txt 0 1456276408 1456276408
ibr-51_ibr-26_2.txt 0 1456276408 1456276408
ibr-51_ibr-31_1.txt 1024 1456276408 1456277247
ibr-51_ibr-31_2.txt 1024 1456276408 1456277297
ibr-51_ibr-31_3.txt 1024 1456276408 1456277297
ibr-51_ibr-31_4.txt 1024 1456276408 1456278418
ibr-51_ibr-31_5.txt 1024 1456276408 1456278763
ibr-51_ibr-31_6.txt 1024 1456276409 1456278763
ibr-51_ibr-31_7.txt 1024 1456276407 1456279592
ibr-51_ibr-31_8.txt 1024 1456276407 1456279592
ibr-51_ibr-31_9.txt 1024 1456276407 1456279592
ibr-51_ibr-33_1.txt 1024 1456276408 1456279938
ibr-51_ibr-36_1.txt 1024 1456276408 1456281958
ibr-51_ibr-36_2.txt 1024 1456276407 1456281958
ibr-51_ibr-36_3.txt 1024 1456276408 1456281958
ibr-51_ibr-41_1.txt 0 1456276407 1456276407
ibr-51_ibr-41_2.txt 0 1456276407 1456276407
ibr-51_ibr-41_3.txt 0 1456276407 1456276407
ibr-51_ibr-46_1.txt 1024 1456276408 1456277602
ibr-51_ibr-46_2.txt 1024 1456276407 1456282113
ibr-51_ibr-56_1.txt 0 1456276407 1456276407
ibr-51_ibr-56_2.txt 0 1456276408 1456276408
ibr-51_ibr-56_3.txt 0 1456276407 1456276407
ibr-51_ibr-56_4.txt 0 1456276408 1456276408
ibr-51_ibr-56_5.txt 0 1456276407 1456276407
ibr-51_ibr-6_1.txt 0 1456276408 1456276408
ibr-51_ibr-6_2.txt 0 1456276409 1456276409
ibr-51_ibr-6_3.txt 0 1456276407 1456276407
ibr-51_ibr-6_4.txt 0 1456276407 1456276407
ibr-51_ibr-6_5.txt 0 1456276408 1456276408
ibr-51_ibr-6_6.txt 0 1456276408 1456276408
ibr-51_ibr-6_7.txt 0 1456276408 1456276408
ibr-51_ibr-7_1.txt 0 1456276407 1456276407
ibr-52_ibr-14_1.txt 1024 1456276408 1456278743
ibr-52_ibr-19_1.txt 1024 1456276408 1456279210
ibr-52_ibr-24_1.txt 1024 1456276407 1456281673
ibr-52_ibr-36_1.txt 1024 1456276408 1456279318
ibr-52_ibr-51_1.txt 1024 1456276407 1456277512
ibr-52_ibr-54_1.txt 1024 1456276408 1456277073
ibr-53_ibr-15_1.txt 1024 1456276408 1456279728
ibr-53_ibr-2_1.txt 1024 1456276408 1456280487
ibr-53_ibr-24_1.txt 1024 1456276407 1456279857
ibr-53_ibr-26_1.txt 1024 1456276408 1456277909
ibr-53_ibr-35_1.txt 1024 1456276408 1456278993
ibr-53_ibr-36_1.txt 1024 1456276407 1456282178
ibr-53_ibr-43_1.txt 1024 1456276408 1456277942
ibr-53_ibr-45_1.txt 1024 1456276407 1456279048
ibr-53_ibr-47_1.txt 1024 1456276408 1456279812
ibr-53_ibr-51_1.txt 1024 1456276408 1456279203
ibr-53_ibr-6_1.txt 1024 1456276407 1456279764
ibr-54_ibr-10_1.txt 1024 1456276407 1456277878
ibr-54_ibr-12_1.txt 1024 1456276408 1456279178
ibr-54_ibr-25_1.txt 1024 1456276408 1456278503
ibr-54_ibr-25_2.txt 1024 1456276407 1456279723
ibr-54_ibr-30_1.txt 1024 1456276408 1456280247
ibr-54_ibr-3_1.txt 1024 1456276408 1456278203
ibr-54_ibr-32_1.txt 1024 1456276408 1456278242
ibr-54_ibr-40_1.txt 1024 1456276407 1456281033
ibr-54_ibr-47_1.txt 1024 1456276408 1456281009
ibr-54_ibr-52_1.txt 1024 1456276408 1456278398
ibr-54_ibr-53_1.txt 1024 1456276408 1456278253
ibr-55_ibr-28_1.txt 1024 1456276408 1456277437
ibr-55_ibr-29_1.txt 1024 1456276408 1456280335
ibr-55_ibr-30_1.txt 1024 1456276408 1456280222
ibr-55_ibr-36_1.txt 1024 1456276408 1456277874
ibr-55_ibr-37_1.txt 1024 1456276408 1456277702
ibr-55_ibr-41_1.txt 1024 1456276407 1456280087
ibr-55_ibr-52_1.txt 1024 1456276408 1456278948
ibr-55_ibr-54_1.txt 1024 1456276408 1456278638
ibr-56_ibr-13_1.txt 0 1456276407 1456276407
ibr-56_ibr-16_1.txt 0 1456276408 1456276408
ibr-56_ibr-16_2.txt 0 1456276408 1456276408
ibr-56_ibr-17_1.txt 0 1456276408 1456276408
ibr-56_ibr-25_1.txt 0 1456276407 1456276407
ibr-56_ibr-33_1.txt 0 1456276408 1456276408
ibr-56_ibr-41_1.txt 0 1456276408 1456276408
ibr-56_ibr-43_1.txt 0 1456276408 1456276408
ibr-56_ibr-46_1.txt 1024 1456276408 1456278998
ibr-56_ibr-48_1.txt 1024 1456276408 1456278903
ibr-56_ibr-51_1.txt 1024 1456276408 1456281040
ibr-56_ibr-54_1.txt 1024 1456276408 1456279181
ibr-5_ibr-13_1.txt 1024 1456276407 1456279805
ibr-5_ibr-14_1.txt 1024 1456276408 1456280207
ibr-5_ibr-19_1.txt 1024 1456276408 1456278943
ibr-5_ibr-23_1.txt 1024 1456276407 1456278883
ibr-5_ibr-23_2.txt 1024 1456276408 1456279847
ibr-5_ibr-32_1.txt 1024 1456276408 1456279278
ibr-5_ibr-36_1.txt 0 1456276408 1456276408
ibr-5_ibr-36_2.txt 0 1456276408 1456276408
ibr-5_ibr-42_1.txt 1024 1456276408 1456278167
ibr-5_ibr-43_1.txt 1024 1456276408 1456277712
ibr-5_ibr-49_1.txt 1024 1456276408 1456277737
ibr-5_ibr-49_2.txt 1024 1456276408 1456277978
ibr-6_ibr-11_1.txt 1024 1456276407 1456278685
ibr-6_ibr-11_2.txt 1024 1456276407 1456278684
ibr-6_ibr-11_3.txt 1024 1456276408 1456280243
ibr-6_ibr-11_4.txt 1024 1456276407 1456281743
ibr-6_ibr-1_1.txt 1024 1456276408 1456278903
ibr-6_ibr-1_2.txt 1024 1456276408 1456278903
ibr-6_ibr-1_3.txt 1024 1456276408 1456281528
ibr-6_ibr-15_1.txt 1024 1456276407 1456278703
ibr-6_ibr-16_1.txt 0 1456276408 1456276408
ibr-6_ibr-16_2.txt 0 1456276408 1456276408
ibr-6_ibr-16_3.txt 0 1456276407 1456276407
ibr-6_ibr-16_4.txt 0 1456276408 1456276408
ibr-6_ibr-16_5.txt 0 1456276408 1456276408
ibr-6_ibr-16_6.txt 0 1456276407 1456276407
ibr-6_ibr-16_7.txt 0 1456276408 1456276408
ibr-6_ibr-16_8.txt 0 1456276408 1456276408
ibr-6_ibr-21_10.txt 1024 1456276407 1456281923
ibr-6_ibr-21_1.txt 1024 1456276408 1456277944
ibr-6_ibr-21_2.txt 1024 1456276408 1456277944
ibr-6_ibr-21_3.txt 0 1456276408 1456276408
ibr-6_ibr-21_4.txt 0 1456276408 1456276408
ibr-6_ibr-21_5.txt 0 1456276408 1456276408
ibr-6_ibr-21_6.txt 0 1456276407 1456276407
ibr-6_ibr-21_7.txt 1024 1456276408 1456281923
ibr-6_ibr-21_8.txt 1024 1456276407 1456281923
ibr-6_ibr-21_9.txt 1024 1456276407 1456281923
ibr-6_ibr-26_1.txt 1024 1456276407 1456278521
ibr-6_ibr-26_2.txt 1024 1456276408 1456278520
ibr-6_ibr-26_3.txt 0 1456276408 1456276408
ibr-6_ibr-26_4.txt 1024 1456276408 1456282837
ibr-6_ibr-26_5.txt 1024 1456276407 1456282837
ibr-6_ibr-26_6.txt 1024 1456276407 1456282837
ibr-6_ibr-26_7.txt 1024 1456276407 1456282837
ibr-6_ibr-28_1.txt 1024 1456276408 1456278418
ibr-6_ibr-31_1.txt 1024 1456276408 1456278580
ibr-6_ibr-31_2.txt 0 1456276408 1456276408
ibr-6_ibr-31_3.txt 1024 1456276407 1456282148
ibr-6_ibr-31_4.txt 0 1456276407 1456276407
ibr-6_ibr-31_5.txt 1024 1456276407 1456282553
ibr-6_ibr-31_6.txt 1024 1456276407 1456282553
ibr-6_ibr-32_1.txt 1024 1456276408 1456278037
ibr-6_ibr-33_1.txt 1024 1456276408 1456277952
ibr-6_ibr-36_1.txt 1024 1456276407 1456278638
ibr-6_ibr-36_2.txt 0 1456276408 1456276408
ibr-6_ibr-36_3.txt 0 1456276407 1456276407
ibr-6_ibr-36_4.txt 0 1456276408 1456276408
ibr-6_ibr-41_1.txt 0 1456276408 1456276408
ibr-6_ibr-41_2.txt 0 1456276408 1456276408
ibr-6_ibr-41_3.txt 0 1456276408 1456276408
ibr-6_ibr-41_4.txt 0 1456276408 1456276408
ibr-6_ibr-41_5.txt 0 1456276408 1456276408
ibr-6_ibr-41_6.txt 0 1456276408 1456276408
ibr-6_ibr-4_1.txt 1024 1456276407 1456278057
ibr-6_ibr-46_1.txt 0 1456276408 1456276408
ibr-6_ibr-46_2.txt 0 1456276407 1456276407
ibr-6_ibr-46_3.txt 0 1456276407 1456276407
ibr-6_ibr-50_1.txt 1024 1456276407 1456280407
ibr-6_ibr-51_1.txt 1024 1456276408 1456278658
ibr-6_ibr-51_2.txt 1024 1456276407 1456278658
ibr-6_ibr-51_3.txt 0 1456276408 1456276408
ibr-6_ibr-51_4.txt 0 1456276408 1456276408
ibr-6_ibr-51_5.txt 0 1456276408 1456276408
ibr-6_ibr-51_6.txt 0 1456276407 1456276407
ibr-6_ibr-56_1.txt 0 1456276408 1456276408
ibr-6_ibr-56_2.txt 0 1456276408 1456276408
ibr-6_ibr-56_3.txt 0 1456276407 1456276407
ibr-6_ibr-7_1.txt 1024 1456276407 1456279578
ibr-7_ibr-11_1.txt 1024 1456276408 1456278713
ibr-7_ibr-11_2.txt 1024 1456276408 1456279793
ibr-7_ibr-13_1.txt 1024 1456276407 1456278022
ibr-7_ibr-24_1.txt 1024 1456276408 1456278443
ibr-7_ibr-24_2.txt 1024 1456276407 1456278443
ibr-7_ibr-24_3.txt 1024 1456276408 1456279947
ibr-7_ibr-27_1.txt 1024 1456276408 1456277902
ibr-7_ibr-36_1.txt 1024 1456276407 1456278801
ibr-7_ibr-37_1.txt 1024 1456276408 1456279338
ibr-7_ibr-38_1.txt 1024 1456276408 1456278002
ibr-7_ibr-48_1.txt 1024 1456276407 1456279373
ibr-7_ibr-56_1.txt 0 1456276408 1456276408
ibr-7_ibr-6_1.txt 1024 1456276408 1456278073
ibr-7_ibr-8_1.txt 1024 1456276408 1456278838
ibr-8_ibr-10_1.txt 1024 1456276407 1456276951
ibr-8_ibr-13_1.txt 1024 1456276407 1456279994
ibr-8_ibr-20_1.txt 1024 1456276408 1456277442
ibr-8_ibr-30_1.txt 1024 1456276408 1456278022
ibr-8_ibr-30_2.txt 1024 1456276408 1456279178
ibr-8_ibr-31_1.txt 1024 1456276407 1456279873
ibr-8_ibr-36_1.txt 1024 1456276408 1456280008
ibr-8_ibr-47_1.txt 1024 1456276408 1456278448
ibr-8_ibr-48_1.txt 1024 1456276408 1456280117
ibr-8_ibr-53_1.txt 1024 1456276408 1456278418
ibr-8_ibr-7_1.txt 1024 1456276407 1456279682
ibr-8_ibr-7_2.txt 1024 1456276407 1456279682
ibr-9_ibr-10_1.txt 1024 1456276408 1456279428
ibr-9_ibr-15_1.txt 1024 1456276408 1456278378
ibr-9_ibr-16_1.txt 1024 1456276408 1456277642
ibr-9_ibr-18_1.txt 1024 1456276407 1456280403
ibr-9_ibr-22_1.txt 1024 1456276408 1456280487
ibr-9_ibr-25_1.txt 1024 1456276408 1456279178
ibr-9_ibr-33_1.txt 1024 1456276408 1456279632
ibr-9_ibr-37_1.txt 1024 1456276408 1456279713
ibr-9_ibr-43_1.txt 1024 1456276408 1456282758
ibr-9_ibr-45_1.txt 1024 1456276407 1456281097
ibr-9_ibr-49_1.txt 1024 1456276408 1456278303
ibr-9_ibr-49_2.txt 1024 1456276408 1456279348
ibr-9_ibr-56_1.txt 0 1456276408 1456276408
