# name size  create_time reach_time
ibr-10_ibr-22_1.txt 1024 1456213441 1456214501
ibr-10_ibr-23_1.txt 1024 1456213442 1456214891
ibr-10_ibr-24_1.txt 1024 1456213441 1456217317
ibr-10_ibr-28_1.txt 1024 1456213441 1456214736
ibr-10_ibr-33_1.txt 1024 1456213442 1456215717
ibr-10_ibr-40_1.txt 1024 1456213441 1456217037
ibr-10_ibr-41_1.txt 1024 1456213442 1456214916
ibr-10_ibr-41_2.txt 0 1456213442 1456213442
ibr-10_ibr-42_1.txt 1024 1456213441 1456216052
ibr-10_ibr-49_1.txt 1024 1456213442 1456214771
ibr-10_ibr-49_2.txt 1024 1456213441 1456215157
ibr-10_ibr-49_3.txt 1024 1456213441 1456216842
ibr-10_ibr-50_1.txt 1024 1456213442 1456215096
ibr-10_ibr-50_2.txt 1024 1456213441 1456217017
ibr-10_ibr-53_1.txt 1024 1456213441 1456214936
ibr-11_ibr-1_1.txt 1024 1456213443 1456218281
ibr-11_ibr-12_1.txt 0 1456213441 1456213441
ibr-11_ibr-1_2.txt 1024 1456213441 1456218011
ibr-11_ibr-1_3.txt 1024 1456213442 1456218011
ibr-11_ibr-14_1.txt 0 1456213441 1456213441
ibr-11_ibr-1_4.txt 0 1456213442 1456213442
ibr-11_ibr-1_5.txt 1024 1456213442 1456218521
ibr-11_ibr-16_1.txt 1024 1456213442 1456214346
ibr-11_ibr-16_2.txt 0 1456213442 1456213442
ibr-11_ibr-16_3.txt 1024 1456213442 1456218116
ibr-11_ibr-16_4.txt 0 1456213442 1456213442
ibr-11_ibr-16_5.txt 1024 1456213442 1456218241
ibr-11_ibr-16_6.txt 1024 1456213442 1456218086
ibr-11_ibr-1_6.txt 1024 1456213443 1456218521
ibr-11_ibr-1_7.txt 1024 1456213443 1456218011
ibr-11_ibr-21_1.txt 1024 1456213442 1456214351
ibr-11_ibr-21_2.txt 1024 1456213442 1456214501
ibr-11_ibr-21_3.txt 1024 1456213442 1456218076
ibr-11_ibr-21_4.txt 1024 1456213442 1456217847
ibr-11_ibr-21_5.txt 1024 1456213442 1456218076
ibr-11_ibr-21_6.txt 0 1456213442 1456213442
ibr-11_ibr-21_7.txt 0 1456213443 1456213443
ibr-11_ibr-21_8.txt 1024 1456213442 1456217867
ibr-11_ibr-26_1.txt 1024 1456213442 1456214108
ibr-11_ibr-26_2.txt 1024 1456213442 1456214326
ibr-11_ibr-26_3.txt 1024 1456213442 1456217717
ibr-11_ibr-26_4.txt 0 1456213442 1456213442
ibr-11_ibr-26_5.txt 1024 1456213442 1456217717
ibr-11_ibr-26_6.txt 0 1456213443 1456213443
ibr-11_ibr-26_7.txt 1024 1456213442 1456218527
ibr-11_ibr-28_1.txt 1024 1456213441 1456217087
ibr-11_ibr-29_1.txt 1024 1456213442 1456214621
ibr-11_ibr-30_1.txt 0 1456213442 1456213442
ibr-11_ibr-31_1.txt 1024 1456213442 1456214451
ibr-11_ibr-31_2.txt 1024 1456213443 1456214581
ibr-11_ibr-31_3.txt 1024 1456213442 1456217786
ibr-11_ibr-31_4.txt 1024 1456213442 1456217876
ibr-11_ibr-36_1.txt 1024 1456213442 1456214392
ibr-11_ibr-36_2.txt 1024 1456213442 1456214566
ibr-11_ibr-36_3.txt 1024 1456213443 1456214566
ibr-11_ibr-36_4.txt 1024 1456213443 1456217882
ibr-11_ibr-36_5.txt 1024 1456213442 1456218199
ibr-11_ibr-40_1.txt 1024 1456213441 1456214571
ibr-11_ibr-41_1.txt 1024 1456213441 1456214177
ibr-11_ibr-41_2.txt 1024 1456213442 1456214177
ibr-11_ibr-41_3.txt 1024 1456213442 1456214916
ibr-11_ibr-41_4.txt 1024 1456213443 1456217970
ibr-11_ibr-41_5.txt 1024 1456213443 1456217971
ibr-11_ibr-41_6.txt 1024 1456213442 1456218176
ibr-11_ibr-41_7.txt 0 1456213443 1456213443
ibr-11_ibr-44_1.txt 1024 1456213441 1456217856
ibr-11_ibr-51_1.txt 1024 1456213442 1456214313
ibr-11_ibr-51_2.txt 1024 1456213442 1456214313
ibr-11_ibr-51_3.txt 1024 1456213442 1456214546
ibr-11_ibr-51_4.txt 1024 1456213442 1456214971
ibr-11_ibr-51_5.txt 1024 1456213442 1456218111
ibr-11_ibr-53_1.txt 0 1456213441 1456213441
ibr-11_ibr-55_1.txt 1024 1456213441 1456214252
ibr-11_ibr-56_1.txt 1024 1456213442 1456214352
ibr-11_ibr-56_2.txt 1024 1456213443 1456218021
ibr-11_ibr-56_3.txt 0 1456213442 1456213442
ibr-11_ibr-56_4.txt 0 1456213443 1456213443
ibr-11_ibr-56_5.txt 0 1456213442 1456213442
ibr-11_ibr-56_6.txt 1024 1456213442 1456218401
ibr-11_ibr-56_7.txt 1024 1456213442 1456218021
ibr-11_ibr-6_1.txt 1024 1456213443 1456217778
ibr-11_ibr-6_2.txt 0 1456213443 1456213443
ibr-11_ibr-6_3.txt 1024 1456213442 1456217778
ibr-11_ibr-6_4.txt 1024 1456213442 1456217778
ibr-12_ibr-17_1.txt 1024 1456213441 1456217262
ibr-12_ibr-19_1.txt 1024 1456213441 1456216702
ibr-12_ibr-21_1.txt 1024 1456213443 1456217437
ibr-12_ibr-23_1.txt 0 1456213441 1456213441
ibr-12_ibr-24_1.txt 1024 1456213442 1456214781
ibr-12_ibr-25_1.txt 0 1456213441 1456213441
ibr-12_ibr-26_1.txt 1024 1456213443 1456217728
ibr-12_ibr-56_1.txt 1024 1456213442 1456215907
ibr-13_ibr-14_1.txt 0 1456213441 1456213441
ibr-13_ibr-22_1.txt 1024 1456213441 1456214935
ibr-13_ibr-28_1.txt 1024 1456213441 1456214321
ibr-13_ibr-29_1.txt 1024 1456213441 1456217637
ibr-13_ibr-30_1.txt 1024 1456213441 1456218057
ibr-13_ibr-36_1.txt 0 1456213443 1456213443
ibr-13_ibr-38_1.txt 1024 1456213441 1456214356
ibr-13_ibr-40_1.txt 1024 1456213442 1456214481
ibr-13_ibr-47_1.txt 1024 1456213441 1456218256
ibr-13_ibr-47_2.txt 1024 1456213441 1456218256
ibr-13_ibr-48_1.txt 1024 1456213442 1456216267
ibr-13_ibr-8_1.txt 1024 1456213441 1456216122
ibr-14_ibr-16_1.txt 1024 1456213443 1456215817
ibr-14_ibr-29_1.txt 1024 1456213441 1456215867
ibr-14_ibr-29_2.txt 1024 1456213441 1456216449
ibr-14_ibr-3_1.txt 1024 1456213442 1456214761
ibr-15_ibr-24_1.txt 1024 1456213441 1456216732
ibr-15_ibr-38_1.txt 1024 1456213441 1456216567
ibr-15_ibr-39_1.txt 1024 1456213441 1456214631
ibr-15_ibr-43_1.txt 1024 1456213441 1456216617
ibr-15_ibr-49_1.txt 0 1456213442 1456213442
ibr-15_ibr-5_1.txt 1024 1456213441 1456216787
ibr-15_ibr-55_1.txt 1024 1456213441 1456214332
ibr-15_ibr-6_1.txt 0 1456213442 1456213442
ibr-16_ibr-11_1.txt 1024 1456213442 1456217951
ibr-16_ibr-11_2.txt 1024 1456213442 1456217953
ibr-16_ibr-1_1.txt 1024 1456213442 1456214371
ibr-16_ibr-12_1.txt 0 1456213442 1456213442
ibr-16_ibr-1_2.txt 1024 1456213443 1456214626
ibr-16_ibr-1_3.txt 0 1456213442 1456213442
ibr-16_ibr-1_4.txt 0 1456213442 1456213442
ibr-16_ibr-15_1.txt 1024 1456213442 1456217931
ibr-16_ibr-15_2.txt 1024 1456213441 1456217931
ibr-16_ibr-1_5.txt 0 1456213442 1456213442
ibr-16_ibr-1_6.txt 0 1456213442 1456213442
ibr-16_ibr-1_7.txt 0 1456213442 1456213442
ibr-16_ibr-20_1.txt 1024 1456213441 1456215236
ibr-16_ibr-21_1.txt 1024 1456213443 1456214501
ibr-16_ibr-21_2.txt 1024 1456213442 1456214796
ibr-16_ibr-21_3.txt 0 1456213442 1456213442
ibr-16_ibr-23_1.txt 1024 1456213441 1456215782
ibr-16_ibr-26_1.txt 1024 1456213442 1456218166
ibr-16_ibr-26_2.txt 0 1456213442 1456213442
ibr-16_ibr-31_1.txt 1024 1456213443 1456218056
ibr-16_ibr-37_1.txt 1024 1456213441 1456216087
ibr-16_ibr-40_1.txt 1024 1456213443 1456214062
ibr-16_ibr-41_10.txt 1024 1456213442 1456218176
ibr-16_ibr-41_11.txt 0 1456213442 1456213442
ibr-16_ibr-41_1.txt 1024 1456213442 1456214481
ibr-16_ibr-41_2.txt 1024 1456213442 1456214481
ibr-16_ibr-41_3.txt 1024 1456213442 1456214916
ibr-16_ibr-41_4.txt 1024 1456213442 1456214951
ibr-16_ibr-41_5.txt 1024 1456213443 1456218176
ibr-16_ibr-41_6.txt 0 1456213443 1456213443
ibr-16_ibr-41_7.txt 1024 1456213442 1456218176
ibr-16_ibr-41_8.txt 1024 1456213442 1456218176
ibr-16_ibr-41_9.txt 1024 1456213443 1456218176
ibr-16_ibr-44_1.txt 1024 1456213441 1456218171
ibr-16_ibr-46_1.txt 1024 1456213441 1456214386
ibr-16_ibr-46_2.txt 1024 1456213443 1456214627
ibr-16_ibr-46_3.txt 1024 1456213441 1456218383
ibr-16_ibr-46_4.txt 0 1456213442 1456213442
ibr-16_ibr-46_5.txt 0 1456213442 1456213442
ibr-16_ibr-46_6.txt 1024 1456213443 1456218383
ibr-16_ibr-46_7.txt 1024 1456213442 1456218383
ibr-16_ibr-51_1.txt 1024 1456213441 1456214416
ibr-16_ibr-51_2.txt 1024 1456213442 1456218141
ibr-16_ibr-51_3.txt 0 1456213442 1456213442
ibr-16_ibr-51_4.txt 1024 1456213442 1456218357
ibr-16_ibr-51_5.txt 0 1456213442 1456213442
ibr-16_ibr-51_6.txt 0 1456213442 1456213442
ibr-16_ibr-51_7.txt 0 1456213442 1456213442
ibr-16_ibr-54_1.txt 0 1456213441 1456213441
ibr-16_ibr-56_1.txt 1024 1456213442 1456214561
ibr-16_ibr-56_2.txt 1024 1456213442 1456214561
ibr-16_ibr-56_3.txt 1024 1456213441 1456215907
ibr-16_ibr-56_4.txt 1024 1456213443 1456218401
ibr-16_ibr-56_5.txt 0 1456213443 1456213443
ibr-16_ibr-6_10.txt 1024 1456213442 1456217966
ibr-16_ibr-6_11.txt 1024 1456213442 1456218018
ibr-16_ibr-6_12.txt 0 1456213442 1456213442
ibr-16_ibr-6_1.txt 1024 1456213442 1456214250
ibr-16_ibr-6_2.txt 1024 1456213442 1456214567
ibr-16_ibr-6_3.txt 0 1456213442 1456213442
ibr-16_ibr-6_4.txt 0 1456213442 1456213442
ibr-16_ibr-6_5.txt 1024 1456213442 1456215092
ibr-16_ibr-6_6.txt 1024 1456213442 1456217966
ibr-16_ibr-6_7.txt 1024 1456213442 1456217966
ibr-16_ibr-6_8.txt 0 1456213443 1456213443
ibr-16_ibr-6_9.txt 1024 1456213442 1456217966
ibr-16_ibr-7_1.txt 1024 1456213441 1456217976
ibr-16_ibr-7_2.txt 1024 1456213441 1456217976
ibr-16_ibr-8_1.txt 0 1456213441 1456213441
ibr-17_ibr-10_1.txt 1024 1456213441 1456215307
ibr-17_ibr-11_1.txt 1024 1456213442 1456217261
ibr-17_ibr-12_1.txt 1024 1456213441 1456215952
ibr-17_ibr-19_1.txt 1024 1456213441 1456217072
ibr-17_ibr-2_1.txt 0 1456213441 1456213441
ibr-17_ibr-26_1.txt 1024 1456213442 1456217923
ibr-17_ibr-28_1.txt 1024 1456213441 1456215977
ibr-17_ibr-30_1.txt 1024 1456213441 1456216087
ibr-17_ibr-3_1.txt 1024 1456213441 1456215056
ibr-17_ibr-50_1.txt 1024 1456213441 1456214581
ibr-17_ibr-50_2.txt 0 1456213441 1456213441
ibr-17_ibr-7_1.txt 1024 1456213441 1456216717
ibr-18_ibr-15_1.txt 1024 1456213441 1456215867
ibr-18_ibr-19_1.txt 1024 1456213441 1456215141
ibr-18_ibr-21_1.txt 0 1456213442 1456213442
ibr-18_ibr-2_1.txt 1024 1456213441 1456216477
ibr-18_ibr-24_1.txt 1024 1456213441 1456217321
ibr-18_ibr-36_1.txt 1024 1456213442 1456214471
ibr-18_ibr-39_1.txt 1024 1456213441 1456216917
ibr-18_ibr-4_1.txt 1024 1456213441 1456217871
ibr-18_ibr-51_1.txt 0 1456213442 1456213442
ibr-18_ibr-53_1.txt 1024 1456213441 1456216072
ibr-18_ibr-54_1.txt 1024 1456213442 1456217332
ibr-18_ibr-7_1.txt 1024 1456213441 1456216122
ibr-19_ibr-12_1.txt 1024 1456213441 1456215952
ibr-19_ibr-18_1.txt 0 1456213441 1456213441
ibr-19_ibr-22_1.txt 1024 1456213441 1456214626
ibr-19_ibr-30_1.txt 1024 1456213441 1456216087
ibr-19_ibr-35_1.txt 1024 1456213441 1456218241
ibr-19_ibr-40_1.txt 0 1456213441 1456213441
ibr-19_ibr-44_1.txt 1024 1456213441 1456216912
ibr-19_ibr-44_2.txt 1024 1456213441 1456216912
ibr-19_ibr-46_1.txt 0 1456213442 1456213442
ibr-19_ibr-47_1.txt 1024 1456213442 1456216512
ibr-19_ibr-55_1.txt 1024 1456213441 1456215658
ibr-19_ibr-9_1.txt 1024 1456213441 1456215652
ibr-1_ibr-11_1.txt 1024 1456213442 1456214131
ibr-1_ibr-11_2.txt 1024 1456213442 1456214299
ibr-1_ibr-11_3.txt 1024 1456213442 1456215166
ibr-1_ibr-11_4.txt 0 1456213442 1456213442
ibr-1_ibr-11_5.txt 0 1456213443 1456213443
ibr-1_ibr-11_6.txt 1024 1456213442 1456217761
ibr-1_ibr-11_7.txt 0 1456213442 1456213442
ibr-1_ibr-16_1.txt 1024 1456213442 1456214496
ibr-1_ibr-16_2.txt 1024 1456213442 1456215096
ibr-1_ibr-16_3.txt 0 1456213442 1456213442
ibr-1_ibr-16_4.txt 0 1456213442 1456213442
ibr-1_ibr-16_5.txt 0 1456213442 1456213442
ibr-1_ibr-21_1.txt 1024 1456213442 1456214501
ibr-1_ibr-21_2.txt 0 1456213442 1456213442
ibr-1_ibr-21_3.txt 0 1456213442 1456213442
ibr-1_ibr-26_1.txt 0 1456213442 1456213442
ibr-1_ibr-26_2.txt 0 1456213442 1456213442
ibr-1_ibr-26_3.txt 0 1456213442 1456213442
ibr-1_ibr-26_4.txt 0 1456213442 1456213442
ibr-1_ibr-31_1.txt 0 1456213443 1456213443
ibr-1_ibr-31_2.txt 0 1456213442 1456213442
ibr-1_ibr-36_1.txt 1024 1456213442 1456214207
ibr-1_ibr-36_2.txt 1024 1456213442 1456215106
ibr-1_ibr-36_3.txt 1024 1456213442 1456215106
ibr-1_ibr-36_4.txt 1024 1456213443 1456217917
ibr-1_ibr-41_1.txt 0 1456213442 1456213442
ibr-1_ibr-41_2.txt 0 1456213442 1456213442
ibr-1_ibr-41_3.txt 0 1456213442 1456213442
ibr-1_ibr-46_1.txt 1024 1456213442 1456214776
ibr-1_ibr-46_2.txt 1024 1456213442 1456217931
ibr-1_ibr-46_3.txt 0 1456213442 1456213442
ibr-1_ibr-46_4.txt 0 1456213442 1456213442
ibr-1_ibr-51_1.txt 0 1456213442 1456213442
ibr-1_ibr-51_2.txt 0 1456213442 1456213442
ibr-1_ibr-56_1.txt 1024 1456213443 1456215907
ibr-1_ibr-56_2.txt 1024 1456213443 1456216927
ibr-1_ibr-56_3.txt 1024 1456213442 1456216927
ibr-1_ibr-56_4.txt 1024 1456213442 1456216927
ibr-1_ibr-56_5.txt 0 1456213442 1456213442
ibr-1_ibr-56_6.txt 0 1456213442 1456213442
ibr-1_ibr-56_7.txt 0 1456213442 1456213442
ibr-1_ibr-6_1.txt 1024 1456213442 1456214517
ibr-1_ibr-6_2.txt 1024 1456213442 1456215517
ibr-1_ibr-6_3.txt 1024 1456213442 1456215517
ibr-1_ibr-6_4.txt 1024 1456213442 1456215752
ibr-1_ibr-6_5.txt 0 1456213442 1456213442
ibr-1_ibr-6_6.txt 1024 1456213442 1456217733
ibr-1_ibr-6_7.txt 0 1456213442 1456213442
ibr-20_ibr-10_1.txt 1024 1456213441 1456216487
ibr-20_ibr-15_1.txt 1024 1456213441 1456214646
ibr-20_ibr-17_1.txt 1024 1456213441 1456214712
ibr-20_ibr-17_2.txt 1024 1456213441 1456217261
ibr-20_ibr-23_1.txt 1024 1456213441 1456215772
ibr-20_ibr-28_1.txt 0 1456213441 1456213441
ibr-20_ibr-31_1.txt 1024 1456213443 1456217391
ibr-20_ibr-3_1.txt 1024 1456213441 1456217242
ibr-20_ibr-34_1.txt 1024 1456213441 1456214426
ibr-20_ibr-4_1.txt 1024 1456213441 1456214371
ibr-20_ibr-47_1.txt 1024 1456213442 1456216477
ibr-20_ibr-47_2.txt 1024 1456213442 1456216477
ibr-20_ibr-50_1.txt 1024 1456213442 1456214556
ibr-20_ibr-52_1.txt 1024 1456213441 1456216192
ibr-20_ibr-55_1.txt 1024 1456213441 1456214566
ibr-20_ibr-56_1.txt 1024 1456213443 1456218401
ibr-21_ibr-11_1.txt 1024 1456213442 1456214821
ibr-21_ibr-11_2.txt 1024 1456213442 1456217945
ibr-21_ibr-11_3.txt 0 1456213442 1456213442
ibr-21_ibr-11_4.txt 0 1456213442 1456213442
ibr-21_ibr-1_1.txt 1024 1456213442 1456214441
ibr-21_ibr-1_2.txt 0 1456213442 1456213442
ibr-21_ibr-1_3.txt 0 1456213442 1456213442
ibr-21_ibr-14_1.txt 0 1456213441 1456213441
ibr-21_ibr-1_4.txt 0 1456213442 1456213442
ibr-21_ibr-1_5.txt 0 1456213442 1456213442
ibr-21_ibr-16_1.txt 0 1456213442 1456213442
ibr-21_ibr-16_2.txt 0 1456213442 1456213442
ibr-21_ibr-16_3.txt 1024 1456213442 1456218062
ibr-21_ibr-16_4.txt 0 1456213442 1456213442
ibr-21_ibr-16_5.txt 0 1456213442 1456213442
ibr-21_ibr-16_6.txt 0 1456213443 1456213443
ibr-21_ibr-16_7.txt 0 1456213442 1456213442
ibr-21_ibr-16_8.txt 0 1456213442 1456213442
ibr-21_ibr-16_9.txt 0 1456213442 1456213442
ibr-21_ibr-1_6.txt 0 1456213442 1456213442
ibr-21_ibr-18_1.txt 0 1456213441 1456213441
ibr-21_ibr-26_1.txt 1024 1456213442 1456214751
ibr-21_ibr-26_2.txt 0 1456213442 1456213442
ibr-21_ibr-26_3.txt 0 1456213442 1456213442
ibr-21_ibr-26_4.txt 0 1456213442 1456213442
ibr-21_ibr-31_1.txt 1024 1456213442 1456214451
ibr-21_ibr-31_2.txt 1024 1456213441 1456214531
ibr-21_ibr-31_3.txt 0 1456213443 1456213443
ibr-21_ibr-31_4.txt 1024 1456213442 1456214991
ibr-21_ibr-31_5.txt 0 1456213443 1456213443
ibr-21_ibr-31_6.txt 0 1456213443 1456213443
ibr-21_ibr-31_7.txt 0 1456213442 1456213442
ibr-21_ibr-34_1.txt 0 1456213441 1456213441
ibr-21_ibr-36_1.txt 0 1456213443 1456213443
ibr-21_ibr-36_2.txt 1024 1456213441 1456215081
ibr-21_ibr-36_3.txt 0 1456213442 1456213442
ibr-21_ibr-36_4.txt 0 1456213442 1456213442
ibr-21_ibr-36_5.txt 0 1456213442 1456213442
ibr-21_ibr-36_6.txt 0 1456213443 1456213443
ibr-21_ibr-36_7.txt 0 1456213444 1456213444
ibr-21_ibr-39_1.txt 0 1456213441 1456213441
ibr-21_ibr-41_1.txt 1024 1456213443 1456214951
ibr-21_ibr-41_2.txt 1024 1456213442 1456214951
ibr-21_ibr-41_3.txt 0 1456213442 1456213442
ibr-21_ibr-41_4.txt 0 1456213442 1456213442
ibr-21_ibr-41_5.txt 0 1456213442 1456213442
ibr-21_ibr-46_1.txt 1024 1456213442 1456214627
ibr-21_ibr-46_2.txt 1024 1456213442 1456214776
ibr-21_ibr-46_3.txt 1024 1456213442 1456215207
ibr-21_ibr-46_4.txt 0 1456213442 1456213442
ibr-21_ibr-46_5.txt 0 1456213442 1456213442
ibr-21_ibr-46_6.txt 0 1456213442 1456213442
ibr-21_ibr-46_7.txt 0 1456213443 1456213443
ibr-21_ibr-47_1.txt 1024 1456213441 1456214381
ibr-21_ibr-51_1.txt 0 1456213441 1456213441
ibr-21_ibr-51_2.txt 0 1456213442 1456213442
ibr-21_ibr-51_3.txt 0 1456213442 1456213442
ibr-21_ibr-5_1.txt 0 1456213441 1456213441
ibr-21_ibr-55_1.txt 1024 1456213441 1456215046
ibr-21_ibr-56_1.txt 1024 1456213442 1456214352
ibr-21_ibr-56_2.txt 1024 1456213442 1456215907
ibr-21_ibr-56_3.txt 0 1456213443 1456213443
ibr-21_ibr-56_4.txt 0 1456213443 1456213443
ibr-21_ibr-56_5.txt 0 1456213442 1456213442
ibr-21_ibr-56_6.txt 0 1456213443 1456213443
ibr-21_ibr-6_1.txt 1024 1456213442 1456214317
ibr-21_ibr-6_2.txt 1024 1456213442 1456214138
ibr-21_ibr-6_3.txt 0 1456213442 1456213442
ibr-21_ibr-6_4.txt 0 1456213443 1456213443
ibr-21_ibr-6_5.txt 0 1456213442 1456213442
ibr-21_ibr-8_1.txt 1024 1456213441 1456214281
ibr-22_ibr-15_1.txt 0 1456213441 1456213441
ibr-22_ibr-19_1.txt 1024 1456213442 1456218051
ibr-22_ibr-2_1.txt 1024 1456213441 1456216112
ibr-22_ibr-24_1.txt 1024 1456213441 1456216057
ibr-22_ibr-25_1.txt 1024 1456213441 1456216923
ibr-22_ibr-35_1.txt 1024 1456213441 1456216387
ibr-22_ibr-40_1.txt 1024 1456213442 1456214476
ibr-22_ibr-40_2.txt 1024 1456213441 1456217886
ibr-22_ibr-4_1.txt 1024 1456213442 1456216827
ibr-22_ibr-47_1.txt 1024 1456213442 1456217667
ibr-22_ibr-49_1.txt 0 1456213442 1456213442
ibr-22_ibr-52_1.txt 1024 1456213442 1456217907
ibr-22_ibr-9_1.txt 1024 1456213441 1456214147
ibr-23_ibr-16_1.txt 1024 1456213442 1456214212
ibr-23_ibr-19_1.txt 1024 1456213441 1456215637
ibr-23_ibr-21_1.txt 0 1456213443 1456213443
ibr-23_ibr-25_1.txt 1024 1456213441 1456215271
ibr-23_ibr-30_1.txt 1024 1456213441 1456216837
ibr-23_ibr-31_1.txt 1024 1456213442 1456215727
ibr-23_ibr-31_2.txt 1024 1456213443 1456217362
ibr-23_ibr-34_1.txt 1024 1456213442 1456214232
ibr-23_ibr-44_1.txt 1024 1456213443 1456215972
ibr-23_ibr-47_1.txt 1024 1456213441 1456216057
ibr-23_ibr-49_1.txt 1024 1456213442 1456217762
ibr-23_ibr-51_1.txt 0 1456213442 1456213442
ibr-23_ibr-52_1.txt 1024 1456213441 1456214616
ibr-24_ibr-16_1.txt 1024 1456213443 1456217312
ibr-24_ibr-22_1.txt 0 1456213441 1456213441
ibr-24_ibr-26_1.txt 1024 1456213442 1456214326
ibr-24_ibr-32_1.txt 1024 1456213441 1456216262
ibr-24_ibr-36_1.txt 1024 1456213442 1456214471
ibr-24_ibr-38_1.txt 1024 1456213441 1456216012
ibr-24_ibr-41_1.txt 0 1456213442 1456213442
ibr-24_ibr-41_2.txt 0 1456213442 1456213442
ibr-24_ibr-4_1.txt 1024 1456213441 1456214611
ibr-24_ibr-9_1.txt 1024 1456213441 1456215367
ibr-25_ibr-13_1.txt 1024 1456213441 1456217357
ibr-25_ibr-23_1.txt 1024 1456213441 1456216362
ibr-25_ibr-24_1.txt 0 1456213442 1456213442
ibr-25_ibr-29_1.txt 1024 1456213441 1456214301
ibr-25_ibr-29_2.txt 1024 1456213441 1456214436
ibr-25_ibr-40_1.txt 1024 1456213441 1456217886
ibr-25_ibr-42_1.txt 1024 1456213441 1456217403
ibr-25_ibr-53_1.txt 1024 1456213441 1456214576
ibr-25_ibr-53_2.txt 1024 1456213442 1456215376
ibr-25_ibr-53_3.txt 1024 1456213442 1456216712
ibr-25_ibr-54_1.txt 1024 1456213441 1456215537
ibr-25_ibr-55_1.txt 1024 1456213441 1456215662
ibr-25_ibr-55_2.txt 1024 1456213441 1456216197
ibr-25_ibr-56_1.txt 1024 1456213442 1456214352
ibr-25_ibr-56_2.txt 1024 1456213442 1456214352
ibr-25_ibr-6_1.txt 1024 1456213442 1456215291
ibr-25_ibr-7_1.txt 1024 1456213441 1456216082
ibr-26_ibr-11_1.txt 1024 1456213442 1456214299
ibr-26_ibr-11_2.txt 0 1456213442 1456213442
ibr-26_ibr-11_3.txt 0 1456213442 1456213442
ibr-26_ibr-11_4.txt 0 1456213442 1456213442
ibr-26_ibr-11_5.txt 0 1456213442 1456213442
ibr-26_ibr-1_1.txt 0 1456213442 1456213442
ibr-26_ibr-16_1.txt 0 1456213442 1456213442
ibr-26_ibr-16_2.txt 0 1456213442 1456213442
ibr-26_ibr-16_3.txt 1024 1456213442 1456218336
ibr-26_ibr-16_4.txt 1024 1456213442 1456218336
ibr-26_ibr-16_5.txt 0 1456213442 1456213442
ibr-26_ibr-16_6.txt 1024 1456213442 1456218336
ibr-26_ibr-16_7.txt 1024 1456213443 1456218321
ibr-26_ibr-16_8.txt 1024 1456213443 1456218781
ibr-26_ibr-17_1.txt 1024 1456213441 1456215126
ibr-26_ibr-19_1.txt 1024 1456213442 1456216902
ibr-26_ibr-20_1.txt 0 1456213441 1456213441
ibr-26_ibr-21_1.txt 1024 1456213442 1456214397
ibr-26_ibr-21_2.txt 1024 1456213442 1456214976
ibr-26_ibr-21_3.txt 0 1456213442 1456213442
ibr-26_ibr-21_4.txt 0 1456213443 1456213443
ibr-26_ibr-21_5.txt 1024 1456213442 1456218337
ibr-26_ibr-21_6.txt 1024 1456213442 1456218647
ibr-26_ibr-21_7.txt 0 1456213442 1456213442
ibr-26_ibr-23_1.txt 1024 1456213441 1456217856
ibr-26_ibr-31_1.txt 1024 1456213442 1456214376
ibr-26_ibr-31_2.txt 0 1456213442 1456213442
ibr-26_ibr-31_3.txt 1024 1456213442 1456218041
ibr-26_ibr-31_4.txt 1024 1456213442 1456215246
ibr-26_ibr-31_5.txt 0 1456213442 1456213442
ibr-26_ibr-31_6.txt 0 1456213443 1456213443
ibr-26_ibr-35_1.txt 1024 1456213441 1456214236
ibr-26_ibr-36_1.txt 1024 1456213443 1456215106
ibr-26_ibr-36_2.txt 0 1456213444 1456213444
ibr-26_ibr-36_3.txt 0 1456213443 1456213443
ibr-26_ibr-36_4.txt 0 1456213443 1456213443
ibr-26_ibr-37_1.txt 1024 1456213441 1456214531
ibr-26_ibr-41_1.txt 1024 1456213442 1456214177
ibr-26_ibr-41_2.txt 1024 1456213441 1456214177
ibr-26_ibr-41_3.txt 1024 1456213443 1456214481
ibr-26_ibr-41_4.txt 1024 1456213442 1456215136
ibr-26_ibr-41_5.txt 0 1456213442 1456213442
ibr-26_ibr-41_6.txt 1024 1456213442 1456218697
ibr-26_ibr-41_7.txt 1024 1456213442 1456218251
ibr-26_ibr-41_8.txt 0 1456213442 1456213442
ibr-26_ibr-42_1.txt 0 1456213441 1456213441
ibr-26_ibr-46_1.txt 1024 1456213442 1456214386
ibr-26_ibr-46_2.txt 0 1456213442 1456213442
ibr-26_ibr-46_3.txt 0 1456213442 1456213442
ibr-26_ibr-46_4.txt 1024 1456213442 1456218597
ibr-26_ibr-47_1.txt 1024 1456213441 1456216357
ibr-26_ibr-48_1.txt 1024 1456213441 1456215061
ibr-26_ibr-51_1.txt 1024 1456213442 1456215266
ibr-26_ibr-51_2.txt 1024 1456213442 1456218357
ibr-26_ibr-51_3.txt 1024 1456213442 1456218357
ibr-26_ibr-51_4.txt 1024 1456213442 1456218912
ibr-26_ibr-51_5.txt 0 1456213442 1456213442
ibr-26_ibr-51_6.txt 1024 1456213442 1456218912
ibr-26_ibr-52_1.txt 1024 1456213441 1456215206
ibr-26_ibr-52_2.txt 1024 1456213441 1456215657
ibr-26_ibr-53_1.txt 0 1456213442 1456213442
ibr-26_ibr-56_1.txt 1024 1456213443 1456215907
ibr-26_ibr-56_2.txt 0 1456213442 1456213442
ibr-26_ibr-56_3.txt 1024 1456213442 1456219862
ibr-26_ibr-6_1.txt 0 1456213442 1456213442
ibr-26_ibr-6_2.txt 1024 1456213442 1456218251
ibr-26_ibr-6_3.txt 1024 1456213442 1456218432
ibr-26_ibr-6_4.txt 0 1456213442 1456213442
ibr-26_ibr-6_5.txt 1024 1456213442 1456218787
ibr-26_ibr-6_6.txt 1024 1456213442 1456218657
ibr-26_ibr-8_1.txt 1024 1456213441 1456214252
ibr-27_ibr-16_1.txt 1024 1456213442 1456218061
ibr-27_ibr-33_1.txt 1024 1456213441 1456214951
ibr-27_ibr-33_2.txt 1024 1456213441 1456217606
ibr-27_ibr-37_1.txt 1024 1456213442 1456216832
ibr-27_ibr-47_1.txt 1024 1456213442 1456215632
ibr-27_ibr-51_1.txt 0 1456213442 1456213442
ibr-28_ibr-10_1.txt 1024 1456213442 1456217626
ibr-28_ibr-17_1.txt 1024 1456213442 1456215136
ibr-28_ibr-18_1.txt 0 1456213441 1456213441
ibr-28_ibr-27_1.txt 1024 1456213442 1456216827
ibr-28_ibr-3_1.txt 1024 1456213441 1456216542
ibr-28_ibr-34_1.txt 1024 1456213441 1456217222
ibr-28_ibr-4_1.txt 1024 1456213442 1456217371
ibr-28_ibr-42_1.txt 1024 1456213441 1456214751
ibr-28_ibr-42_2.txt 1024 1456213441 1456218236
ibr-28_ibr-48_1.txt 1024 1456213441 1456217433
ibr-28_ibr-51_1.txt 1024 1456213442 1456218480
ibr-28_ibr-56_1.txt 1024 1456213442 1456218401
ibr-28_ibr-9_1.txt 1024 1456213441 1456217817
ibr-29_ibr-20_1.txt 0 1456213442 1456213442
ibr-29_ibr-2_1.txt 1024 1456213441 1456216202
ibr-29_ibr-39_1.txt 1024 1456213441 1456216332
ibr-29_ibr-47_1.txt 1024 1456213441 1456216057
ibr-29_ibr-5_1.txt 1024 1456213441 1456214751
ibr-29_ibr-52_1.txt 1024 1456213441 1456215217
ibr-29_ibr-52_2.txt 1024 1456213442 1456215967
ibr-2_ibr-14_1.txt 1024 1456213441 1456215079
ibr-2_ibr-29_1.txt 1024 1456213441 1456214631
ibr-2_ibr-30_1.txt 1024 1456213441 1456214701
ibr-2_ibr-42_1.txt 1024 1456213441 1456216907
ibr-2_ibr-48_1.txt 1024 1456213442 1456217966
ibr-2_ibr-48_2.txt 1024 1456213442 1456216737
ibr-2_ibr-50_1.txt 1024 1456213441 1456214711
ibr-2_ibr-53_1.txt 1024 1456213442 1456214921
ibr-2_ibr-54_1.txt 1024 1456213441 1456214906
ibr-2_ibr-7_1.txt 1024 1456213441 1456216337
ibr-2_ibr-7_2.txt 1024 1456213441 1456217757
ibr-30_ibr-17_1.txt 1024 1456213441 1456215226
ibr-30_ibr-18_1.txt 1024 1456213441 1456214217
ibr-30_ibr-24_1.txt 1024 1456213441 1456216902
ibr-30_ibr-36_1.txt 1024 1456213442 1456216722
ibr-30_ibr-40_1.txt 1024 1456213442 1456214661
ibr-30_ibr-41_1.txt 0 1456213443 1456213443
ibr-30_ibr-44_1.txt 1024 1456213441 1456216227
ibr-30_ibr-45_1.txt 1024 1456213441 1456216407
ibr-30_ibr-50_1.txt 1024 1456213442 1456216032
ibr-30_ibr-50_2.txt 1024 1456213441 1456217032
ibr-31_ibr-11_1.txt 1024 1456213442 1456217716
ibr-31_ibr-11_2.txt 1024 1456213442 1456218432
ibr-31_ibr-11_3.txt 0 1456213442 1456213442
ibr-31_ibr-11_4.txt 0 1456213442 1456213442
ibr-31_ibr-1_1.txt 1024 1456213441 1456214182
ibr-31_ibr-1_2.txt 0 1456213442 1456213442
ibr-31_ibr-1_3.txt 1024 1456213442 1456218811
ibr-31_ibr-1_4.txt 1024 1456213442 1456218521
ibr-31_ibr-1_5.txt 1024 1456213443 1456218521
ibr-31_ibr-16_1.txt 0 1456213442 1456213442
ibr-31_ibr-16_2.txt 1024 1456213442 1456218011
ibr-31_ibr-16_3.txt 0 1456213442 1456213442
ibr-31_ibr-20_1.txt 1024 1456213441 1456214361
ibr-31_ibr-20_2.txt 1024 1456213441 1456217897
ibr-31_ibr-21_1.txt 0 1456213441 1456213441
ibr-31_ibr-21_2.txt 1024 1456213442 1456218707
ibr-31_ibr-21_3.txt 1024 1456213442 1456218076
ibr-31_ibr-21_4.txt 0 1456213442 1456213442
ibr-31_ibr-26_1.txt 1024 1456213442 1456214591
ibr-31_ibr-26_2.txt 1024 1456213442 1456214866
ibr-31_ibr-26_3.txt 0 1456213442 1456213442
ibr-31_ibr-26_4.txt 1024 1456213442 1456218137
ibr-31_ibr-26_5.txt 1024 1456213442 1456218137
ibr-31_ibr-26_6.txt 1024 1456213442 1456218137
ibr-31_ibr-26_7.txt 0 1456213442 1456213442
ibr-31_ibr-26_8.txt 0 1456213442 1456213442
ibr-31_ibr-26_9.txt 0 1456213442 1456213442
ibr-31_ibr-33_1.txt 1024 1456213441 1456214117
ibr-31_ibr-34_1.txt 1024 1456213441 1456214445
ibr-31_ibr-35_1.txt 0 1456213442 1456213442
ibr-31_ibr-36_1.txt 1024 1456213442 1456214392
ibr-31_ibr-36_2.txt 1024 1456213442 1456214481
ibr-31_ibr-36_3.txt 0 1456213442 1456213442
ibr-31_ibr-36_4.txt 1024 1456213443 1456218246
ibr-31_ibr-36_5.txt 0 1456213443 1456213443
ibr-31_ibr-36_6.txt 0 1456213442 1456213442
ibr-31_ibr-38_1.txt 0 1456213441 1456213441
ibr-31_ibr-41_10.txt 0 1456213443 1456213443
ibr-31_ibr-41_1.txt 1024 1456213443 1456214177
ibr-31_ibr-41_2.txt 1024 1456213442 1456214177
ibr-31_ibr-41_3.txt 1024 1456213442 1456214951
ibr-31_ibr-41_4.txt 0 1456213443 1456213443
ibr-31_ibr-41_5.txt 0 1456213443 1456213443
ibr-31_ibr-41_6.txt 1024 1456213443 1456218697
ibr-31_ibr-41_7.txt 0 1456213443 1456213443
ibr-31_ibr-41_8.txt 0 1456213442 1456213442
ibr-31_ibr-41_9.txt 0 1456213443 1456213443
ibr-31_ibr-46_1.txt 1024 1456213442 1456214632
ibr-31_ibr-46_2.txt 1024 1456213443 1456214956
ibr-31_ibr-46_3.txt 0 1456213442 1456213442
ibr-31_ibr-46_4.txt 0 1456213442 1456213442
ibr-31_ibr-46_5.txt 0 1456213442 1456213442
ibr-31_ibr-46_6.txt 1024 1456213441 1456218036
ibr-31_ibr-46_7.txt 1024 1456213442 1456218868
ibr-31_ibr-46_8.txt 1024 1456213442 1456218597
ibr-31_ibr-46_9.txt 1024 1456213442 1456218597
ibr-31_ibr-51_1.txt 1024 1456213442 1456218276
ibr-31_ibr-54_1.txt 0 1456213441 1456213441
ibr-31_ibr-56_1.txt 1024 1456213443 1456215907
ibr-31_ibr-56_2.txt 0 1456213443 1456213443
ibr-31_ibr-56_3.txt 0 1456213442 1456213442
ibr-31_ibr-56_4.txt 1024 1456213442 1456218401
ibr-31_ibr-6_1.txt 1024 1456213442 1456214357
ibr-31_ibr-6_2.txt 1024 1456213442 1456214357
ibr-31_ibr-6_3.txt 1024 1456213442 1456218467
ibr-31_ibr-6_4.txt 1024 1456213442 1456218467
ibr-31_ibr-6_5.txt 1024 1456213442 1456217778
ibr-31_ibr-6_6.txt 0 1456213442 1456213442
ibr-32_ibr-12_1.txt 1024 1456213441 1456217067
ibr-32_ibr-16_1.txt 0 1456213442 1456213442
ibr-32_ibr-19_1.txt 1024 1456213442 1456215632
ibr-32_ibr-21_1.txt 1024 1456213442 1456214796
ibr-32_ibr-40_1.txt 1024 1456213441 1456213992
ibr-32_ibr-50_1.txt 1024 1456213441 1456215867
ibr-32_ibr-54_1.txt 1024 1456213441 1456215722
ibr-33_ibr-13_1.txt 1024 1456213441 1456217382
ibr-33_ibr-14_1.txt 1024 1456213441 1456218161
ibr-33_ibr-19_1.txt 1024 1456213442 1456216012
ibr-33_ibr-20_1.txt 1024 1456213441 1456214641
ibr-33_ibr-22_1.txt 1024 1456213441 1456214521
ibr-33_ibr-31_1.txt 1024 1456213442 1456215356
ibr-33_ibr-34_1.txt 1024 1456213442 1456216692
ibr-33_ibr-39_1.txt 1024 1456213441 1456217451
ibr-33_ibr-4_1.txt 1024 1456213441 1456215777
ibr-33_ibr-43_1.txt 1024 1456213441 1456214346
ibr-33_ibr-46_1.txt 1024 1456213442 1456218597
ibr-33_ibr-47_1.txt 1024 1456213442 1456217877
ibr-33_ibr-48_1.txt 1024 1456213441 1456216182
ibr-33_ibr-49_1.txt 1024 1456213441 1456216622
ibr-33_ibr-53_1.txt 1024 1456213442 1456214576
ibr-33_ibr-56_1.txt 1024 1456213442 1456214352
ibr-34_ibr-18_1.txt 1024 1456213441 1456217566
ibr-34_ibr-20_1.txt 1024 1456213441 1456214477
ibr-34_ibr-20_2.txt 1024 1456213442 1456216657
ibr-34_ibr-22_1.txt 1024 1456213441 1456215782
ibr-34_ibr-23_1.txt 1024 1456213442 1456215642
ibr-34_ibr-25_1.txt 1024 1456213441 1456217062
ibr-34_ibr-26_1.txt 1024 1456213442 1456214351
ibr-34_ibr-38_1.txt 1024 1456213441 1456215877
ibr-34_ibr-39_1.txt 1024 1456213441 1456216677
ibr-34_ibr-4_1.txt 1024 1456213441 1456216927
ibr-34_ibr-48_1.txt 0 1456213442 1456213442
ibr-34_ibr-50_1.txt 0 1456213441 1456213441
ibr-34_ibr-9_1.txt 1024 1456213441 1456215942
ibr-35_ibr-10_1.txt 1024 1456213442 1456214321
ibr-35_ibr-17_1.txt 1024 1456213441 1456217207
ibr-35_ibr-23_1.txt 1024 1456213442 1456214751
ibr-35_ibr-29_1.txt 1024 1456213441 1456215561
ibr-35_ibr-33_1.txt 1024 1456213441 1456213982
ibr-35_ibr-8_1.txt 1024 1456213441 1456216797
ibr-36_ibr-10_1.txt 1024 1456213442 1456214351
ibr-36_ibr-11_1.txt 0 1456213442 1456213442
ibr-36_ibr-11_2.txt 0 1456213442 1456213442
ibr-36_ibr-11_3.txt 1024 1456213442 1456217945
ibr-36_ibr-11_4.txt 0 1456213442 1456213442
ibr-36_ibr-11_5.txt 0 1456213442 1456213442
ibr-36_ibr-1_1.txt 0 1456213442 1456213442
ibr-36_ibr-1_2.txt 1024 1456213442 1456218561
ibr-36_ibr-1_3.txt 1024 1456213442 1456218976
ibr-36_ibr-1_4.txt 0 1456213443 1456213443
ibr-36_ibr-16_1.txt 0 1456213442 1456213442
ibr-36_ibr-16_2.txt 0 1456213442 1456213442
ibr-36_ibr-16_3.txt 0 1456213442 1456213442
ibr-36_ibr-16_4.txt 0 1456213442 1456213442
ibr-36_ibr-16_5.txt 0 1456213442 1456213442
ibr-36_ibr-16_6.txt 1024 1456213443 1456218321
ibr-36_ibr-16_7.txt 0 1456213442 1456213442
ibr-36_ibr-21_1.txt 0 1456213441 1456213441
ibr-36_ibr-21_2.txt 0 1456213442 1456213442
ibr-36_ibr-21_3.txt 1024 1456213442 1456218076
ibr-36_ibr-25_1.txt 0 1456213441 1456213441
ibr-36_ibr-26_1.txt 1024 1456213442 1456214351
ibr-36_ibr-26_2.txt 1024 1456213442 1456214591
ibr-36_ibr-26_3.txt 1024 1456213442 1456214591
ibr-36_ibr-26_4.txt 0 1456213442 1456213442
ibr-36_ibr-31_1.txt 0 1456213442 1456213442
ibr-36_ibr-31_2.txt 1024 1456213442 1456218041
ibr-36_ibr-31_3.txt 1024 1456213443 1456217692
ibr-36_ibr-31_4.txt 1024 1456213442 1456217692
ibr-36_ibr-31_5.txt 0 1456213442 1456213442
ibr-36_ibr-31_6.txt 1024 1456213443 1456217692
ibr-36_ibr-41_1.txt 1024 1456213442 1456214481
ibr-36_ibr-41_2.txt 0 1456213443 1456213443
ibr-36_ibr-41_3.txt 0 1456213443 1456213443
ibr-36_ibr-41_4.txt 1024 1456213442 1456218697
ibr-36_ibr-42_1.txt 1024 1456213441 1456214701
ibr-36_ibr-46_1.txt 1024 1456213442 1456214632
ibr-36_ibr-46_2.txt 1024 1456213442 1456217882
ibr-36_ibr-46_3.txt 1024 1456213442 1456217882
ibr-36_ibr-46_4.txt 0 1456213442 1456213442
ibr-36_ibr-46_5.txt 0 1456213442 1456213442
ibr-36_ibr-46_6.txt 0 1456213443 1456213443
ibr-36_ibr-50_1.txt 0 1456213442 1456213442
ibr-36_ibr-51_1.txt 0 1456213442 1456213442
ibr-36_ibr-51_2.txt 1024 1456213442 1456217862
ibr-36_ibr-51_3.txt 1024 1456213442 1456218777
ibr-36_ibr-51_4.txt 1024 1456213442 1456218677
ibr-36_ibr-51_5.txt 0 1456213442 1456213442
ibr-36_ibr-51_6.txt 0 1456213442 1456213442
ibr-36_ibr-51_7.txt 0 1456213442 1456213442
ibr-36_ibr-51_8.txt 0 1456213442 1456213442
ibr-36_ibr-53_1.txt 1024 1456213442 1456214297
ibr-36_ibr-56_1.txt 1024 1456213442 1456214561
ibr-36_ibr-56_2.txt 1024 1456213442 1456214561
ibr-36_ibr-56_3.txt 1024 1456213442 1456215937
ibr-36_ibr-56_4.txt 1024 1456213442 1456215937
ibr-36_ibr-56_5.txt 1024 1456213443 1456215937
ibr-36_ibr-56_6.txt 0 1456213443 1456213443
ibr-36_ibr-56_7.txt 0 1456213443 1456213443
ibr-36_ibr-56_8.txt 0 1456213443 1456213443
ibr-36_ibr-56_9.txt 0 1456213442 1456213442
ibr-36_ibr-6_1.txt 1024 1456213442 1456214138
ibr-36_ibr-6_2.txt 0 1456213442 1456213442
ibr-36_ibr-6_3.txt 0 1456213442 1456213442
ibr-37_ibr-11_1.txt 0 1456213442 1456213442
ibr-37_ibr-19_1.txt 1024 1456213442 1456215387
ibr-37_ibr-23_1.txt 1024 1456213442 1456215897
ibr-37_ibr-41_1.txt 0 1456213443 1456213443
ibr-37_ibr-4_1.txt 0 1456213442 1456213442
ibr-37_ibr-42_1.txt 1024 1456213441 1456216437
ibr-37_ibr-7_1.txt 0 1456213441 1456213441
ibr-38_ibr-12_1.txt 1024 1456213441 1456216152
ibr-38_ibr-20_1.txt 1024 1456213441 1456215482
ibr-38_ibr-32_1.txt 0 1456213441 1456213441
ibr-38_ibr-39_1.txt 1024 1456213441 1456214291
ibr-38_ibr-42_1.txt 1024 1456213441 1456218671
ibr-38_ibr-45_1.txt 1024 1456213441 1456216032
ibr-38_ibr-45_2.txt 1024 1456213441 1456216747
ibr-38_ibr-46_1.txt 1024 1456213442 1456215322
ibr-38_ibr-47_1.txt 1024 1456213441 1456216983
ibr-38_ibr-48_1.txt 1024 1456213442 1456215988
ibr-38_ibr-51_1.txt 1024 1456213442 1456218777
ibr-38_ibr-55_1.txt 1024 1456213441 1456217008
ibr-39_ibr-13_1.txt 1024 1456213441 1456217961
ibr-39_ibr-15_1.txt 1024 1456213441 1456215246
ibr-39_ibr-23_1.txt 1024 1456213441 1456216102
ibr-39_ibr-29_1.txt 1024 1456213442 1456218061
ibr-39_ibr-41_1.txt 0 1456213443 1456213443
ibr-39_ibr-50_1.txt 1024 1456213442 1456217656
ibr-39_ibr-52_1.txt 1024 1456213441 1456214881
ibr-39_ibr-54_1.txt 1024 1456213441 1456215973
ibr-39_ibr-6_1.txt 1024 1456213442 1456218787
ibr-39_ibr-6_2.txt 0 1456213442 1456213442
ibr-3_ibr-10_1.txt 0 1456213441 1456213441
ibr-3_ibr-12_1.txt 1024 1456213441 1456214352
ibr-3_ibr-18_1.txt 1024 1456213441 1456216782
ibr-3_ibr-39_1.txt 1024 1456213441 1456217047
ibr-3_ibr-4_1.txt 1024 1456213441 1456214916
ibr-3_ibr-45_1.txt 1024 1456213441 1456216977
ibr-3_ibr-49_1.txt 1024 1456213442 1456218306
ibr-3_ibr-5_1.txt 1024 1456213441 1456215447
ibr-40_ibr-14_1.txt 1024 1456213441 1456214226
ibr-40_ibr-26_1.txt 1024 1456213442 1456214351
ibr-40_ibr-27_1.txt 1024 1456213441 1456215582
ibr-40_ibr-31_1.txt 0 1456213442 1456213442
ibr-40_ibr-3_1.txt 1024 1456213441 1456215071
ibr-40_ibr-32_1.txt 1024 1456213441 1456216897
ibr-40_ibr-34_1.txt 1024 1456213441 1456216677
ibr-40_ibr-35_1.txt 1024 1456213442 1456214471
ibr-40_ibr-37_1.txt 0 1456213441 1456213441
ibr-40_ibr-38_1.txt 0 1456213441 1456213441
ibr-40_ibr-39_1.txt 0 1456213441 1456213441
ibr-40_ibr-4_1.txt 1024 1456213441 1456215727
ibr-40_ibr-42_1.txt 1024 1456213442 1456218806
ibr-40_ibr-48_1.txt 1024 1456213442 1456214616
ibr-41_ibr-10_1.txt 1024 1456213442 1456214466
ibr-41_ibr-10_2.txt 0 1456213441 1456213441
ibr-41_ibr-11_1.txt 1024 1456213442 1456214506
ibr-41_ibr-11_2.txt 0 1456213443 1456213443
ibr-41_ibr-11_3.txt 0 1456213442 1456213442
ibr-41_ibr-11_4.txt 0 1456213442 1456213442
ibr-41_ibr-1_1.txt 0 1456213442 1456213442
ibr-41_ibr-1_2.txt 0 1456213442 1456213442
ibr-41_ibr-1_3.txt 0 1456213442 1456213442
ibr-41_ibr-1_4.txt 0 1456213443 1456213443
ibr-41_ibr-16_1.txt 0 1456213442 1456213442
ibr-41_ibr-16_2.txt 0 1456213442 1456213442
ibr-41_ibr-16_3.txt 0 1456213443 1456213443
ibr-41_ibr-16_4.txt 0 1456213442 1456213442
ibr-41_ibr-16_5.txt 0 1456213442 1456213442
ibr-41_ibr-19_1.txt 1024 1456213442 1456215051
ibr-41_ibr-21_1.txt 1024 1456213442 1456214260
ibr-41_ibr-21_2.txt 1024 1456213442 1456214650
ibr-41_ibr-21_3.txt 1024 1456213442 1456214650
ibr-41_ibr-21_4.txt 0 1456213442 1456213442
ibr-41_ibr-21_5.txt 0 1456213442 1456213442
ibr-41_ibr-21_6.txt 0 1456213442 1456213442
ibr-41_ibr-21_7.txt 0 1456213442 1456213442
ibr-41_ibr-21_8.txt 0 1456213442 1456213442
ibr-41_ibr-25_1.txt 0 1456213441 1456213441
ibr-41_ibr-30_1.txt 0 1456213442 1456213442
ibr-41_ibr-31_1.txt 1024 1456213442 1456218036
ibr-41_ibr-31_2.txt 0 1456213442 1456213442
ibr-41_ibr-31_3.txt 0 1456213442 1456213442
ibr-41_ibr-36_1.txt 0 1456213442 1456213442
ibr-41_ibr-36_2.txt 0 1456213443 1456213443
ibr-41_ibr-36_3.txt 0 1456213442 1456213442
ibr-41_ibr-37_1.txt 0 1456213441 1456213441
ibr-41_ibr-43_1.txt 1024 1456213441 1456215136
ibr-41_ibr-46_1.txt 1024 1456213441 1456214956
ibr-41_ibr-46_2.txt 1024 1456213442 1456214956
ibr-41_ibr-46_3.txt 1024 1456213442 1456215207
ibr-41_ibr-46_4.txt 0 1456213442 1456213442
ibr-41_ibr-46_5.txt 0 1456213442 1456213442
ibr-41_ibr-46_6.txt 0 1456213442 1456213442
ibr-41_ibr-51_1.txt 1024 1456213442 1456215266
ibr-41_ibr-51_2.txt 0 1456213442 1456213442
ibr-41_ibr-51_3.txt 0 1456213442 1456213442
ibr-41_ibr-51_4.txt 0 1456213442 1456213442
ibr-41_ibr-51_5.txt 0 1456213442 1456213442
ibr-41_ibr-56_1.txt 1024 1456213443 1456215937
ibr-41_ibr-56_2.txt 1024 1456213442 1456215937
ibr-41_ibr-56_3.txt 1024 1456213442 1456215907
ibr-41_ibr-56_4.txt 0 1456213442 1456213442
ibr-41_ibr-56_5.txt 0 1456213443 1456213443
ibr-41_ibr-56_6.txt 0 1456213442 1456213442
ibr-41_ibr-56_7.txt 0 1456213442 1456213442
ibr-41_ibr-56_8.txt 0 1456213443 1456213443
ibr-41_ibr-6_1.txt 0 1456213442 1456213442
ibr-41_ibr-6_2.txt 0 1456213442 1456213442
ibr-41_ibr-6_3.txt 0 1456213443 1456213443
ibr-41_ibr-6_4.txt 0 1456213442 1456213442
ibr-42_ibr-14_1.txt 1024 1456213441 1456214416
ibr-42_ibr-24_1.txt 1024 1456213441 1456217881
ibr-42_ibr-25_1.txt 1024 1456213441 1456215546
ibr-42_ibr-26_1.txt 1024 1456213442 1456217822
ibr-42_ibr-29_1.txt 1024 1456213441 1456217776
ibr-42_ibr-33_1.txt 1024 1456213442 1456218221
ibr-42_ibr-35_1.txt 1024 1456213441 1456215361
ibr-42_ibr-37_1.txt 1024 1456213442 1456217787
ibr-42_ibr-44_1.txt 1024 1456213441 1456214092
ibr-42_ibr-44_2.txt 1024 1456213441 1456214876
ibr-42_ibr-50_1.txt 1024 1456213441 1456216393
ibr-42_ibr-5_1.txt 1024 1456213441 1456218176
ibr-43_ibr-12_1.txt 1024 1456213441 1456216812
ibr-43_ibr-19_1.txt 1024 1456213441 1456215051
ibr-43_ibr-28_1.txt 1024 1456213441 1456215877
ibr-43_ibr-4_1.txt 1024 1456213441 1456218492
ibr-43_ibr-42_1.txt 1024 1456213441 1456216367
ibr-43_ibr-48_1.txt 1024 1456213441 1456216762
ibr-43_ibr-55_1.txt 1024 1456213441 1456215637
ibr-43_ibr-7_1.txt 1024 1456213441 1456217562
ibr-44_ibr-12_1.txt 1024 1456213441 1456214352
ibr-44_ibr-15_1.txt 1024 1456213441 1456218516
ibr-44_ibr-19_1.txt 1024 1456213441 1456215051
ibr-44_ibr-21_1.txt 0 1456213442 1456213442
ibr-44_ibr-23_1.txt 1024 1456213442 1456214336
ibr-44_ibr-27_1.txt 1024 1456213441 1456215412
ibr-44_ibr-35_1.txt 1024 1456213441 1456216407
ibr-44_ibr-36_1.txt 1024 1456213442 1456216832
ibr-44_ibr-39_1.txt 1024 1456213441 1456216677
ibr-44_ibr-4_1.txt 0 1456213442 1456213442
ibr-44_ibr-4_2.txt 0 1456213441 1456213441
ibr-44_ibr-51_1.txt 1024 1456213442 1456218912
ibr-44_ibr-53_1.txt 1024 1456213442 1456216887
ibr-45_ibr-17_1.txt 1024 1456213441 1456218356
ibr-45_ibr-22_1.txt 1024 1456213441 1456217866
ibr-45_ibr-31_1.txt 1024 1456213442 1456214451
ibr-45_ibr-32_1.txt 1024 1456213441 1456215802
ibr-45_ibr-32_2.txt 0 1456213441 1456213441
ibr-45_ibr-35_1.txt 1024 1456213441 1456215338
ibr-45_ibr-44_1.txt 1024 1456213442 1456218906
ibr-45_ibr-47_1.txt 1024 1456213441 1456216987
ibr-45_ibr-8_1.txt 1024 1456213441 1456215311
ibr-46_ibr-11_1.txt 0 1456213442 1456213442
ibr-46_ibr-11_2.txt 1024 1456213442 1456218281
ibr-46_ibr-11_3.txt 0 1456213442 1456213442
ibr-46_ibr-11_4.txt 0 1456213442 1456213442
ibr-46_ibr-11_5.txt 0 1456213442 1456213442
ibr-46_ibr-1_1.txt 0 1456213442 1456213442
ibr-46_ibr-1_2.txt 0 1456213442 1456213442
ibr-46_ibr-1_3.txt 0 1456213442 1456213442
ibr-46_ibr-1_4.txt 0 1456213442 1456213442
ibr-46_ibr-16_1.txt 1024 1456213442 1456214436
ibr-46_ibr-16_2.txt 1024 1456213442 1456214991
ibr-46_ibr-21_1.txt 0 1456213441 1456213441
ibr-46_ibr-21_2.txt 1024 1456213441 1456217867
ibr-46_ibr-21_3.txt 1024 1456213442 1456218647
ibr-46_ibr-21_4.txt 0 1456213442 1456213442
ibr-46_ibr-21_5.txt 0 1456213442 1456213442
ibr-46_ibr-21_6.txt 0 1456213442 1456213442
ibr-46_ibr-21_7.txt 0 1456213442 1456213442
ibr-46_ibr-26_1.txt 1024 1456213442 1456214108
ibr-46_ibr-26_2.txt 1024 1456213442 1456214591
ibr-46_ibr-26_3.txt 1024 1456213442 1456214742
ibr-46_ibr-26_4.txt 1024 1456213442 1456214971
ibr-46_ibr-26_5.txt 1024 1456213442 1456218426
ibr-46_ibr-26_6.txt 0 1456213442 1456213442
ibr-46_ibr-26_7.txt 0 1456213442 1456213442
ibr-46_ibr-30_1.txt 1024 1456213442 1456214082
ibr-46_ibr-31_1.txt 1024 1456213442 1456217657
ibr-46_ibr-31_2.txt 1024 1456213441 1456217657
ibr-46_ibr-31_3.txt 0 1456213442 1456213442
ibr-46_ibr-31_4.txt 0 1456213442 1456213442
ibr-46_ibr-31_5.txt 0 1456213442 1456213442
ibr-46_ibr-36_10.txt 0 1456213442 1456213442
ibr-46_ibr-36_1.txt 1024 1456213442 1456214578
ibr-46_ibr-36_2.txt 1024 1456213442 1456214578
ibr-46_ibr-36_3.txt 1024 1456213443 1456215126
ibr-46_ibr-36_4.txt 1024 1456213441 1456215126
ibr-46_ibr-36_5.txt 1024 1456213443 1456218706
ibr-46_ibr-36_6.txt 0 1456213442 1456213442
ibr-46_ibr-36_7.txt 0 1456213443 1456213443
ibr-46_ibr-36_8.txt 0 1456213443 1456213443
ibr-46_ibr-36_9.txt 0 1456213442 1456213442
ibr-46_ibr-39_1.txt 1024 1456213441 1456214291
ibr-46_ibr-41_1.txt 0 1456213442 1456213442
ibr-46_ibr-41_2.txt 0 1456213443 1456213443
ibr-46_ibr-41_3.txt 0 1456213442 1456213442
ibr-46_ibr-41_4.txt 1024 1456213442 1456218697
ibr-46_ibr-41_5.txt 1024 1456213442 1456218697
ibr-46_ibr-43_1.txt 0 1456213442 1456213442
ibr-46_ibr-48_1.txt 1024 1456213441 1456214227
ibr-46_ibr-51_1.txt 1024 1456213441 1456214307
ibr-46_ibr-51_2.txt 1024 1456213441 1456214254
ibr-46_ibr-51_3.txt 1024 1456213442 1456215266
ibr-46_ibr-51_4.txt 0 1456213442 1456213442
ibr-46_ibr-51_5.txt 0 1456213442 1456213442
ibr-46_ibr-55_1.txt 1024 1456213441 1456215322
ibr-46_ibr-56_1.txt 0 1456213442 1456213442
ibr-46_ibr-56_2.txt 0 1456213443 1456213443
ibr-46_ibr-6_1.txt 1024 1456213442 1456214836
ibr-46_ibr-6_2.txt 1024 1456213442 1456218787
ibr-46_ibr-6_3.txt 0 1456213442 1456213442
ibr-46_ibr-6_4.txt 0 1456213442 1456213442
ibr-46_ibr-6_5.txt 0 1456213442 1456213442
ibr-46_ibr-6_6.txt 0 1456213442 1456213442
ibr-47_ibr-13_1.txt 1024 1456213441 1456218286
ibr-47_ibr-16_1.txt 1024 1456213442 1456216907
ibr-47_ibr-17_1.txt 1024 1456213441 1456214996
ibr-47_ibr-20_1.txt 1024 1456213441 1456214356
ibr-47_ibr-27_1.txt 1024 1456213441 1456214586
ibr-47_ibr-27_2.txt 1024 1456213441 1456216297
ibr-47_ibr-4_1.txt 1024 1456213441 1456216902
ibr-47_ibr-46_1.txt 1024 1456213442 1456215192
ibr-47_ibr-46_2.txt 0 1456213442 1456213442
ibr-48_ibr-13_1.txt 1024 1456213441 1456215181
ibr-48_ibr-19_1.txt 0 1456213442 1456213442
ibr-48_ibr-2_1.txt 1024 1456213441 1456215947
ibr-48_ibr-27_1.txt 0 1456213441 1456213441
ibr-48_ibr-3_1.txt 1024 1456213442 1456217516
ibr-48_ibr-32_1.txt 1024 1456213441 1456216497
ibr-48_ibr-34_1.txt 1024 1456213441 1456217388
ibr-48_ibr-37_1.txt 1024 1456213441 1456214516
ibr-48_ibr-38_1.txt 1024 1456213441 1456215732
ibr-48_ibr-45_1.txt 1024 1456213441 1456219012
ibr-48_ibr-47_1.txt 1024 1456213441 1456215723
ibr-48_ibr-8_1.txt 1024 1456213441 1456218136
ibr-49_ibr-16_1.txt 0 1456213442 1456213442
ibr-49_ibr-22_1.txt 1024 1456213441 1456214182
ibr-49_ibr-29_1.txt 1024 1456213442 1456215892
ibr-49_ibr-34_1.txt 1024 1456213442 1456217388
ibr-49_ibr-35_1.txt 1024 1456213441 1456216578
ibr-49_ibr-37_1.txt 1024 1456213442 1456214861
ibr-49_ibr-40_1.txt 1024 1456213441 1456219152
ibr-49_ibr-5_1.txt 1024 1456213441 1456218251
ibr-49_ibr-52_1.txt 1024 1456213441 1456214282
ibr-49_ibr-53_1.txt 1024 1456213441 1456215571
ibr-49_ibr-54_1.txt 1024 1456213441 1456216627
ibr-4_ibr-15_1.txt 0 1456213441 1456213441
ibr-4_ibr-26_1.txt 1024 1456213442 1456218171
ibr-4_ibr-38_1.txt 1024 1456213441 1456216938
ibr-4_ibr-40_1.txt 1024 1456213443 1456215727
ibr-4_ibr-42_1.txt 1024 1456213441 1456218776
ibr-4_ibr-56_1.txt 0 1456213443 1456213443
ibr-4_ibr-9_1.txt 1024 1456213441 1456215852
ibr-50_ibr-11_1.txt 1024 1456213442 1456215262
ibr-50_ibr-16_1.txt 1024 1456213442 1456217806
ibr-50_ibr-20_1.txt 1024 1456213441 1456218007
ibr-50_ibr-24_1.txt 1024 1456213442 1456218838
ibr-50_ibr-25_1.txt 0 1456213441 1456213441
ibr-50_ibr-30_1.txt 1024 1456213442 1456217032
ibr-50_ibr-31_1.txt 1024 1456213443 1456215932
ibr-50_ibr-31_2.txt 1024 1456213442 1456215932
ibr-50_ibr-3_1.txt 1024 1456213441 1456217516
ibr-50_ibr-32_1.txt 1024 1456213441 1456217676
ibr-50_ibr-34_1.txt 1024 1456213441 1456217027
ibr-50_ibr-37_1.txt 1024 1456213441 1456216017
ibr-50_ibr-4_1.txt 1024 1456213441 1456217391
ibr-50_ibr-42_1.txt 1024 1456213441 1456214811
ibr-50_ibr-43_1.txt 1024 1456213441 1456216277
ibr-50_ibr-47_1.txt 1024 1456213441 1456214636
ibr-50_ibr-49_1.txt 0 1456213442 1456213442
ibr-50_ibr-5_1.txt 1024 1456213441 1456218381
ibr-50_ibr-8_1.txt 1024 1456213441 1456217441
ibr-51_ibr-11_1.txt 1024 1456213442 1456214321
ibr-51_ibr-11_2.txt 0 1456213442 1456213442
ibr-51_ibr-11_3.txt 0 1456213442 1456213442
ibr-51_ibr-11_4.txt 0 1456213442 1456213442
ibr-51_ibr-11_5.txt 0 1456213442 1456213442
ibr-51_ibr-11_6.txt 0 1456213442 1456213442
ibr-51_ibr-11_7.txt 0 1456213442 1456213442
ibr-51_ibr-1_1.txt 0 1456213442 1456213442
ibr-51_ibr-1_2.txt 0 1456213442 1456213442
ibr-51_ibr-1_3.txt 0 1456213442 1456213442
ibr-51_ibr-1_4.txt 0 1456213443 1456213443
ibr-51_ibr-1_5.txt 0 1456213443 1456213443
ibr-51_ibr-16_1.txt 1024 1456213442 1456214341
ibr-51_ibr-16_2.txt 0 1456213442 1456213442
ibr-51_ibr-16_3.txt 0 1456213442 1456213442
ibr-51_ibr-16_4.txt 0 1456213442 1456213442
ibr-51_ibr-16_5.txt 0 1456213443 1456213443
ibr-51_ibr-16_6.txt 0 1456213442 1456213442
ibr-51_ibr-16_7.txt 0 1456213442 1456213442
ibr-51_ibr-16_8.txt 0 1456213442 1456213442
ibr-51_ibr-17_1.txt 0 1456213441 1456213441
ibr-51_ibr-21_1.txt 1024 1456213442 1456214796
ibr-51_ibr-21_2.txt 1024 1456213442 1456214796
ibr-51_ibr-21_3.txt 0 1456213442 1456213442
ibr-51_ibr-21_4.txt 1024 1456213442 1456217867
ibr-51_ibr-21_5.txt 0 1456213442 1456213442
ibr-51_ibr-21_6.txt 0 1456213442 1456213442
ibr-51_ibr-26_1.txt 1024 1456213442 1456217836
ibr-51_ibr-26_2.txt 0 1456213442 1456213442
ibr-51_ibr-31_1.txt 1024 1456213442 1456214152
ibr-51_ibr-31_2.txt 1024 1456213442 1456214227
ibr-51_ibr-31_3.txt 1024 1456213442 1456214332
ibr-51_ibr-31_4.txt 1024 1456213442 1456214611
ibr-51_ibr-31_5.txt 0 1456213442 1456213442
ibr-51_ibr-31_6.txt 0 1456213443 1456213443
ibr-51_ibr-31_7.txt 0 1456213444 1456213444
ibr-51_ibr-31_8.txt 0 1456213443 1456213443
ibr-51_ibr-31_9.txt 0 1456213443 1456213443
ibr-51_ibr-33_1.txt 0 1456213441 1456213441
ibr-51_ibr-36_1.txt 0 1456213443 1456213443
ibr-51_ibr-36_2.txt 0 1456213443 1456213443
ibr-51_ibr-36_3.txt 0 1456213442 1456213442
ibr-51_ibr-41_1.txt 1024 1456213442 1456214481
ibr-51_ibr-41_2.txt 0 1456213442 1456213442
ibr-51_ibr-41_3.txt 0 1456213442 1456213442
ibr-51_ibr-46_1.txt 1024 1456213442 1456214632
ibr-51_ibr-46_2.txt 0 1456213442 1456213442
ibr-51_ibr-56_1.txt 0 1456213442 1456213442
ibr-51_ibr-56_2.txt 0 1456213443 1456213443
ibr-51_ibr-56_3.txt 0 1456213443 1456213443
ibr-51_ibr-56_4.txt 0 1456213442 1456213442
ibr-51_ibr-56_5.txt 1024 1456213442 1456219862
ibr-51_ibr-6_1.txt 1024 1456213442 1456214836
ibr-51_ibr-6_2.txt 1024 1456213442 1456217841
ibr-51_ibr-6_3.txt 0 1456213442 1456213442
ibr-51_ibr-6_4.txt 1024 1456213442 1456217841
ibr-51_ibr-6_5.txt 0 1456213442 1456213442
ibr-51_ibr-6_6.txt 1024 1456213442 1456217841
ibr-51_ibr-6_7.txt 1024 1456213442 1456217841
ibr-51_ibr-7_1.txt 0 1456213441 1456213441
ibr-52_ibr-14_1.txt 1024 1456213441 1456214416
ibr-52_ibr-19_1.txt 1024 1456213441 1456216582
ibr-52_ibr-24_1.txt 1024 1456213441 1456217332
ibr-52_ibr-36_1.txt 0 1456213444 1456213444
ibr-52_ibr-51_1.txt 1024 1456213441 1456214546
ibr-52_ibr-54_1.txt 1024 1456213442 1456214107
ibr-53_ibr-15_1.txt 1024 1456213442 1456216192
ibr-53_ibr-2_1.txt 0 1456213441 1456213441
ibr-53_ibr-24_1.txt 1024 1456213442 1456216892
ibr-53_ibr-26_1.txt 1024 1456213443 1456214591
ibr-53_ibr-35_1.txt 0 1456213441 1456213441
ibr-53_ibr-36_1.txt 1024 1456213442 1456218496
ibr-53_ibr-43_1.txt 1024 1456213441 1456214746
ibr-53_ibr-45_1.txt 1024 1456213441 1456214381
ibr-53_ibr-47_1.txt 1024 1456213441 1456218426
ibr-53_ibr-51_1.txt 0 1456213442 1456213442
ibr-53_ibr-6_1.txt 1024 1456213442 1456219157
ibr-54_ibr-10_1.txt 1024 1456213442 1456214841
ibr-54_ibr-12_1.txt 1024 1456213441 1456216297
ibr-54_ibr-25_1.txt 1024 1456213441 1456215537
ibr-54_ibr-25_2.txt 1024 1456213441 1456216757
ibr-54_ibr-30_1.txt 1024 1456213441 1456216697
ibr-54_ibr-3_1.txt 1024 1456213441 1456215272
ibr-54_ibr-32_1.txt 1024 1456213441 1456215277
ibr-54_ibr-40_1.txt 1024 1456213442 1456218066
ibr-54_ibr-47_1.txt 1024 1456213442 1456218436
ibr-54_ibr-52_1.txt 1024 1456213442 1456215431
ibr-54_ibr-53_1.txt 0 1456213441 1456213441
ibr-55_ibr-28_1.txt 1024 1456213441 1456214406
ibr-55_ibr-29_1.txt 1024 1456213442 1456217268
ibr-55_ibr-30_1.txt 1024 1456213442 1456217257
ibr-55_ibr-36_1.txt 1024 1456213443 1456214911
ibr-55_ibr-37_1.txt 1024 1456213441 1456214516
ibr-55_ibr-41_1.txt 0 1456213443 1456213443
ibr-55_ibr-52_1.txt 1024 1456213441 1456215982
ibr-55_ibr-54_1.txt 1024 1456213441 1456215722
ibr-56_ibr-13_1.txt 1024 1456213441 1456216267
ibr-56_ibr-16_1.txt 1024 1456213442 1456216907
ibr-56_ibr-16_2.txt 1024 1456213442 1456218006
ibr-56_ibr-17_1.txt 1024 1456213441 1456214466
ibr-56_ibr-25_1.txt 1024 1456213441 1456218241
ibr-56_ibr-33_1.txt 1024 1456213441 1456214266
ibr-56_ibr-41_1.txt 1024 1456213442 1456218697
ibr-56_ibr-43_1.txt 1024 1456213442 1456217681
ibr-56_ibr-46_1.txt 1024 1456213442 1456215322
ibr-56_ibr-48_1.txt 1024 1456213442 1456214801
ibr-56_ibr-51_1.txt 1024 1456213442 1456218114
ibr-56_ibr-54_1.txt 0 1456213441 1456213441
ibr-5_ibr-13_1.txt 1024 1456213441 1456217242
ibr-5_ibr-14_1.txt 1024 1456213441 1456217242
ibr-5_ibr-19_1.txt 1024 1456213441 1456214246
ibr-5_ibr-23_1.txt 1024 1456213441 1456215917
ibr-5_ibr-23_2.txt 0 1456213441 1456213441
ibr-5_ibr-32_1.txt 1024 1456213441 1456218346
ibr-5_ibr-36_1.txt 1024 1456213442 1456214392
ibr-5_ibr-36_2.txt 1024 1456213443 1456218901
ibr-5_ibr-42_1.txt 1024 1456213441 1456215201
ibr-5_ibr-43_1.txt 1024 1456213441 1456214346
ibr-5_ibr-49_1.txt 1024 1456213442 1456214646
ibr-5_ibr-49_2.txt 1024 1456213441 1456215011
ibr-6_ibr-11_1.txt 1024 1456213442 1456217836
ibr-6_ibr-11_2.txt 1024 1456213442 1456217836
ibr-6_ibr-11_3.txt 0 1456213442 1456213442
ibr-6_ibr-11_4.txt 0 1456213442 1456213442
ibr-6_ibr-1_1.txt 0 1456213442 1456213442
ibr-6_ibr-1_2.txt 1024 1456213442 1456217891
ibr-6_ibr-1_3.txt 0 1456213442 1456213442
ibr-6_ibr-15_1.txt 1024 1456213441 1456214141
ibr-6_ibr-16_1.txt 1024 1456213441 1456214346
ibr-6_ibr-16_2.txt 1024 1456213442 1456214436
ibr-6_ibr-16_3.txt 0 1456213442 1456213442
ibr-6_ibr-16_4.txt 0 1456213443 1456213443
ibr-6_ibr-16_5.txt 1024 1456213443 1456218356
ibr-6_ibr-16_6.txt 1024 1456213442 1456218006
ibr-6_ibr-16_7.txt 1024 1456213442 1456218356
ibr-6_ibr-16_8.txt 0 1456213443 1456213443
ibr-6_ibr-21_10.txt 1024 1456213442 1456218707
ibr-6_ibr-21_1.txt 1024 1456213442 1456214501
ibr-6_ibr-21_2.txt 0 1456213441 1456213441
ibr-6_ibr-21_3.txt 0 1456213442 1456213442
ibr-6_ibr-21_4.txt 0 1456213442 1456213442
ibr-6_ibr-21_5.txt 0 1456213442 1456213442
ibr-6_ibr-21_6.txt 0 1456213442 1456213442
ibr-6_ibr-21_7.txt 0 1456213442 1456213442
ibr-6_ibr-21_8.txt 0 1456213442 1456213442
ibr-6_ibr-21_9.txt 0 1456213442 1456213442
ibr-6_ibr-26_1.txt 1024 1456213442 1456218166
ibr-6_ibr-26_2.txt 1024 1456213442 1456218166
ibr-6_ibr-26_3.txt 0 1456213442 1456213442
ibr-6_ibr-26_4.txt 0 1456213442 1456213442
ibr-6_ibr-26_5.txt 0 1456213442 1456213442
ibr-6_ibr-26_6.txt 0 1456213443 1456213443
ibr-6_ibr-26_7.txt 0 1456213442 1456213442
ibr-6_ibr-28_1.txt 0 1456213441 1456213441
ibr-6_ibr-31_1.txt 1024 1456213442 1456217786
ibr-6_ibr-31_2.txt 1024 1456213443 1456218611
ibr-6_ibr-31_3.txt 0 1456213442 1456213442
ibr-6_ibr-31_4.txt 0 1456213442 1456213442
ibr-6_ibr-31_5.txt 0 1456213443 1456213443
ibr-6_ibr-31_6.txt 1024 1456213442 1456219097
ibr-6_ibr-32_1.txt 1024 1456213441 1456216262
ibr-6_ibr-33_1.txt 1024 1456213441 1456214331
ibr-6_ibr-36_1.txt 0 1456213442 1456213442
ibr-6_ibr-36_2.txt 0 1456213443 1456213443
ibr-6_ibr-36_3.txt 0 1456213443 1456213443
ibr-6_ibr-36_4.txt 0 1456213442 1456213442
ibr-6_ibr-41_1.txt 1024 1456213442 1456214496
ibr-6_ibr-41_2.txt 1024 1456213443 1456218096
ibr-6_ibr-41_3.txt 0 1456213443 1456213443
ibr-6_ibr-41_4.txt 0 1456213443 1456213443
ibr-6_ibr-41_5.txt 0 1456213443 1456213443
ibr-6_ibr-41_6.txt 0 1456213443 1456213443
ibr-6_ibr-4_1.txt 0 1456213442 1456213442
ibr-6_ibr-46_1.txt 1024 1456213441 1456214156
ibr-6_ibr-46_2.txt 1024 1456213442 1456218597
ibr-6_ibr-46_3.txt 0 1456213442 1456213442
ibr-6_ibr-50_1.txt 1024 1456213442 1456217441
ibr-6_ibr-51_1.txt 1024 1456213442 1456214891
ibr-6_ibr-51_2.txt 1024 1456213441 1456214446
ibr-6_ibr-51_3.txt 0 1456213442 1456213442
ibr-6_ibr-51_4.txt 0 1456213442 1456213442
ibr-6_ibr-51_5.txt 0 1456213442 1456213442
ibr-6_ibr-51_6.txt 0 1456213442 1456213442
ibr-6_ibr-56_1.txt 0 1456213443 1456213443
ibr-6_ibr-56_2.txt 0 1456213442 1456213442
ibr-6_ibr-56_3.txt 1024 1456213443 1456219862
ibr-6_ibr-7_1.txt 0 1456213441 1456213441
ibr-7_ibr-11_1.txt 0 1456213442 1456213442
ibr-7_ibr-11_2.txt 1024 1456213442 1456217067
ibr-7_ibr-13_1.txt 1024 1456213441 1456215056
ibr-7_ibr-24_1.txt 1024 1456213441 1456215016
ibr-7_ibr-24_2.txt 1024 1456213442 1456215652
ibr-7_ibr-24_3.txt 1024 1456213441 1456218787
ibr-7_ibr-27_1.txt 1024 1456213441 1456216017
ibr-7_ibr-36_1.txt 1024 1456213442 1456214471
ibr-7_ibr-37_1.txt 0 1456213441 1456213441
ibr-7_ibr-38_1.txt 1024 1456213441 1456215036
ibr-7_ibr-48_1.txt 1024 1456213441 1456214356
ibr-7_ibr-56_1.txt 0 1456213443 1456213443
ibr-7_ibr-6_1.txt 1024 1456213442 1456215106
ibr-7_ibr-8_1.txt 1024 1456213441 1456219112
ibr-8_ibr-10_1.txt 1024 1456213442 1456213985
ibr-8_ibr-13_1.txt 1024 1456213441 1456218581
ibr-8_ibr-20_1.txt 1024 1456213441 1456214356
ibr-8_ibr-30_1.txt 1024 1456213441 1456215547
ibr-8_ibr-30_2.txt 1024 1456213441 1456218092
ibr-8_ibr-31_1.txt 1024 1456213442 1456218101
ibr-8_ibr-36_1.txt 1024 1456213443 1456217042
ibr-8_ibr-47_1.txt 1024 1456213441 1456215081
ibr-8_ibr-48_1.txt 1024 1456213441 1456218136
ibr-8_ibr-53_1.txt 1024 1456213442 1456214351
ibr-8_ibr-7_1.txt 1024 1456213441 1456216717
ibr-8_ibr-7_2.txt 1024 1456213441 1456216717
ibr-9_ibr-10_1.txt 1024 1456213441 1456216472
ibr-9_ibr-15_1.txt 1024 1456213441 1456215737
ibr-9_ibr-16_1.txt 1024 1456213442 1456214346
ibr-9_ibr-18_1.txt 1024 1456213441 1456218942
ibr-9_ibr-22_1.txt 1024 1456213441 1456218922
ibr-9_ibr-25_1.txt 1024 1456213441 1456216212
ibr-9_ibr-33_1.txt 1024 1456213442 1456216667
ibr-9_ibr-37_1.txt 1024 1456213441 1456217991
ibr-9_ibr-43_1.txt 1024 1456213442 1456219142
ibr-9_ibr-45_1.txt 1024 1456213441 1456218131
ibr-9_ibr-49_1.txt 1024 1456213442 1456215026
ibr-9_ibr-49_2.txt 1024 1456213441 1456215672
ibr-9_ibr-56_1.txt 0 1456213443 1456213443
