# name size  create_time reach_time
ibr-10_ibr-22_1.txt 0 1456142543 1456142543
ibr-10_ibr-23_1.txt 0 1456142542 1456142542
ibr-10_ibr-24_1.txt 0 1456142543 1456142543
ibr-10_ibr-28_1.txt 0 1456142543 1456142543
ibr-10_ibr-33_1.txt 1024 1456142542 1456145868
ibr-10_ibr-40_1.txt 0 1456142542 1456142542
ibr-10_ibr-41_1.txt 1024 1456142542 1456146792
ibr-10_ibr-41_2.txt 0 1456142543 1456142543
ibr-10_ibr-42_1.txt 0 1456142542 1456142542
ibr-10_ibr-49_1.txt 1024 1456142543 1456144128
ibr-10_ibr-49_2.txt 0 1456142542 1456142542
ibr-10_ibr-49_3.txt 0 1456142542 1456142542
ibr-10_ibr-50_1.txt 0 1456142543 1456142543
ibr-10_ibr-50_2.txt 1024 1456142542 1456146102
ibr-10_ibr-53_1.txt 1024 1456142542 1456147042
ibr-11_ibr-1_1.txt 0 1456142543 1456142543
ibr-11_ibr-12_1.txt 0 1456142543 1456142543
ibr-11_ibr-1_2.txt 0 1456142543 1456142543
ibr-11_ibr-1_3.txt 1024 1456142543 1456148283
ibr-11_ibr-14_1.txt 0 1456142543 1456142543
ibr-11_ibr-1_4.txt 0 1456142543 1456142543
ibr-11_ibr-1_5.txt 0 1456142542 1456142542
ibr-11_ibr-16_1.txt 0 1456142542 1456142542
ibr-11_ibr-16_2.txt 0 1456142542 1456142542
ibr-11_ibr-16_3.txt 0 1456142542 1456142542
ibr-11_ibr-16_4.txt 0 1456142543 1456142543
ibr-11_ibr-16_5.txt 0 1456142543 1456142543
ibr-11_ibr-16_6.txt 0 1456142543 1456142543
ibr-11_ibr-1_6.txt 0 1456142543 1456142543
ibr-11_ibr-1_7.txt 0 1456142542 1456142542
ibr-11_ibr-21_1.txt 0 1456142543 1456142543
ibr-11_ibr-21_2.txt 0 1456142543 1456142543
ibr-11_ibr-21_3.txt 0 1456142542 1456142542
ibr-11_ibr-21_4.txt 0 1456142542 1456142542
ibr-11_ibr-21_5.txt 0 1456142545 1456142545
ibr-11_ibr-21_6.txt 0 1456142543 1456142543
ibr-11_ibr-21_7.txt 0 1456142544 1456142544
ibr-11_ibr-21_8.txt 0 1456142542 1456142542
ibr-11_ibr-26_1.txt 1024 1456142543 1456143218
ibr-11_ibr-26_2.txt 0 1456142543 1456142543
ibr-11_ibr-26_3.txt 0 1456142543 1456142543
ibr-11_ibr-26_4.txt 0 1456142543 1456142543
ibr-11_ibr-26_5.txt 0 1456142542 1456142542
ibr-11_ibr-26_6.txt 0 1456142542 1456142542
ibr-11_ibr-26_7.txt 0 1456142542 1456142542
ibr-11_ibr-28_1.txt 1024 1456142543 1456146188
ibr-11_ibr-29_1.txt 0 1456142542 1456142542
ibr-11_ibr-30_1.txt 0 1456142543 1456142543
ibr-11_ibr-31_1.txt 0 1456142542 1456142542
ibr-11_ibr-31_2.txt 0 1456142542 1456142542
ibr-11_ibr-31_3.txt 0 1456142543 1456142543
ibr-11_ibr-31_4.txt 0 1456142543 1456142543
ibr-11_ibr-36_1.txt 0 1456142542 1456142542
ibr-11_ibr-36_2.txt 0 1456142543 1456142543
ibr-11_ibr-36_3.txt 0 1456142542 1456142542
ibr-11_ibr-36_4.txt 0 1456142543 1456142543
ibr-11_ibr-36_5.txt 0 1456142543 1456142543
ibr-11_ibr-40_1.txt 0 1456142542 1456142542
ibr-11_ibr-41_1.txt 1024 1456142543 1456143278
ibr-11_ibr-41_2.txt 1024 1456142542 1456143278
ibr-11_ibr-41_3.txt 0 1456142542 1456142542
ibr-11_ibr-41_4.txt 0 1456142542 1456142542
ibr-11_ibr-41_5.txt 0 1456142542 1456142542
ibr-11_ibr-41_6.txt 0 1456142542 1456142542
ibr-11_ibr-41_7.txt 0 1456142542 1456142542
ibr-11_ibr-44_1.txt 0 1456142543 1456142543
ibr-11_ibr-51_1.txt 0 1456142542 1456142542
ibr-11_ibr-51_2.txt 0 1456142542 1456142542
ibr-11_ibr-51_3.txt 0 1456142542 1456142542
ibr-11_ibr-51_4.txt 0 1456142543 1456142543
ibr-11_ibr-51_5.txt 0 1456142542 1456142542
ibr-11_ibr-53_1.txt 0 1456142542 1456142542
ibr-11_ibr-55_1.txt 0 1456142542 1456142542
ibr-11_ibr-56_1.txt 0 1456142543 1456142543
ibr-11_ibr-56_2.txt 0 1456142543 1456142543
ibr-11_ibr-56_3.txt 0 1456142544 1456142544
ibr-11_ibr-56_4.txt 0 1456142542 1456142542
ibr-11_ibr-56_5.txt 0 1456142542 1456142542
ibr-11_ibr-56_6.txt 0 1456142542 1456142542
ibr-11_ibr-56_7.txt 0 1456142542 1456142542
ibr-11_ibr-6_1.txt 0 1456142543 1456142543
ibr-11_ibr-6_2.txt 0 1456142543 1456142543
ibr-11_ibr-6_3.txt 0 1456142542 1456142542
ibr-11_ibr-6_4.txt 0 1456142542 1456142542
ibr-12_ibr-17_1.txt 0 1456142542 1456142542
ibr-12_ibr-19_1.txt 0 1456142543 1456142543
ibr-12_ibr-21_1.txt 0 1456142543 1456142543
ibr-12_ibr-23_1.txt 0 1456142542 1456142542
ibr-12_ibr-24_1.txt 0 1456142542 1456142542
ibr-12_ibr-25_1.txt 0 1456142542 1456142542
ibr-12_ibr-26_1.txt 1024 1456142542 1456147327
ibr-12_ibr-56_1.txt 0 1456142543 1456142543
ibr-13_ibr-14_1.txt 0 1456142543 1456142543
ibr-13_ibr-22_1.txt 0 1456142543 1456142543
ibr-13_ibr-28_1.txt 1024 1456142543 1456143507
ibr-13_ibr-29_1.txt 0 1456142543 1456142543
ibr-13_ibr-30_1.txt 1024 1456142543 1456148192
ibr-13_ibr-36_1.txt 0 1456142542 1456142542
ibr-13_ibr-38_1.txt 0 1456142542 1456142542
ibr-13_ibr-40_1.txt 1024 1456142542 1456146468
ibr-13_ibr-47_1.txt 1024 1456142543 1456147387
ibr-13_ibr-47_2.txt 0 1456142543 1456142543
ibr-13_ibr-48_1.txt 0 1456142543 1456142543
ibr-13_ibr-8_1.txt 1024 1456142542 1456144798
ibr-14_ibr-16_1.txt 0 1456142543 1456142543
ibr-14_ibr-29_1.txt 0 1456142543 1456142543
ibr-14_ibr-29_2.txt 1024 1456142543 1456146667
ibr-14_ibr-3_1.txt 1024 1456142543 1456144777
ibr-15_ibr-24_1.txt 1024 1456142543 1456146417
ibr-15_ibr-38_1.txt 1024 1456142543 1456145668
ibr-15_ibr-39_1.txt 1024 1456142542 1456143732
ibr-15_ibr-43_1.txt 1024 1456142542 1456146488
ibr-15_ibr-49_1.txt 0 1456142543 1456142543
ibr-15_ibr-5_1.txt 0 1456142542 1456142542
ibr-15_ibr-55_1.txt 0 1456142542 1456142542
ibr-15_ibr-6_1.txt 0 1456142543 1456142543
ibr-16_ibr-11_1.txt 0 1456142543 1456142543
ibr-16_ibr-11_2.txt 0 1456142542 1456142542
ibr-16_ibr-1_1.txt 0 1456142542 1456142542
ibr-16_ibr-12_1.txt 0 1456142542 1456142542
ibr-16_ibr-1_2.txt 0 1456142542 1456142542
ibr-16_ibr-1_3.txt 0 1456142543 1456142543
ibr-16_ibr-1_4.txt 0 1456142543 1456142543
ibr-16_ibr-15_1.txt 0 1456142543 1456142543
ibr-16_ibr-15_2.txt 0 1456142543 1456142543
ibr-16_ibr-1_5.txt 0 1456142543 1456142543
ibr-16_ibr-1_6.txt 0 1456142543 1456142543
ibr-16_ibr-1_7.txt 0 1456142542 1456142542
ibr-16_ibr-20_1.txt 0 1456142543 1456142543
ibr-16_ibr-21_1.txt 0 1456142542 1456142542
ibr-16_ibr-21_2.txt 0 1456142543 1456142543
ibr-16_ibr-21_3.txt 0 1456142544 1456142544
ibr-16_ibr-23_1.txt 0 1456142542 1456142542
ibr-16_ibr-26_1.txt 0 1456142543 1456142543
ibr-16_ibr-26_2.txt 0 1456142542 1456142542
ibr-16_ibr-31_1.txt 0 1456142542 1456142542
ibr-16_ibr-37_1.txt 0 1456142543 1456142543
ibr-16_ibr-40_1.txt 1024 1456142542 1456143162
ibr-16_ibr-41_10.txt 1024 1456142542 1456148487
ibr-16_ibr-41_11.txt 0 1456142542 1456142542
ibr-16_ibr-41_1.txt 0 1456142543 1456142543
ibr-16_ibr-41_2.txt 0 1456142542 1456142542
ibr-16_ibr-41_3.txt 0 1456142542 1456142542
ibr-16_ibr-41_4.txt 0 1456142542 1456142542
ibr-16_ibr-41_5.txt 1024 1456142542 1456147412
ibr-16_ibr-41_6.txt 0 1456142542 1456142542
ibr-16_ibr-41_7.txt 0 1456142543 1456142543
ibr-16_ibr-41_8.txt 0 1456142542 1456142542
ibr-16_ibr-41_9.txt 0 1456142542 1456142542
ibr-16_ibr-44_1.txt 0 1456142543 1456142543
ibr-16_ibr-46_1.txt 0 1456142542 1456142542
ibr-16_ibr-46_2.txt 0 1456142543 1456142543
ibr-16_ibr-46_3.txt 0 1456142543 1456142543
ibr-16_ibr-46_4.txt 0 1456142543 1456142543
ibr-16_ibr-46_5.txt 0 1456142543 1456142543
ibr-16_ibr-46_6.txt 0 1456142543 1456142543
ibr-16_ibr-46_7.txt 0 1456142543 1456142543
ibr-16_ibr-51_1.txt 0 1456142543 1456142543
ibr-16_ibr-51_2.txt 0 1456142542 1456142542
ibr-16_ibr-51_3.txt 0 1456142543 1456142543
ibr-16_ibr-51_4.txt 0 1456142543 1456142543
ibr-16_ibr-51_5.txt 0 1456142543 1456142543
ibr-16_ibr-51_6.txt 0 1456142542 1456142542
ibr-16_ibr-51_7.txt 0 1456142542 1456142542
ibr-16_ibr-54_1.txt 0 1456142543 1456142543
ibr-16_ibr-56_1.txt 0 1456142544 1456142544
ibr-16_ibr-56_2.txt 0 1456142542 1456142542
ibr-16_ibr-56_3.txt 0 1456142543 1456142543
ibr-16_ibr-56_4.txt 0 1456142543 1456142543
ibr-16_ibr-56_5.txt 0 1456142543 1456142543
ibr-16_ibr-6_10.txt 0 1456142542 1456142542
ibr-16_ibr-6_11.txt 0 1456142542 1456142542
ibr-16_ibr-6_12.txt 0 1456142542 1456142542
ibr-16_ibr-6_1.txt 0 1456142543 1456142543
ibr-16_ibr-6_2.txt 0 1456142543 1456142543
ibr-16_ibr-6_3.txt 0 1456142543 1456142543
ibr-16_ibr-6_4.txt 0 1456142543 1456142543
ibr-16_ibr-6_5.txt 0 1456142543 1456142543
ibr-16_ibr-6_6.txt 0 1456142543 1456142543
ibr-16_ibr-6_7.txt 0 1456142543 1456142543
ibr-16_ibr-6_8.txt 0 1456142543 1456142543
ibr-16_ibr-6_9.txt 0 1456142543 1456142543
ibr-16_ibr-7_1.txt 0 1456142543 1456142543
ibr-16_ibr-7_2.txt 0 1456142542 1456142542
ibr-16_ibr-8_1.txt 0 1456142542 1456142542
ibr-17_ibr-10_1.txt 0 1456142542 1456142542
ibr-17_ibr-11_1.txt 0 1456142543 1456142543
ibr-17_ibr-12_1.txt 0 1456142542 1456142542
ibr-17_ibr-19_1.txt 0 1456142542 1456142542
ibr-17_ibr-2_1.txt 0 1456142542 1456142542
ibr-17_ibr-26_1.txt 0 1456142542 1456142542
ibr-17_ibr-28_1.txt 1024 1456142543 1456146347
ibr-17_ibr-30_1.txt 0 1456142543 1456142543
ibr-17_ibr-3_1.txt 0 1456142542 1456142542
ibr-17_ibr-50_1.txt 0 1456142542 1456142542
ibr-17_ibr-50_2.txt 0 1456142542 1456142542
ibr-17_ibr-7_1.txt 0 1456142543 1456142543
ibr-18_ibr-15_1.txt 1024 1456142543 1456144967
ibr-18_ibr-19_1.txt 0 1456142542 1456142542
ibr-18_ibr-21_1.txt 0 1456142543 1456142543
ibr-18_ibr-2_1.txt 0 1456142542 1456142542
ibr-18_ibr-24_1.txt 0 1456142543 1456142543
ibr-18_ibr-36_1.txt 0 1456142542 1456142542
ibr-18_ibr-39_1.txt 0 1456142543 1456142543
ibr-18_ibr-4_1.txt 0 1456142543 1456142543
ibr-18_ibr-51_1.txt 0 1456142542 1456142542
ibr-18_ibr-53_1.txt 0 1456142542 1456142542
ibr-18_ibr-54_1.txt 1024 1456142543 1456146433
ibr-18_ibr-7_1.txt 0 1456142542 1456142542
ibr-19_ibr-12_1.txt 0 1456142542 1456142542
ibr-19_ibr-18_1.txt 0 1456142543 1456142543
ibr-19_ibr-22_1.txt 0 1456142543 1456142543
ibr-19_ibr-30_1.txt 0 1456142543 1456142543
ibr-19_ibr-35_1.txt 1024 1456142543 1456147343
ibr-19_ibr-40_1.txt 0 1456142542 1456142542
ibr-19_ibr-44_1.txt 0 1456142542 1456142542
ibr-19_ibr-44_2.txt 0 1456142543 1456142543
ibr-19_ibr-46_1.txt 0 1456142542 1456142542
ibr-19_ibr-47_1.txt 0 1456142543 1456142543
ibr-19_ibr-55_1.txt 0 1456142542 1456142542
ibr-19_ibr-9_1.txt 0 1456142543 1456142543
ibr-1_ibr-11_1.txt 0 1456142543 1456142543
ibr-1_ibr-11_2.txt 0 1456142543 1456142543
ibr-1_ibr-11_3.txt 0 1456142542 1456142542
ibr-1_ibr-11_4.txt 0 1456142543 1456142543
ibr-1_ibr-11_5.txt 0 1456142543 1456142543
ibr-1_ibr-11_6.txt 0 1456142542 1456142542
ibr-1_ibr-11_7.txt 0 1456142543 1456142543
ibr-1_ibr-16_1.txt 1024 1456142542 1456146908
ibr-1_ibr-16_2.txt 0 1456142542 1456142542
ibr-1_ibr-16_3.txt 0 1456142543 1456142543
ibr-1_ibr-16_4.txt 0 1456142543 1456142543
ibr-1_ibr-16_5.txt 0 1456142544 1456142544
ibr-1_ibr-21_1.txt 0 1456142542 1456142542
ibr-1_ibr-21_2.txt 0 1456142542 1456142542
ibr-1_ibr-21_3.txt 0 1456142544 1456142544
ibr-1_ibr-26_1.txt 0 1456142543 1456142543
ibr-1_ibr-26_2.txt 0 1456142542 1456142542
ibr-1_ibr-26_3.txt 0 1456142542 1456142542
ibr-1_ibr-26_4.txt 0 1456142542 1456142542
ibr-1_ibr-31_1.txt 0 1456142542 1456142542
ibr-1_ibr-31_2.txt 0 1456142543 1456142543
ibr-1_ibr-36_1.txt 0 1456142543 1456142543
ibr-1_ibr-36_2.txt 0 1456142543 1456142543
ibr-1_ibr-36_3.txt 0 1456142542 1456142542
ibr-1_ibr-36_4.txt 0 1456142543 1456142543
ibr-1_ibr-41_1.txt 0 1456142542 1456142542
ibr-1_ibr-41_2.txt 0 1456142542 1456142542
ibr-1_ibr-41_3.txt 0 1456142542 1456142542
ibr-1_ibr-46_1.txt 0 1456142542 1456142542
ibr-1_ibr-46_2.txt 0 1456142544 1456142544
ibr-1_ibr-46_3.txt 0 1456142543 1456142543
ibr-1_ibr-46_4.txt 0 1456142543 1456142543
ibr-1_ibr-51_1.txt 0 1456142543 1456142543
ibr-1_ibr-51_2.txt 0 1456142542 1456142542
ibr-1_ibr-56_1.txt 0 1456142543 1456142543
ibr-1_ibr-56_2.txt 0 1456142543 1456142543
ibr-1_ibr-56_3.txt 0 1456142543 1456142543
ibr-1_ibr-56_4.txt 0 1456142543 1456142543
ibr-1_ibr-56_5.txt 0 1456142543 1456142543
ibr-1_ibr-56_6.txt 0 1456142542 1456142542
ibr-1_ibr-56_7.txt 0 1456142542 1456142542
ibr-1_ibr-6_1.txt 1024 1456142543 1456146837
ibr-1_ibr-6_2.txt 0 1456142543 1456142543
ibr-1_ibr-6_3.txt 0 1456142543 1456142543
ibr-1_ibr-6_4.txt 0 1456142543 1456142543
ibr-1_ibr-6_5.txt 0 1456142542 1456142542
ibr-1_ibr-6_6.txt 0 1456142542 1456142542
ibr-1_ibr-6_7.txt 0 1456142542 1456142542
ibr-20_ibr-10_1.txt 0 1456142542 1456142542
ibr-20_ibr-15_1.txt 1024 1456142543 1456143747
ibr-20_ibr-17_1.txt 0 1456142542 1456142542
ibr-20_ibr-17_2.txt 0 1456142542 1456142542
ibr-20_ibr-23_1.txt 0 1456142542 1456142542
ibr-20_ibr-28_1.txt 0 1456142543 1456142543
ibr-20_ibr-31_1.txt 0 1456142543 1456142543
ibr-20_ibr-3_1.txt 1024 1456142542 1456147438
ibr-20_ibr-34_1.txt 1024 1456142543 1456145758
ibr-20_ibr-4_1.txt 1024 1456142543 1456143637
ibr-20_ibr-47_1.txt 1024 1456142542 1456146118
ibr-20_ibr-47_2.txt 1024 1456142543 1456146118
ibr-20_ibr-50_1.txt 0 1456142542 1456142542
ibr-20_ibr-52_1.txt 1024 1456142543 1456145292
ibr-20_ibr-55_1.txt 0 1456142542 1456142542
ibr-20_ibr-56_1.txt 0 1456142543 1456142543
ibr-21_ibr-11_1.txt 0 1456142542 1456142542
ibr-21_ibr-11_2.txt 0 1456142543 1456142543
ibr-21_ibr-11_3.txt 0 1456142542 1456142542
ibr-21_ibr-11_4.txt 0 1456142542 1456142542
ibr-21_ibr-1_1.txt 0 1456142542 1456142542
ibr-21_ibr-1_2.txt 0 1456142543 1456142543
ibr-21_ibr-1_3.txt 0 1456142543 1456142543
ibr-21_ibr-14_1.txt 0 1456142543 1456142543
ibr-21_ibr-1_4.txt 0 1456142542 1456142542
ibr-21_ibr-1_5.txt 0 1456142542 1456142542
ibr-21_ibr-16_1.txt 0 1456142543 1456142543
ibr-21_ibr-16_2.txt 0 1456142543 1456142543
ibr-21_ibr-16_3.txt 0 1456142543 1456142543
ibr-21_ibr-16_4.txt 0 1456142543 1456142543
ibr-21_ibr-16_5.txt 0 1456142544 1456142544
ibr-21_ibr-16_6.txt 0 1456142542 1456142542
ibr-21_ibr-16_7.txt 0 1456142543 1456142543
ibr-21_ibr-16_8.txt 0 1456142543 1456142543
ibr-21_ibr-16_9.txt 0 1456142544 1456142544
ibr-21_ibr-1_6.txt 0 1456142542 1456142542
ibr-21_ibr-18_1.txt 0 1456142543 1456142543
ibr-21_ibr-26_1.txt 0 1456142542 1456142542
ibr-21_ibr-26_2.txt 0 1456142542 1456142542
ibr-21_ibr-26_3.txt 0 1456142542 1456142542
ibr-21_ibr-26_4.txt 0 1456142542 1456142542
ibr-21_ibr-31_1.txt 0 1456142543 1456142543
ibr-21_ibr-31_2.txt 0 1456142542 1456142542
ibr-21_ibr-31_3.txt 0 1456142543 1456142543
ibr-21_ibr-31_4.txt 0 1456142542 1456142542
ibr-21_ibr-31_5.txt 0 1456142542 1456142542
ibr-21_ibr-31_6.txt 0 1456142542 1456142542
ibr-21_ibr-31_7.txt 0 1456142542 1456142542
ibr-21_ibr-34_1.txt 0 1456142543 1456142543
ibr-21_ibr-36_1.txt 0 1456142542 1456142542
ibr-21_ibr-36_2.txt 0 1456142542 1456142542
ibr-21_ibr-36_3.txt 0 1456142542 1456142542
ibr-21_ibr-36_4.txt 0 1456142543 1456142543
ibr-21_ibr-36_5.txt 0 1456142543 1456142543
ibr-21_ibr-36_6.txt 0 1456142543 1456142543
ibr-21_ibr-36_7.txt 0 1456142543 1456142543
ibr-21_ibr-39_1.txt 0 1456142543 1456142543
ibr-21_ibr-41_1.txt 0 1456142542 1456142542
ibr-21_ibr-41_2.txt 0 1456142542 1456142542
ibr-21_ibr-41_3.txt 0 1456142542 1456142542
ibr-21_ibr-41_4.txt 0 1456142542 1456142542
ibr-21_ibr-41_5.txt 0 1456142543 1456142543
ibr-21_ibr-46_1.txt 0 1456142542 1456142542
ibr-21_ibr-46_2.txt 0 1456142543 1456142543
ibr-21_ibr-46_3.txt 0 1456142542 1456142542
ibr-21_ibr-46_4.txt 0 1456142543 1456142543
ibr-21_ibr-46_5.txt 0 1456142543 1456142543
ibr-21_ibr-46_6.txt 0 1456142543 1456142543
ibr-21_ibr-46_7.txt 0 1456142543 1456142543
ibr-21_ibr-47_1.txt 1024 1456142543 1456143212
ibr-21_ibr-51_1.txt 0 1456142542 1456142542
ibr-21_ibr-51_2.txt 0 1456142543 1456142543
ibr-21_ibr-51_3.txt 0 1456142542 1456142542
ibr-21_ibr-5_1.txt 0 1456142542 1456142542
ibr-21_ibr-55_1.txt 0 1456142542 1456142542
ibr-21_ibr-56_1.txt 1024 1456142542 1456145007
ibr-21_ibr-56_2.txt 0 1456142542 1456142542
ibr-21_ibr-56_3.txt 0 1456142543 1456142543
ibr-21_ibr-56_4.txt 0 1456142544 1456142544
ibr-21_ibr-56_5.txt 0 1456142543 1456142543
ibr-21_ibr-56_6.txt 0 1456142542 1456142542
ibr-21_ibr-6_1.txt 1024 1456142543 1456143382
ibr-21_ibr-6_2.txt 0 1456142543 1456142543
ibr-21_ibr-6_3.txt 0 1456142542 1456142542
ibr-21_ibr-6_4.txt 0 1456142542 1456142542
ibr-21_ibr-6_5.txt 0 1456142542 1456142542
ibr-21_ibr-8_1.txt 1024 1456142542 1456143243
ibr-22_ibr-15_1.txt 0 1456142543 1456142543
ibr-22_ibr-19_1.txt 1024 1456142543 1456146977
ibr-22_ibr-2_1.txt 0 1456142542 1456142542
ibr-22_ibr-24_1.txt 0 1456142542 1456142542
ibr-22_ibr-25_1.txt 0 1456142542 1456142542
ibr-22_ibr-35_1.txt 0 1456142542 1456142542
ibr-22_ibr-40_1.txt 0 1456142542 1456142542
ibr-22_ibr-40_2.txt 0 1456142543 1456142543
ibr-22_ibr-4_1.txt 1024 1456142543 1456145928
ibr-22_ibr-47_1.txt 0 1456142542 1456142542
ibr-22_ibr-49_1.txt 0 1456142542 1456142542
ibr-22_ibr-52_1.txt 0 1456142543 1456142543
ibr-22_ibr-9_1.txt 0 1456142543 1456142543
ibr-23_ibr-16_1.txt 1024 1456142542 1456143312
ibr-23_ibr-19_1.txt 0 1456142543 1456142543
ibr-23_ibr-21_1.txt 0 1456142543 1456142543
ibr-23_ibr-25_1.txt 0 1456142542 1456142542
ibr-23_ibr-30_1.txt 1024 1456142543 1456146887
ibr-23_ibr-31_1.txt 0 1456142542 1456142542
ibr-23_ibr-31_2.txt 0 1456142542 1456142542
ibr-23_ibr-34_1.txt 1024 1456142543 1456143882
ibr-23_ibr-44_1.txt 1024 1456142543 1456146113
ibr-23_ibr-47_1.txt 1024 1456142542 1456147732
ibr-23_ibr-49_1.txt 0 1456142542 1456142542
ibr-23_ibr-51_1.txt 0 1456142543 1456142543
ibr-23_ibr-52_1.txt 1024 1456142542 1456144382
ibr-24_ibr-16_1.txt 0 1456142544 1456142544
ibr-24_ibr-22_1.txt 0 1456142543 1456142543
ibr-24_ibr-26_1.txt 0 1456142543 1456142543
ibr-24_ibr-32_1.txt 0 1456142542 1456142542
ibr-24_ibr-36_1.txt 0 1456142542 1456142542
ibr-24_ibr-38_1.txt 0 1456142542 1456142542
ibr-24_ibr-41_1.txt 0 1456142543 1456142543
ibr-24_ibr-41_2.txt 0 1456142542 1456142542
ibr-24_ibr-4_1.txt 1024 1456142542 1456145602
ibr-24_ibr-9_1.txt 0 1456142543 1456142543
ibr-25_ibr-13_1.txt 0 1456142543 1456142543
ibr-25_ibr-23_1.txt 0 1456142542 1456142542
ibr-25_ibr-24_1.txt 1024 1456142543 1456144707
ibr-25_ibr-29_1.txt 1024 1456142542 1456143897
ibr-25_ibr-29_2.txt 0 1456142543 1456142543
ibr-25_ibr-40_1.txt 0 1456142542 1456142542
ibr-25_ibr-42_1.txt 1024 1456142542 1456146628
ibr-25_ibr-53_1.txt 1024 1456142542 1456144437
ibr-25_ibr-53_2.txt 1024 1456142542 1456144477
ibr-25_ibr-53_3.txt 1024 1456142542 1456145813
ibr-25_ibr-54_1.txt 0 1456142543 1456142543
ibr-25_ibr-55_1.txt 0 1456142542 1456142542
ibr-25_ibr-55_2.txt 1024 1456142542 1456146967
ibr-25_ibr-56_1.txt 0 1456142542 1456142542
ibr-25_ibr-56_2.txt 0 1456142543 1456142543
ibr-25_ibr-6_1.txt 0 1456142542 1456142542
ibr-25_ibr-7_1.txt 0 1456142542 1456142542
ibr-26_ibr-11_1.txt 0 1456142542 1456142542
ibr-26_ibr-11_2.txt 0 1456142543 1456142543
ibr-26_ibr-11_3.txt 0 1456142542 1456142542
ibr-26_ibr-11_4.txt 0 1456142543 1456142543
ibr-26_ibr-11_5.txt 0 1456142542 1456142542
ibr-26_ibr-1_1.txt 0 1456142542 1456142542
ibr-26_ibr-16_1.txt 0 1456142543 1456142543
ibr-26_ibr-16_2.txt 0 1456142543 1456142543
ibr-26_ibr-16_3.txt 0 1456142543 1456142543
ibr-26_ibr-16_4.txt 0 1456142543 1456142543
ibr-26_ibr-16_5.txt 0 1456142543 1456142543
ibr-26_ibr-16_6.txt 0 1456142543 1456142543
ibr-26_ibr-16_7.txt 0 1456142543 1456142543
ibr-26_ibr-16_8.txt 0 1456142543 1456142543
ibr-26_ibr-17_1.txt 0 1456142542 1456142542
ibr-26_ibr-19_1.txt 0 1456142543 1456142543
ibr-26_ibr-20_1.txt 0 1456142542 1456142542
ibr-26_ibr-21_1.txt 0 1456142545 1456142545
ibr-26_ibr-21_2.txt 0 1456142542 1456142542
ibr-26_ibr-21_3.txt 0 1456142543 1456142543
ibr-26_ibr-21_4.txt 0 1456142542 1456142542
ibr-26_ibr-21_5.txt 0 1456142542 1456142542
ibr-26_ibr-21_6.txt 0 1456142543 1456142543
ibr-26_ibr-21_7.txt 0 1456142543 1456142543
ibr-26_ibr-23_1.txt 0 1456142542 1456142542
ibr-26_ibr-31_1.txt 0 1456142542 1456142542
ibr-26_ibr-31_2.txt 0 1456142542 1456142542
ibr-26_ibr-31_3.txt 0 1456142542 1456142542
ibr-26_ibr-31_4.txt 0 1456142542 1456142542
ibr-26_ibr-31_5.txt 0 1456142543 1456142543
ibr-26_ibr-31_6.txt 0 1456142543 1456142543
ibr-26_ibr-35_1.txt 0 1456142542 1456142542
ibr-26_ibr-36_1.txt 0 1456142542 1456142542
ibr-26_ibr-36_2.txt 0 1456142543 1456142543
ibr-26_ibr-36_3.txt 0 1456142543 1456142543
ibr-26_ibr-36_4.txt 0 1456142543 1456142543
ibr-26_ibr-37_1.txt 0 1456142543 1456142543
ibr-26_ibr-41_1.txt 1024 1456142542 1456143278
ibr-26_ibr-41_2.txt 1024 1456142543 1456143278
ibr-26_ibr-41_3.txt 0 1456142543 1456142543
ibr-26_ibr-41_4.txt 1024 1456142542 1456146743
ibr-26_ibr-41_5.txt 0 1456142542 1456142542
ibr-26_ibr-41_6.txt 0 1456142542 1456142542
ibr-26_ibr-41_7.txt 0 1456142542 1456142542
ibr-26_ibr-41_8.txt 0 1456142542 1456142542
ibr-26_ibr-42_1.txt 0 1456142542 1456142542
ibr-26_ibr-46_1.txt 0 1456142542 1456142542
ibr-26_ibr-46_2.txt 0 1456142543 1456142543
ibr-26_ibr-46_3.txt 0 1456142542 1456142542
ibr-26_ibr-46_4.txt 0 1456142543 1456142543
ibr-26_ibr-47_1.txt 1024 1456142543 1456145453
ibr-26_ibr-48_1.txt 0 1456142542 1456142542
ibr-26_ibr-51_1.txt 0 1456142542 1456142542
ibr-26_ibr-51_2.txt 0 1456142543 1456142543
ibr-26_ibr-51_3.txt 0 1456142542 1456142542
ibr-26_ibr-51_4.txt 0 1456142542 1456142542
ibr-26_ibr-51_5.txt 0 1456142542 1456142542
ibr-26_ibr-51_6.txt 0 1456142542 1456142542
ibr-26_ibr-52_1.txt 0 1456142543 1456142543
ibr-26_ibr-52_2.txt 0 1456142542 1456142542
ibr-26_ibr-53_1.txt 0 1456142543 1456142543
ibr-26_ibr-56_1.txt 0 1456142542 1456142542
ibr-26_ibr-56_2.txt 0 1456142542 1456142542
ibr-26_ibr-56_3.txt 0 1456142542 1456142542
ibr-26_ibr-6_1.txt 0 1456142542 1456142542
ibr-26_ibr-6_2.txt 0 1456142543 1456142543
ibr-26_ibr-6_3.txt 0 1456142542 1456142542
ibr-26_ibr-6_4.txt 0 1456142542 1456142542
ibr-26_ibr-6_5.txt 0 1456142542 1456142542
ibr-26_ibr-6_6.txt 0 1456142542 1456142542
ibr-26_ibr-8_1.txt 1024 1456142543 1456143294
ibr-27_ibr-16_1.txt 0 1456142543 1456142543
ibr-27_ibr-33_1.txt 1024 1456142542 1456144052
ibr-27_ibr-33_2.txt 1024 1456142542 1456145823
ibr-27_ibr-37_1.txt 1024 1456142543 1456145933
ibr-27_ibr-47_1.txt 0 1456142542 1456142542
ibr-27_ibr-51_1.txt 0 1456142543 1456142543
ibr-28_ibr-10_1.txt 1024 1456142542 1456146727
ibr-28_ibr-17_1.txt 0 1456142542 1456142542
ibr-28_ibr-18_1.txt 0 1456142542 1456142542
ibr-28_ibr-27_1.txt 0 1456142542 1456142542
ibr-28_ibr-3_1.txt 0 1456142542 1456142542
ibr-28_ibr-34_1.txt 0 1456142543 1456142543
ibr-28_ibr-4_1.txt 0 1456142542 1456142542
ibr-28_ibr-42_1.txt 0 1456142542 1456142542
ibr-28_ibr-42_2.txt 1024 1456142543 1456148302
ibr-28_ibr-48_1.txt 1024 1456142543 1456146533
ibr-28_ibr-51_1.txt 0 1456142542 1456142542
ibr-28_ibr-56_1.txt 0 1456142543 1456142543
ibr-28_ibr-9_1.txt 1024 1456142543 1456146922
ibr-29_ibr-20_1.txt 0 1456142543 1456142543
ibr-29_ibr-2_1.txt 1024 1456142542 1456145298
ibr-29_ibr-39_1.txt 0 1456142543 1456142543
ibr-29_ibr-47_1.txt 0 1456142543 1456142543
ibr-29_ibr-5_1.txt 1024 1456142542 1456144302
ibr-29_ibr-52_1.txt 0 1456142542 1456142542
ibr-29_ibr-52_2.txt 1024 1456142542 1456147092
ibr-2_ibr-14_1.txt 0 1456142543 1456142543
ibr-2_ibr-29_1.txt 1024 1456142543 1456145298
ibr-2_ibr-30_1.txt 0 1456142543 1456142543
ibr-2_ibr-42_1.txt 0 1456142542 1456142542
ibr-2_ibr-48_1.txt 1024 1456142543 1456147067
ibr-2_ibr-48_2.txt 1024 1456142542 1456147067
ibr-2_ibr-50_1.txt 0 1456142543 1456142543
ibr-2_ibr-53_1.txt 1024 1456142543 1456146622
ibr-2_ibr-54_1.txt 1024 1456142542 1456144007
ibr-2_ibr-7_1.txt 0 1456142542 1456142542
ibr-2_ibr-7_2.txt 1024 1456142542 1456146907
ibr-30_ibr-17_1.txt 0 1456142542 1456142542
ibr-30_ibr-18_1.txt 1024 1456142543 1456143318
ibr-30_ibr-24_1.txt 1024 1456142543 1456146003
ibr-30_ibr-36_1.txt 0 1456142543 1456142543
ibr-30_ibr-40_1.txt 0 1456142542 1456142542
ibr-30_ibr-41_1.txt 0 1456142542 1456142542
ibr-30_ibr-44_1.txt 0 1456142542 1456142542
ibr-30_ibr-45_1.txt 0 1456142543 1456142543
ibr-30_ibr-50_1.txt 0 1456142543 1456142543
ibr-30_ibr-50_2.txt 1024 1456142543 1456146133
ibr-31_ibr-11_1.txt 0 1456142542 1456142542
ibr-31_ibr-11_2.txt 1024 1456142543 1456147077
ibr-31_ibr-11_3.txt 0 1456142542 1456142542
ibr-31_ibr-11_4.txt 0 1456142543 1456142543
ibr-31_ibr-1_1.txt 1024 1456142542 1456143283
ibr-31_ibr-1_2.txt 0 1456142543 1456142543
ibr-31_ibr-1_3.txt 0 1456142542 1456142542
ibr-31_ibr-1_4.txt 0 1456142542 1456142542
ibr-31_ibr-1_5.txt 0 1456142543 1456142543
ibr-31_ibr-16_1.txt 0 1456142543 1456142543
ibr-31_ibr-16_2.txt 0 1456142542 1456142542
ibr-31_ibr-16_3.txt 0 1456142543 1456142543
ibr-31_ibr-20_1.txt 0 1456142543 1456142543
ibr-31_ibr-20_2.txt 0 1456142542 1456142542
ibr-31_ibr-21_1.txt 0 1456142543 1456142543
ibr-31_ibr-21_2.txt 0 1456142545 1456142545
ibr-31_ibr-21_3.txt 0 1456142545 1456142545
ibr-31_ibr-21_4.txt 0 1456142543 1456142543
ibr-31_ibr-26_1.txt 0 1456142542 1456142542
ibr-31_ibr-26_2.txt 0 1456142542 1456142542
ibr-31_ibr-26_3.txt 0 1456142542 1456142542
ibr-31_ibr-26_4.txt 0 1456142543 1456142543
ibr-31_ibr-26_5.txt 0 1456142543 1456142543
ibr-31_ibr-26_6.txt 0 1456142542 1456142542
ibr-31_ibr-26_7.txt 0 1456142543 1456142543
ibr-31_ibr-26_8.txt 0 1456142542 1456142542
ibr-31_ibr-26_9.txt 0 1456142542 1456142542
ibr-31_ibr-33_1.txt 1024 1456142542 1456143222
ibr-31_ibr-34_1.txt 0 1456142543 1456142543
ibr-31_ibr-35_1.txt 0 1456142543 1456142543
ibr-31_ibr-36_1.txt 0 1456142542 1456142542
ibr-31_ibr-36_2.txt 0 1456142542 1456142542
ibr-31_ibr-36_3.txt 0 1456142543 1456142543
ibr-31_ibr-36_4.txt 0 1456142543 1456142543
ibr-31_ibr-36_5.txt 0 1456142542 1456142542
ibr-31_ibr-36_6.txt 0 1456142542 1456142542
ibr-31_ibr-38_1.txt 0 1456142543 1456142543
ibr-31_ibr-41_10.txt 0 1456142542 1456142542
ibr-31_ibr-41_1.txt 0 1456142543 1456142543
ibr-31_ibr-41_2.txt 0 1456142543 1456142543
ibr-31_ibr-41_3.txt 0 1456142542 1456142542
ibr-31_ibr-41_4.txt 0 1456142542 1456142542
ibr-31_ibr-41_5.txt 0 1456142543 1456142543
ibr-31_ibr-41_6.txt 0 1456142542 1456142542
ibr-31_ibr-41_7.txt 0 1456142542 1456142542
ibr-31_ibr-41_8.txt 0 1456142542 1456142542
ibr-31_ibr-41_9.txt 0 1456142542 1456142542
ibr-31_ibr-46_1.txt 0 1456142543 1456142543
ibr-31_ibr-46_2.txt 0 1456142543 1456142543
ibr-31_ibr-46_3.txt 0 1456142542 1456142542
ibr-31_ibr-46_4.txt 0 1456142543 1456142543
ibr-31_ibr-46_5.txt 0 1456142543 1456142543
ibr-31_ibr-46_6.txt 0 1456142543 1456142543
ibr-31_ibr-46_7.txt 0 1456142543 1456142543
ibr-31_ibr-46_8.txt 0 1456142543 1456142543
ibr-31_ibr-46_9.txt 0 1456142543 1456142543
ibr-31_ibr-51_1.txt 0 1456142543 1456142543
ibr-31_ibr-54_1.txt 0 1456142542 1456142542
ibr-31_ibr-56_1.txt 0 1456142542 1456142542
ibr-31_ibr-56_2.txt 0 1456142543 1456142543
ibr-31_ibr-56_3.txt 0 1456142542 1456142542
ibr-31_ibr-56_4.txt 0 1456142543 1456142543
ibr-31_ibr-6_1.txt 0 1456142543 1456142543
ibr-31_ibr-6_2.txt 0 1456142543 1456142543
ibr-31_ibr-6_3.txt 0 1456142543 1456142543
ibr-31_ibr-6_4.txt 0 1456142543 1456142543
ibr-31_ibr-6_5.txt 0 1456142543 1456142543
ibr-31_ibr-6_6.txt 0 1456142542 1456142542
ibr-32_ibr-12_1.txt 0 1456142542 1456142542
ibr-32_ibr-16_1.txt 0 1456142543 1456142543
ibr-32_ibr-19_1.txt 0 1456142542 1456142542
ibr-32_ibr-21_1.txt 1024 1456142543 1456146967
ibr-32_ibr-40_1.txt 1024 1456142542 1456143093
ibr-32_ibr-50_1.txt 0 1456142543 1456142543
ibr-32_ibr-54_1.txt 0 1456142543 1456142543
ibr-33_ibr-13_1.txt 0 1456142542 1456142542
ibr-33_ibr-14_1.txt 1024 1456142543 1456146272
ibr-33_ibr-19_1.txt 0 1456142543 1456142543
ibr-33_ibr-20_1.txt 0 1456142543 1456142543
ibr-33_ibr-22_1.txt 0 1456142543 1456142543
ibr-33_ibr-31_1.txt 0 1456142543 1456142543
ibr-33_ibr-34_1.txt 1024 1456142543 1456145793
ibr-33_ibr-39_1.txt 0 1456142543 1456142543
ibr-33_ibr-4_1.txt 0 1456142543 1456142543
ibr-33_ibr-43_1.txt 1024 1456142542 1456143967
ibr-33_ibr-46_1.txt 0 1456142543 1456142543
ibr-33_ibr-47_1.txt 0 1456142542 1456142542
ibr-33_ibr-48_1.txt 0 1456142543 1456142543
ibr-33_ibr-49_1.txt 0 1456142542 1456142542
ibr-33_ibr-53_1.txt 0 1456142542 1456142542
ibr-33_ibr-56_1.txt 1024 1456142543 1456143452
ibr-34_ibr-18_1.txt 0 1456142543 1456142543
ibr-34_ibr-20_1.txt 0 1456142543 1456142543
ibr-34_ibr-20_2.txt 0 1456142542 1456142542
ibr-34_ibr-22_1.txt 0 1456142542 1456142542
ibr-34_ibr-23_1.txt 0 1456142542 1456142542
ibr-34_ibr-25_1.txt 0 1456142542 1456142542
ibr-34_ibr-26_1.txt 0 1456142543 1456142543
ibr-34_ibr-38_1.txt 0 1456142543 1456142543
ibr-34_ibr-39_1.txt 0 1456142543 1456142543
ibr-34_ibr-4_1.txt 1024 1456142542 1456146028
ibr-34_ibr-48_1.txt 0 1456142542 1456142542
ibr-34_ibr-50_1.txt 0 1456142542 1456142542
ibr-34_ibr-9_1.txt 0 1456142543 1456142543
ibr-35_ibr-10_1.txt 0 1456142542 1456142542
ibr-35_ibr-17_1.txt 0 1456142543 1456142543
ibr-35_ibr-23_1.txt 1024 1456142542 1456144662
ibr-35_ibr-29_1.txt 0 1456142542 1456142542
ibr-35_ibr-33_1.txt 1024 1456142543 1456143082
ibr-35_ibr-8_1.txt 1024 1456142542 1456147307
ibr-36_ibr-10_1.txt 0 1456142543 1456142543
ibr-36_ibr-11_1.txt 0 1456142542 1456142542
ibr-36_ibr-11_2.txt 0 1456142543 1456142543
ibr-36_ibr-11_3.txt 0 1456142542 1456142542
ibr-36_ibr-11_4.txt 0 1456142542 1456142542
ibr-36_ibr-11_5.txt 0 1456142542 1456142542
ibr-36_ibr-1_1.txt 0 1456142543 1456142543
ibr-36_ibr-1_2.txt 0 1456142543 1456142543
ibr-36_ibr-1_3.txt 0 1456142542 1456142542
ibr-36_ibr-1_4.txt 0 1456142543 1456142543
ibr-36_ibr-16_1.txt 1024 1456142543 1456147187
ibr-36_ibr-16_2.txt 0 1456142543 1456142543
ibr-36_ibr-16_3.txt 0 1456142543 1456142543
ibr-36_ibr-16_4.txt 0 1456142543 1456142543
ibr-36_ibr-16_5.txt 0 1456142544 1456142544
ibr-36_ibr-16_6.txt 1024 1456142543 1456147187
ibr-36_ibr-16_7.txt 0 1456142544 1456142544
ibr-36_ibr-21_1.txt 0 1456142542 1456142542
ibr-36_ibr-21_2.txt 0 1456142543 1456142543
ibr-36_ibr-21_3.txt 0 1456142543 1456142543
ibr-36_ibr-25_1.txt 0 1456142542 1456142542
ibr-36_ibr-26_1.txt 0 1456142543 1456142543
ibr-36_ibr-26_2.txt 0 1456142542 1456142542
ibr-36_ibr-26_3.txt 0 1456142543 1456142543
ibr-36_ibr-26_4.txt 0 1456142542 1456142542
ibr-36_ibr-31_1.txt 0 1456142542 1456142542
ibr-36_ibr-31_2.txt 0 1456142542 1456142542
ibr-36_ibr-31_3.txt 0 1456142543 1456142543
ibr-36_ibr-31_4.txt 0 1456142543 1456142543
ibr-36_ibr-31_5.txt 0 1456142542 1456142542
ibr-36_ibr-31_6.txt 0 1456142542 1456142542
ibr-36_ibr-41_1.txt 0 1456142542 1456142542
ibr-36_ibr-41_2.txt 0 1456142542 1456142542
ibr-36_ibr-41_3.txt 0 1456142542 1456142542
ibr-36_ibr-41_4.txt 0 1456142542 1456142542
ibr-36_ibr-42_1.txt 0 1456142543 1456142543
ibr-36_ibr-46_1.txt 0 1456142543 1456142543
ibr-36_ibr-46_2.txt 0 1456142542 1456142542
ibr-36_ibr-46_3.txt 0 1456142543 1456142543
ibr-36_ibr-46_4.txt 0 1456142543 1456142543
ibr-36_ibr-46_5.txt 0 1456142543 1456142543
ibr-36_ibr-46_6.txt 0 1456142542 1456142542
ibr-36_ibr-50_1.txt 0 1456142542 1456142542
ibr-36_ibr-51_1.txt 0 1456142543 1456142543
ibr-36_ibr-51_2.txt 0 1456142542 1456142542
ibr-36_ibr-51_3.txt 0 1456142543 1456142543
ibr-36_ibr-51_4.txt 0 1456142542 1456142542
ibr-36_ibr-51_5.txt 0 1456142543 1456142543
ibr-36_ibr-51_6.txt 0 1456142542 1456142542
ibr-36_ibr-51_7.txt 0 1456142542 1456142542
ibr-36_ibr-51_8.txt 0 1456142542 1456142542
ibr-36_ibr-53_1.txt 1024 1456142542 1456143397
ibr-36_ibr-56_1.txt 0 1456142544 1456142544
ibr-36_ibr-56_2.txt 0 1456142542 1456142542
ibr-36_ibr-56_3.txt 0 1456142543 1456142543
ibr-36_ibr-56_4.txt 0 1456142543 1456142543
ibr-36_ibr-56_5.txt 0 1456142543 1456142543
ibr-36_ibr-56_6.txt 0 1456142543 1456142543
ibr-36_ibr-56_7.txt 0 1456142543 1456142543
ibr-36_ibr-56_8.txt 0 1456142543 1456142543
ibr-36_ibr-56_9.txt 0 1456142542 1456142542
ibr-36_ibr-6_1.txt 1024 1456142543 1456143312
ibr-36_ibr-6_2.txt 0 1456142543 1456142543
ibr-36_ibr-6_3.txt 0 1456142542 1456142542
ibr-37_ibr-11_1.txt 1024 1456142543 1456146702
ibr-37_ibr-19_1.txt 0 1456142543 1456142543
ibr-37_ibr-23_1.txt 0 1456142542 1456142542
ibr-37_ibr-41_1.txt 0 1456142542 1456142542
ibr-37_ibr-4_1.txt 0 1456142543 1456142543
ibr-37_ibr-42_1.txt 0 1456142543 1456142543
ibr-37_ibr-7_1.txt 0 1456142543 1456142543
ibr-38_ibr-12_1.txt 0 1456142542 1456142542
ibr-38_ibr-20_1.txt 1024 1456142542 1456144582
ibr-38_ibr-32_1.txt 0 1456142543 1456142543
ibr-38_ibr-39_1.txt 1024 1456142542 1456143283
ibr-38_ibr-42_1.txt 0 1456142542 1456142542
ibr-38_ibr-45_1.txt 0 1456142543 1456142543
ibr-38_ibr-45_2.txt 1024 1456142543 1456145849
ibr-38_ibr-46_1.txt 1024 1456142543 1456146983
ibr-38_ibr-47_1.txt 0 1456142543 1456142543
ibr-38_ibr-48_1.txt 0 1456142542 1456142542
ibr-38_ibr-51_1.txt 0 1456142542 1456142542
ibr-38_ibr-55_1.txt 0 1456142542 1456142542
ibr-39_ibr-13_1.txt 0 1456142543 1456142543
ibr-39_ibr-15_1.txt 0 1456142543 1456142543
ibr-39_ibr-23_1.txt 0 1456142542 1456142542
ibr-39_ibr-29_1.txt 0 1456142543 1456142543
ibr-39_ibr-41_1.txt 0 1456142542 1456142542
ibr-39_ibr-50_1.txt 1024 1456142543 1456146752
ibr-39_ibr-52_1.txt 0 1456142542 1456142542
ibr-39_ibr-54_1.txt 0 1456142542 1456142542
ibr-39_ibr-6_1.txt 0 1456142542 1456142542
ibr-39_ibr-6_2.txt 0 1456142542 1456142542
ibr-3_ibr-10_1.txt 0 1456142542 1456142542
ibr-3_ibr-12_1.txt 0 1456142542 1456142542
ibr-3_ibr-18_1.txt 0 1456142543 1456142543
ibr-3_ibr-39_1.txt 0 1456142543 1456142543
ibr-3_ibr-4_1.txt 0 1456142543 1456142543
ibr-3_ibr-45_1.txt 0 1456142543 1456142543
ibr-3_ibr-49_1.txt 1024 1456142543 1456147407
ibr-3_ibr-5_1.txt 0 1456142542 1456142542
ibr-40_ibr-14_1.txt 1024 1456142543 1456143327
ibr-40_ibr-26_1.txt 0 1456142542 1456142542
ibr-40_ibr-27_1.txt 1024 1456142542 1456146762
ibr-40_ibr-31_1.txt 1024 1456142543 1456147042
ibr-40_ibr-3_1.txt 0 1456142543 1456142543
ibr-40_ibr-32_1.txt 0 1456142542 1456142542
ibr-40_ibr-34_1.txt 1024 1456142543 1456146372
ibr-40_ibr-35_1.txt 1024 1456142542 1456143577
ibr-40_ibr-37_1.txt 0 1456142543 1456142543
ibr-40_ibr-38_1.txt 0 1456142543 1456142543
ibr-40_ibr-39_1.txt 0 1456142543 1456142543
ibr-40_ibr-4_1.txt 1024 1456142543 1456144827
ibr-40_ibr-42_1.txt 1024 1456142542 1456148317
ibr-40_ibr-48_1.txt 0 1456142542 1456142542
ibr-41_ibr-10_1.txt 0 1456142542 1456142542
ibr-41_ibr-10_2.txt 0 1456142542 1456142542
ibr-41_ibr-11_1.txt 0 1456142542 1456142542
ibr-41_ibr-11_2.txt 0 1456142542 1456142542
ibr-41_ibr-11_3.txt 0 1456142542 1456142542
ibr-41_ibr-11_4.txt 0 1456142543 1456142543
ibr-41_ibr-1_1.txt 0 1456142542 1456142542
ibr-41_ibr-1_2.txt 0 1456142542 1456142542
ibr-41_ibr-1_3.txt 0 1456142543 1456142543
ibr-41_ibr-1_4.txt 0 1456142542 1456142542
ibr-41_ibr-16_1.txt 0 1456142542 1456142542
ibr-41_ibr-16_2.txt 0 1456142543 1456142543
ibr-41_ibr-16_3.txt 0 1456142543 1456142543
ibr-41_ibr-16_4.txt 0 1456142543 1456142543
ibr-41_ibr-16_5.txt 0 1456142543 1456142543
ibr-41_ibr-19_1.txt 0 1456142543 1456142543
ibr-41_ibr-21_1.txt 1024 1456142542 1456143292
ibr-41_ibr-21_2.txt 0 1456142542 1456142542
ibr-41_ibr-21_3.txt 0 1456142543 1456142543
ibr-41_ibr-21_4.txt 0 1456142545 1456142545
ibr-41_ibr-21_5.txt 0 1456142543 1456142543
ibr-41_ibr-21_6.txt 0 1456142543 1456142543
ibr-41_ibr-21_7.txt 0 1456142544 1456142544
ibr-41_ibr-21_8.txt 0 1456142543 1456142543
ibr-41_ibr-25_1.txt 0 1456142542 1456142542
ibr-41_ibr-30_1.txt 0 1456142543 1456142543
ibr-41_ibr-31_1.txt 0 1456142542 1456142542
ibr-41_ibr-31_2.txt 0 1456142542 1456142542
ibr-41_ibr-31_3.txt 0 1456142542 1456142542
ibr-41_ibr-36_1.txt 0 1456142543 1456142543
ibr-41_ibr-36_2.txt 0 1456142542 1456142542
ibr-41_ibr-36_3.txt 0 1456142543 1456142543
ibr-41_ibr-37_1.txt 0 1456142543 1456142543
ibr-41_ibr-43_1.txt 0 1456142542 1456142542
ibr-41_ibr-46_1.txt 0 1456142543 1456142543
ibr-41_ibr-46_2.txt 0 1456142542 1456142542
ibr-41_ibr-46_3.txt 0 1456142543 1456142543
ibr-41_ibr-46_4.txt 0 1456142543 1456142543
ibr-41_ibr-46_5.txt 0 1456142543 1456142543
ibr-41_ibr-46_6.txt 0 1456142543 1456142543
ibr-41_ibr-51_1.txt 0 1456142543 1456142543
ibr-41_ibr-51_2.txt 0 1456142542 1456142542
ibr-41_ibr-51_3.txt 0 1456142542 1456142542
ibr-41_ibr-51_4.txt 0 1456142543 1456142543
ibr-41_ibr-51_5.txt 0 1456142542 1456142542
ibr-41_ibr-56_1.txt 0 1456142543 1456142543
ibr-41_ibr-56_2.txt 0 1456142544 1456142544
ibr-41_ibr-56_3.txt 0 1456142543 1456142543
ibr-41_ibr-56_4.txt 0 1456142542 1456142542
ibr-41_ibr-56_5.txt 0 1456142542 1456142542
ibr-41_ibr-56_6.txt 0 1456142543 1456142543
ibr-41_ibr-56_7.txt 0 1456142542 1456142542
ibr-41_ibr-56_8.txt 0 1456142542 1456142542
ibr-41_ibr-6_1.txt 0 1456142543 1456142543
ibr-41_ibr-6_2.txt 0 1456142543 1456142543
ibr-41_ibr-6_3.txt 0 1456142542 1456142542
ibr-41_ibr-6_4.txt 0 1456142542 1456142542
ibr-42_ibr-14_1.txt 1024 1456142543 1456143922
ibr-42_ibr-24_1.txt 1024 1456142542 1456145222
ibr-42_ibr-25_1.txt 1024 1456142542 1456144647
ibr-42_ibr-26_1.txt 0 1456142542 1456142542
ibr-42_ibr-29_1.txt 1024 1456142543 1456146972
ibr-42_ibr-33_1.txt 1024 1456142542 1456147532
ibr-42_ibr-35_1.txt 1024 1456142542 1456144462
ibr-42_ibr-37_1.txt 0 1456142543 1456142543
ibr-42_ibr-44_1.txt 1024 1456142542 1456143193
ibr-42_ibr-44_2.txt 0 1456142543 1456142543
ibr-42_ibr-50_1.txt 0 1456142542 1456142542
ibr-42_ibr-5_1.txt 0 1456142542 1456142542
ibr-43_ibr-12_1.txt 0 1456142542 1456142542
ibr-43_ibr-19_1.txt 0 1456142543 1456142543
ibr-43_ibr-28_1.txt 0 1456142543 1456142543
ibr-43_ibr-4_1.txt 1024 1456142542 1456145998
ibr-43_ibr-42_1.txt 0 1456142543 1456142543
ibr-43_ibr-48_1.txt 1024 1456142543 1456145863
ibr-43_ibr-55_1.txt 0 1456142542 1456142542
ibr-43_ibr-7_1.txt 0 1456142542 1456142542
ibr-44_ibr-12_1.txt 1024 1456142542 1456143453
ibr-44_ibr-15_1.txt 0 1456142543 1456142543
ibr-44_ibr-19_1.txt 0 1456142543 1456142543
ibr-44_ibr-21_1.txt 0 1456142543 1456142543
ibr-44_ibr-23_1.txt 0 1456142542 1456142542
ibr-44_ibr-27_1.txt 0 1456142542 1456142542
ibr-44_ibr-35_1.txt 1024 1456142542 1456145132
ibr-44_ibr-36_1.txt 0 1456142543 1456142543
ibr-44_ibr-39_1.txt 0 1456142542 1456142542
ibr-44_ibr-4_1.txt 1024 1456142543 1456145602
ibr-44_ibr-4_2.txt 0 1456142543 1456142543
ibr-44_ibr-51_1.txt 0 1456142542 1456142542
ibr-44_ibr-53_1.txt 1024 1456142543 1456145988
ibr-45_ibr-17_1.txt 1024 1456142543 1456147947
ibr-45_ibr-22_1.txt 1024 1456142542 1456146967
ibr-45_ibr-31_1.txt 0 1456142542 1456142542
ibr-45_ibr-32_1.txt 0 1456142542 1456142542
ibr-45_ibr-32_2.txt 0 1456142543 1456142543
ibr-45_ibr-35_1.txt 0 1456142542 1456142542
ibr-45_ibr-44_1.txt 1024 1456142542 1456144742
ibr-45_ibr-47_1.txt 0 1456142543 1456142543
ibr-45_ibr-8_1.txt 1024 1456142543 1456144413
ibr-46_ibr-11_1.txt 0 1456142542 1456142542
ibr-46_ibr-11_2.txt 0 1456142543 1456142543
ibr-46_ibr-11_3.txt 0 1456142542 1456142542
ibr-46_ibr-11_4.txt 0 1456142543 1456142543
ibr-46_ibr-11_5.txt 0 1456142543 1456142543
ibr-46_ibr-1_1.txt 0 1456142542 1456142542
ibr-46_ibr-1_2.txt 0 1456142542 1456142542
ibr-46_ibr-1_3.txt 0 1456142543 1456142543
ibr-46_ibr-1_4.txt 0 1456142543 1456142543
ibr-46_ibr-16_1.txt 0 1456142542 1456142542
ibr-46_ibr-16_2.txt 0 1456142543 1456142543
ibr-46_ibr-21_1.txt 0 1456142543 1456142543
ibr-46_ibr-21_2.txt 0 1456142543 1456142543
ibr-46_ibr-21_3.txt 0 1456142545 1456142545
ibr-46_ibr-21_4.txt 0 1456142543 1456142543
ibr-46_ibr-21_5.txt 0 1456142543 1456142543
ibr-46_ibr-21_6.txt 0 1456142543 1456142543
ibr-46_ibr-21_7.txt 0 1456142543 1456142543
ibr-46_ibr-26_1.txt 0 1456142543 1456142543
ibr-46_ibr-26_2.txt 0 1456142542 1456142542
ibr-46_ibr-26_3.txt 0 1456142542 1456142542
ibr-46_ibr-26_4.txt 0 1456142542 1456142542
ibr-46_ibr-26_5.txt 0 1456142542 1456142542
ibr-46_ibr-26_6.txt 0 1456142543 1456142543
ibr-46_ibr-26_7.txt 0 1456142542 1456142542
ibr-46_ibr-30_1.txt 1024 1456142543 1456143183
ibr-46_ibr-31_1.txt 0 1456142542 1456142542
ibr-46_ibr-31_2.txt 0 1456142542 1456142542
ibr-46_ibr-31_3.txt 0 1456142542 1456142542
ibr-46_ibr-31_4.txt 0 1456142542 1456142542
ibr-46_ibr-31_5.txt 0 1456142542 1456142542
ibr-46_ibr-36_10.txt 0 1456142543 1456142543
ibr-46_ibr-36_1.txt 0 1456142542 1456142542
ibr-46_ibr-36_2.txt 0 1456142542 1456142542
ibr-46_ibr-36_3.txt 0 1456142542 1456142542
ibr-46_ibr-36_4.txt 0 1456142543 1456142543
ibr-46_ibr-36_5.txt 0 1456142543 1456142543
ibr-46_ibr-36_6.txt 0 1456142542 1456142542
ibr-46_ibr-36_7.txt 0 1456142543 1456142543
ibr-46_ibr-36_8.txt 0 1456142543 1456142543
ibr-46_ibr-36_9.txt 0 1456142543 1456142543
ibr-46_ibr-39_1.txt 1024 1456142543 1456143393
ibr-46_ibr-41_1.txt 0 1456142542 1456142542
ibr-46_ibr-41_2.txt 0 1456142543 1456142543
ibr-46_ibr-41_3.txt 0 1456142543 1456142543
ibr-46_ibr-41_4.txt 0 1456142543 1456142543
ibr-46_ibr-41_5.txt 0 1456142542 1456142542
ibr-46_ibr-43_1.txt 0 1456142542 1456142542
ibr-46_ibr-48_1.txt 1024 1456142542 1456143327
ibr-46_ibr-51_1.txt 0 1456142543 1456142543
ibr-46_ibr-51_2.txt 0 1456142542 1456142542
ibr-46_ibr-51_3.txt 0 1456142543 1456142543
ibr-46_ibr-51_4.txt 0 1456142542 1456142542
ibr-46_ibr-51_5.txt 0 1456142543 1456142543
ibr-46_ibr-55_1.txt 0 1456142542 1456142542
ibr-46_ibr-56_1.txt 0 1456142542 1456142542
ibr-46_ibr-56_2.txt 0 1456142543 1456142543
ibr-46_ibr-6_1.txt 0 1456142543 1456142543
ibr-46_ibr-6_2.txt 0 1456142543 1456142543
ibr-46_ibr-6_3.txt 0 1456142543 1456142543
ibr-46_ibr-6_4.txt 0 1456142542 1456142542
ibr-46_ibr-6_5.txt 0 1456142542 1456142542
ibr-46_ibr-6_6.txt 0 1456142542 1456142542
ibr-47_ibr-13_1.txt 1024 1456142542 1456147387
ibr-47_ibr-16_1.txt 0 1456142543 1456142543
ibr-47_ibr-17_1.txt 0 1456142542 1456142542
ibr-47_ibr-20_1.txt 0 1456142542 1456142542
ibr-47_ibr-27_1.txt 0 1456142542 1456142542
ibr-47_ibr-27_2.txt 1024 1456142542 1456145838
ibr-47_ibr-4_1.txt 0 1456142543 1456142543
ibr-47_ibr-46_1.txt 0 1456142543 1456142543
ibr-47_ibr-46_2.txt 0 1456142543 1456142543
ibr-48_ibr-13_1.txt 1024 1456142543 1456144287
ibr-48_ibr-19_1.txt 1024 1456142542 1456146837
ibr-48_ibr-2_1.txt 0 1456142542 1456142542
ibr-48_ibr-27_1.txt 0 1456142542 1456142542
ibr-48_ibr-3_1.txt 1024 1456142542 1456146617
ibr-48_ibr-32_1.txt 0 1456142542 1456142542
ibr-48_ibr-34_1.txt 1024 1456142543 1456146492
ibr-48_ibr-37_1.txt 0 1456142543 1456142543
ibr-48_ibr-38_1.txt 0 1456142542 1456142542
ibr-48_ibr-45_1.txt 0 1456142543 1456142543
ibr-48_ibr-47_1.txt 0 1456142542 1456142542
ibr-48_ibr-8_1.txt 1024 1456142542 1456146917
ibr-49_ibr-16_1.txt 0 1456142543 1456142543
ibr-49_ibr-22_1.txt 0 1456142543 1456142543
ibr-49_ibr-29_1.txt 0 1456142542 1456142542
ibr-49_ibr-34_1.txt 1024 1456142543 1456147437
ibr-49_ibr-35_1.txt 0 1456142542 1456142542
ibr-49_ibr-37_1.txt 0 1456142543 1456142543
ibr-49_ibr-40_1.txt 1024 1456142542 1456148592
ibr-49_ibr-5_1.txt 1024 1456142542 1456147462
ibr-49_ibr-52_1.txt 0 1456142542 1456142542
ibr-49_ibr-53_1.txt 1024 1456142542 1456144672
ibr-49_ibr-54_1.txt 0 1456142543 1456142543
ibr-4_ibr-15_1.txt 0 1456142542 1456142542
ibr-4_ibr-26_1.txt 0 1456142542 1456142542
ibr-4_ibr-38_1.txt 1024 1456142543 1456147887
ibr-4_ibr-40_1.txt 1024 1456142542 1456144827
ibr-4_ibr-42_1.txt 0 1456142543 1456142543
ibr-4_ibr-56_1.txt 0 1456142542 1456142542
ibr-4_ibr-9_1.txt 0 1456142543 1456142543
ibr-50_ibr-11_1.txt 0 1456142543 1456142543
ibr-50_ibr-16_1.txt 0 1456142543 1456142543
ibr-50_ibr-20_1.txt 0 1456142543 1456142543
ibr-50_ibr-24_1.txt 0 1456142542 1456142542
ibr-50_ibr-25_1.txt 0 1456142542 1456142542
ibr-50_ibr-30_1.txt 0 1456142543 1456142543
ibr-50_ibr-31_1.txt 0 1456142542 1456142542
ibr-50_ibr-31_2.txt 0 1456142543 1456142543
ibr-50_ibr-3_1.txt 0 1456142543 1456142543
ibr-50_ibr-32_1.txt 0 1456142543 1456142543
ibr-50_ibr-34_1.txt 1024 1456142543 1456146128
ibr-50_ibr-37_1.txt 0 1456142543 1456142543
ibr-50_ibr-4_1.txt 0 1456142542 1456142542
ibr-50_ibr-42_1.txt 1024 1456142543 1456143912
ibr-50_ibr-43_1.txt 1024 1456142542 1456145377
ibr-50_ibr-47_1.txt 0 1456142542 1456142542
ibr-50_ibr-49_1.txt 0 1456142543 1456142543
ibr-50_ibr-5_1.txt 0 1456142542 1456142542
ibr-50_ibr-8_1.txt 0 1456142542 1456142542
ibr-51_ibr-11_1.txt 0 1456142542 1456142542
ibr-51_ibr-11_2.txt 0 1456142543 1456142543
ibr-51_ibr-11_3.txt 0 1456142543 1456142543
ibr-51_ibr-11_4.txt 0 1456142542 1456142542
ibr-51_ibr-11_5.txt 0 1456142543 1456142543
ibr-51_ibr-11_6.txt 0 1456142544 1456142544
ibr-51_ibr-11_7.txt 0 1456142542 1456142542
ibr-51_ibr-1_1.txt 0 1456142543 1456142543
ibr-51_ibr-1_2.txt 0 1456142542 1456142542
ibr-51_ibr-1_3.txt 0 1456142542 1456142542
ibr-51_ibr-1_4.txt 0 1456142543 1456142543
ibr-51_ibr-1_5.txt 0 1456142543 1456142543
ibr-51_ibr-16_1.txt 1024 1456142542 1456143442
ibr-51_ibr-16_2.txt 0 1456142542 1456142542
ibr-51_ibr-16_3.txt 0 1456142543 1456142543
ibr-51_ibr-16_4.txt 0 1456142543 1456142543
ibr-51_ibr-16_5.txt 0 1456142543 1456142543
ibr-51_ibr-16_6.txt 0 1456142543 1456142543
ibr-51_ibr-16_7.txt 0 1456142543 1456142543
ibr-51_ibr-16_8.txt 0 1456142543 1456142543
ibr-51_ibr-17_1.txt 0 1456142542 1456142542
ibr-51_ibr-21_1.txt 0 1456142542 1456142542
ibr-51_ibr-21_2.txt 0 1456142542 1456142542
ibr-51_ibr-21_3.txt 0 1456142542 1456142542
ibr-51_ibr-21_4.txt 0 1456142543 1456142543
ibr-51_ibr-21_5.txt 0 1456142543 1456142543
ibr-51_ibr-21_6.txt 0 1456142543 1456142543
ibr-51_ibr-26_1.txt 0 1456142543 1456142543
ibr-51_ibr-26_2.txt 0 1456142543 1456142543
ibr-51_ibr-31_1.txt 1024 1456142543 1456143253
ibr-51_ibr-31_2.txt 1024 1456142543 1456143327
ibr-51_ibr-31_3.txt 0 1456142542 1456142542
ibr-51_ibr-31_4.txt 0 1456142543 1456142543
ibr-51_ibr-31_5.txt 0 1456142543 1456142543
ibr-51_ibr-31_6.txt 0 1456142543 1456142543
ibr-51_ibr-31_7.txt 0 1456142542 1456142542
ibr-51_ibr-31_8.txt 0 1456142542 1456142542
ibr-51_ibr-31_9.txt 0 1456142542 1456142542
ibr-51_ibr-33_1.txt 0 1456142542 1456142542
ibr-51_ibr-36_1.txt 0 1456142543 1456142543
ibr-51_ibr-36_2.txt 0 1456142543 1456142543
ibr-51_ibr-36_3.txt 0 1456142543 1456142543
ibr-51_ibr-41_1.txt 0 1456142543 1456142543
ibr-51_ibr-41_2.txt 0 1456142542 1456142542
ibr-51_ibr-41_3.txt 0 1456142542 1456142542
ibr-51_ibr-46_1.txt 0 1456142543 1456142543
ibr-51_ibr-46_2.txt 0 1456142543 1456142543
ibr-51_ibr-56_1.txt 0 1456142543 1456142543
ibr-51_ibr-56_2.txt 0 1456142543 1456142543
ibr-51_ibr-56_3.txt 0 1456142543 1456142543
ibr-51_ibr-56_4.txt 0 1456142542 1456142542
ibr-51_ibr-56_5.txt 0 1456142542 1456142542
ibr-51_ibr-6_1.txt 1024 1456142543 1456146942
ibr-51_ibr-6_2.txt 0 1456142543 1456142543
ibr-51_ibr-6_3.txt 0 1456142542 1456142542
ibr-51_ibr-6_4.txt 1024 1456142543 1456146942
ibr-51_ibr-6_5.txt 0 1456142543 1456142543
ibr-51_ibr-6_6.txt 0 1456142543 1456142543
ibr-51_ibr-6_7.txt 0 1456142543 1456142543
ibr-51_ibr-7_1.txt 0 1456142543 1456142543
ibr-52_ibr-14_1.txt 0 1456142543 1456142543
ibr-52_ibr-19_1.txt 0 1456142543 1456142543
ibr-52_ibr-24_1.txt 1024 1456142543 1456147012
ibr-52_ibr-36_1.txt 0 1456142543 1456142543
ibr-52_ibr-51_1.txt 0 1456142543 1456142543
ibr-52_ibr-54_1.txt 1024 1456142542 1456143208
ibr-53_ibr-15_1.txt 0 1456142543 1456142543
ibr-53_ibr-2_1.txt 1024 1456142542 1456146622
ibr-53_ibr-24_1.txt 0 1456142543 1456142543
ibr-53_ibr-26_1.txt 0 1456142542 1456142542
ibr-53_ibr-35_1.txt 1024 1456142542 1456145127
ibr-53_ibr-36_1.txt 1024 1456142542 1456147422
ibr-53_ibr-43_1.txt 1024 1456142542 1456144077
ibr-53_ibr-45_1.txt 1024 1456142543 1456144282
ibr-53_ibr-47_1.txt 0 1456142542 1456142542
ibr-53_ibr-51_1.txt 0 1456142542 1456142542
ibr-53_ibr-6_1.txt 1024 1456142542 1456147567
ibr-54_ibr-10_1.txt 0 1456142543 1456142543
ibr-54_ibr-12_1.txt 0 1456142542 1456142542
ibr-54_ibr-25_1.txt 1024 1456142542 1456144637
ibr-54_ibr-25_2.txt 0 1456142542 1456142542
ibr-54_ibr-30_1.txt 1024 1456142543 1456146812
ibr-54_ibr-3_1.txt 1024 1456142543 1456144637
ibr-54_ibr-32_1.txt 0 1456142542 1456142542
ibr-54_ibr-40_1.txt 0 1456142542 1456142542
ibr-54_ibr-47_1.txt 1024 1456142542 1456146887
ibr-54_ibr-52_1.txt 1024 1456142542 1456144532
ibr-54_ibr-53_1.txt 1024 1456142542 1456144772
ibr-55_ibr-28_1.txt 1024 1456142543 1456143572
ibr-55_ibr-29_1.txt 0 1456142542 1456142542
ibr-55_ibr-30_1.txt 0 1456142543 1456142543
ibr-55_ibr-36_1.txt 0 1456142543 1456142543
ibr-55_ibr-37_1.txt 1024 1456142543 1456144117
ibr-55_ibr-41_1.txt 0 1456142543 1456142543
ibr-55_ibr-52_1.txt 1024 1456142543 1456145162
ibr-55_ibr-54_1.txt 1024 1456142543 1456144822
ibr-56_ibr-13_1.txt 0 1456142542 1456142542
ibr-56_ibr-16_1.txt 0 1456142543 1456142543
ibr-56_ibr-16_2.txt 0 1456142543 1456142543
ibr-56_ibr-17_1.txt 0 1456142542 1456142542
ibr-56_ibr-25_1.txt 0 1456142542 1456142542
ibr-56_ibr-33_1.txt 1024 1456142542 1456143477
ibr-56_ibr-41_1.txt 0 1456142542 1456142542
ibr-56_ibr-43_1.txt 0 1456142542 1456142542
ibr-56_ibr-46_1.txt 0 1456142543 1456142543
ibr-56_ibr-48_1.txt 0 1456142542 1456142542
ibr-56_ibr-51_1.txt 0 1456142542 1456142542
ibr-56_ibr-54_1.txt 0 1456142542 1456142542
ibr-5_ibr-13_1.txt 0 1456142542 1456142542
ibr-5_ibr-14_1.txt 1024 1456142543 1456146342
ibr-5_ibr-19_1.txt 1024 1456142543 1456143347
ibr-5_ibr-23_1.txt 1024 1456142542 1456145017
ibr-5_ibr-23_2.txt 0 1456142543 1456142543
ibr-5_ibr-32_1.txt 0 1456142542 1456142542
ibr-5_ibr-36_1.txt 0 1456142542 1456142542
ibr-5_ibr-36_2.txt 0 1456142543 1456142543
ibr-5_ibr-42_1.txt 0 1456142543 1456142543
ibr-5_ibr-43_1.txt 0 1456142542 1456142542
ibr-5_ibr-49_1.txt 0 1456142543 1456142543
ibr-5_ibr-49_2.txt 1024 1456142542 1456144112
ibr-6_ibr-11_1.txt 0 1456142543 1456142543
ibr-6_ibr-11_2.txt 0 1456142542 1456142542
ibr-6_ibr-11_3.txt 0 1456142542 1456142542
ibr-6_ibr-11_4.txt 0 1456142543 1456142543
ibr-6_ibr-1_1.txt 0 1456142542 1456142542
ibr-6_ibr-1_2.txt 0 1456142543 1456142543
ibr-6_ibr-1_3.txt 0 1456142543 1456142543
ibr-6_ibr-15_1.txt 0 1456142543 1456142543
ibr-6_ibr-16_1.txt 0 1456142542 1456142542
ibr-6_ibr-16_2.txt 0 1456142543 1456142543
ibr-6_ibr-16_3.txt 0 1456142542 1456142542
ibr-6_ibr-16_4.txt 0 1456142543 1456142543
ibr-6_ibr-16_5.txt 0 1456142543 1456142543
ibr-6_ibr-16_6.txt 0 1456142543 1456142543
ibr-6_ibr-16_7.txt 0 1456142543 1456142543
ibr-6_ibr-16_8.txt 0 1456142543 1456142543
ibr-6_ibr-21_10.txt 0 1456142543 1456142543
ibr-6_ibr-21_1.txt 0 1456142543 1456142543
ibr-6_ibr-21_2.txt 0 1456142543 1456142543
ibr-6_ibr-21_3.txt 0 1456142542 1456142542
ibr-6_ibr-21_4.txt 0 1456142542 1456142542
ibr-6_ibr-21_5.txt 0 1456142542 1456142542
ibr-6_ibr-21_6.txt 0 1456142542 1456142542
ibr-6_ibr-21_7.txt 0 1456142543 1456142543
ibr-6_ibr-21_8.txt 0 1456142542 1456142542
ibr-6_ibr-21_9.txt 0 1456142543 1456142543
ibr-6_ibr-26_1.txt 0 1456142542 1456142542
ibr-6_ibr-26_2.txt 0 1456142542 1456142542
ibr-6_ibr-26_3.txt 0 1456142542 1456142542
ibr-6_ibr-26_4.txt 0 1456142543 1456142543
ibr-6_ibr-26_5.txt 0 1456142543 1456142543
ibr-6_ibr-26_6.txt 0 1456142542 1456142542
ibr-6_ibr-26_7.txt 0 1456142542 1456142542
ibr-6_ibr-28_1.txt 0 1456142543 1456142543
ibr-6_ibr-31_1.txt 0 1456142543 1456142543
ibr-6_ibr-31_2.txt 0 1456142542 1456142542
ibr-6_ibr-31_3.txt 0 1456142543 1456142543
ibr-6_ibr-31_4.txt 0 1456142543 1456142543
ibr-6_ibr-31_5.txt 0 1456142543 1456142543
ibr-6_ibr-31_6.txt 0 1456142542 1456142542
ibr-6_ibr-32_1.txt 0 1456142542 1456142542
ibr-6_ibr-33_1.txt 0 1456142542 1456142542
ibr-6_ibr-36_1.txt 0 1456142542 1456142542
ibr-6_ibr-36_2.txt 0 1456142543 1456142543
ibr-6_ibr-36_3.txt 0 1456142543 1456142543
ibr-6_ibr-36_4.txt 0 1456142543 1456142543
ibr-6_ibr-41_1.txt 0 1456142543 1456142543
ibr-6_ibr-41_2.txt 0 1456142542 1456142542
ibr-6_ibr-41_3.txt 0 1456142542 1456142542
ibr-6_ibr-41_4.txt 0 1456142542 1456142542
ibr-6_ibr-41_5.txt 0 1456142542 1456142542
ibr-6_ibr-41_6.txt 0 1456142542 1456142542
ibr-6_ibr-4_1.txt 1024 1456142542 1456144192
ibr-6_ibr-46_1.txt 1024 1456142543 1456143258
ibr-6_ibr-46_2.txt 0 1456142543 1456142543
ibr-6_ibr-46_3.txt 0 1456142543 1456142543
ibr-6_ibr-50_1.txt 0 1456142543 1456142543
ibr-6_ibr-51_1.txt 0 1456142543 1456142543
ibr-6_ibr-51_2.txt 0 1456142543 1456142543
ibr-6_ibr-51_3.txt 0 1456142543 1456142543
ibr-6_ibr-51_4.txt 0 1456142542 1456142542
ibr-6_ibr-51_5.txt 0 1456142542 1456142542
ibr-6_ibr-51_6.txt 0 1456142542 1456142542
ibr-6_ibr-56_1.txt 0 1456142543 1456142543
ibr-6_ibr-56_2.txt 0 1456142542 1456142542
ibr-6_ibr-56_3.txt 0 1456142542 1456142542
ibr-6_ibr-7_1.txt 0 1456142542 1456142542
ibr-7_ibr-11_1.txt 0 1456142543 1456142543
ibr-7_ibr-11_2.txt 0 1456142543 1456142543
ibr-7_ibr-13_1.txt 0 1456142542 1456142542
ibr-7_ibr-24_1.txt 0 1456142542 1456142542
ibr-7_ibr-24_2.txt 0 1456142543 1456142543
ibr-7_ibr-24_3.txt 0 1456142542 1456142542
ibr-7_ibr-27_1.txt 0 1456142542 1456142542
ibr-7_ibr-36_1.txt 0 1456142542 1456142542
ibr-7_ibr-37_1.txt 0 1456142543 1456142543
ibr-7_ibr-38_1.txt 0 1456142542 1456142542
ibr-7_ibr-48_1.txt 0 1456142542 1456142542
ibr-7_ibr-56_1.txt 0 1456142543 1456142543
ibr-7_ibr-6_1.txt 0 1456142542 1456142542
ibr-7_ibr-8_1.txt 0 1456142542 1456142542
ibr-8_ibr-10_1.txt 1024 1456142542 1456143086
ibr-8_ibr-13_1.txt 0 1456142542 1456142542
ibr-8_ibr-20_1.txt 0 1456142542 1456142542
ibr-8_ibr-30_1.txt 1024 1456142543 1456147193
ibr-8_ibr-30_2.txt 0 1456142543 1456142543
ibr-8_ibr-31_1.txt 1024 1456142543 1456147202
ibr-8_ibr-36_1.txt 0 1456142543 1456142543
ibr-8_ibr-47_1.txt 1024 1456142542 1456146084
ibr-8_ibr-48_1.txt 1024 1456142543 1456147237
ibr-8_ibr-53_1.txt 1024 1456142542 1456143452
ibr-8_ibr-7_1.txt 0 1456142542 1456142542
ibr-8_ibr-7_2.txt 0 1456142542 1456142542
ibr-9_ibr-10_1.txt 0 1456142542 1456142542
ibr-9_ibr-15_1.txt 1024 1456142542 1456145117
ibr-9_ibr-16_1.txt 0 1456142542 1456142542
ibr-9_ibr-18_1.txt 0 1456142542 1456142542
ibr-9_ibr-22_1.txt 0 1456142543 1456142543
ibr-9_ibr-25_1.txt 0 1456142542 1456142542
ibr-9_ibr-33_1.txt 1024 1456142542 1456145768
ibr-9_ibr-37_1.txt 1024 1456142543 1456146783
ibr-9_ibr-43_1.txt 0 1456142542 1456142542
ibr-9_ibr-45_1.txt 0 1456142543 1456142543
ibr-9_ibr-49_1.txt 1024 1456142542 1456145483
ibr-9_ibr-49_2.txt 0 1456142542 1456142542
ibr-9_ibr-56_1.txt 0 1456142544 1456142544
