# name size  create_time reach_time
ibr-10_ibr-22_1.txt 1024 1456214255 1456214255
ibr-10_ibr-23_1.txt 1024 1456214595 1456214595
ibr-10_ibr-24_1.txt 1024 1456216085 1456216085
ibr-10_ibr-28_1.txt 1024 1456214575 1456214575
ibr-10_ibr-33_1.txt 1024 1456215175 1456215175
ibr-10_ibr-40_1.txt 1024 1456215545 1456215545
ibr-10_ibr-41_1.txt 1024 1456214375 1456214375
ibr-10_ibr-41_2.txt 1024 1456215045 1456215045
ibr-10_ibr-42_1.txt 1024 1456215925 1456215925
ibr-10_ibr-49_1.txt 1024 1456214505 1456214505
ibr-10_ibr-49_2.txt 1024 1456215075 1456215075
ibr-10_ibr-49_3.txt 1024 1456215385 1456215385
ibr-10_ibr-50_1.txt 1024 1456215085 1456215085
ibr-10_ibr-50_2.txt 1024 1456215715 1456215715
ibr-10_ibr-53_1.txt 1024 1456214665 1456214665
ibr-11_ibr-1_1.txt 1024 1456214820 1456214820
ibr-11_ibr-12_1.txt 1024 1456216165 1456216165
ibr-11_ibr-1_2.txt 1024 1456215250 1456215250
ibr-11_ibr-1_3.txt 1024 1456215610 1456215610
ibr-11_ibr-14_1.txt 1024 1456214695 1456214695
ibr-11_ibr-1_4.txt 1024 1456216060 1456216060
ibr-11_ibr-1_5.txt 1024 1456216600 1456216600
ibr-11_ibr-16_1.txt 1024 1456214180 1456214180
ibr-11_ibr-16_2.txt 1024 1456214570 1456214570
ibr-11_ibr-16_3.txt 1024 1456214680 1456214680
ibr-11_ibr-16_4.txt 1024 1456215040 1456215040
ibr-11_ibr-16_5.txt 1024 1456215150 1456215150
ibr-11_ibr-16_6.txt 1024 1456215170 1456215170
ibr-11_ibr-1_6.txt 1024 1456216930 1456216930
ibr-11_ibr-1_7.txt 1024 1456216940 1456216940
ibr-11_ibr-21_1.txt 1024 1456214170 1456214170
ibr-11_ibr-21_2.txt 1024 1456214260 1456214260
ibr-11_ibr-21_3.txt 1024 1456215480 1456215480
ibr-11_ibr-21_4.txt 1024 1456215490 1456215490
ibr-11_ibr-21_5.txt 1024 1456215540 1456215540
ibr-11_ibr-21_6.txt 1024 1456216100 1456216100
ibr-11_ibr-21_7.txt 1024 1456216140 1456216140
ibr-11_ibr-21_8.txt 1024 1456216820 1456216820
ibr-11_ibr-26_1.txt 1024 1456213950 1456213950
ibr-11_ibr-26_2.txt 1024 1456214130 1456214130
ibr-11_ibr-26_3.txt 1024 1456214960 1456214960
ibr-11_ibr-26_4.txt 1024 1456214970 1456214970
ibr-11_ibr-26_5.txt 1024 1456215800 1456215800
ibr-11_ibr-26_6.txt 1024 1456216470 1456216470
ibr-11_ibr-26_7.txt 1024 1456216680 1456216680
ibr-11_ibr-28_1.txt 1024 1456216605 1456216605
ibr-11_ibr-29_1.txt 1024 1456214615 1456214615
ibr-11_ibr-30_1.txt 1024 1456216105 1456216105
ibr-11_ibr-31_1.txt 1024 1456214360 1456214360
ibr-11_ibr-31_2.txt 1024 1456214450 1456214450
ibr-11_ibr-31_3.txt 1024 1456215330 1456215330
ibr-11_ibr-31_4.txt 1024 1456215470 1456215470
ibr-11_ibr-36_1.txt 1024 1456214270 1456214270
ibr-11_ibr-36_2.txt 1024 1456214460 1456214460
ibr-11_ibr-36_3.txt 1024 1456214500 1456214500
ibr-11_ibr-36_4.txt 1024 1456215450 1456215450
ibr-11_ibr-36_5.txt 1024 1456216380 1456216380
ibr-11_ibr-40_1.txt 1024 1456214505 1456214505
ibr-11_ibr-41_1.txt 1024 1456214020 1456214020
ibr-11_ibr-41_2.txt 1024 1456214060 1456214060
ibr-11_ibr-41_3.txt 1024 1456214410 1456214410
ibr-11_ibr-41_4.txt 1024 1456214720 1456214720
ibr-11_ibr-41_5.txt 1024 1456214880 1456214880
ibr-11_ibr-41_6.txt 1024 1456215680 1456215680
ibr-11_ibr-41_7.txt 1024 1456216150 1456216150
ibr-11_ibr-44_1.txt 1024 1456214675 1456214675
ibr-11_ibr-51_1.txt 1024 1456214190 1456214190
ibr-11_ibr-51_2.txt 1024 1456214210 1456214210
ibr-11_ibr-51_3.txt 1024 1456214340 1456214340
ibr-11_ibr-51_4.txt 1024 1456214590 1456214590
ibr-11_ibr-51_5.txt 1024 1456216860 1456216860
ibr-11_ibr-53_1.txt 1024 1456214805 1456214805
ibr-11_ibr-55_1.txt 1024 1456214055 1456214055
ibr-11_ibr-56_1.txt 1024 1456214250 1456214250
ibr-11_ibr-56_2.txt 1024 1456215230 1456215230
ibr-11_ibr-56_3.txt 1024 1456215760 1456215760
ibr-11_ibr-56_4.txt 1024 1456215900 1456215900
ibr-11_ibr-56_5.txt 1024 1456216390 1456216390
ibr-11_ibr-56_6.txt 1024 1456216610 1456216610
ibr-11_ibr-56_7.txt 1024 1456216910 1456216910
ibr-11_ibr-6_1.txt 1024 1456215080 1456215080
ibr-11_ibr-6_2.txt 1024 1456215835 1456215835
ibr-11_ibr-6_3.txt 1024 1456216360 1456216360
ibr-11_ibr-6_4.txt 1024 1456216580 1456216580
ibr-12_ibr-17_1.txt 1024 1456216025 1456216025
ibr-12_ibr-19_1.txt 1024 1456216615 1456216615
ibr-12_ibr-21_1.txt 1024 1456216395 1456216395
ibr-12_ibr-23_1.txt 1024 1456215275 1456215275
ibr-12_ibr-24_1.txt 1024 1456214465 1456214465
ibr-12_ibr-25_1.txt 1024 1456215805 1456215805
ibr-12_ibr-26_1.txt 1024 1456216785 1456216785
ibr-12_ibr-56_1.txt 1024 1456214365 1456214365
ibr-13_ibr-14_1.txt 1024 1456216055 1456216055
ibr-13_ibr-22_1.txt 1024 1456214685 1456214685
ibr-13_ibr-28_1.txt 1024 1456214095 1456214095
ibr-13_ibr-29_1.txt 1024 1456216875 1456216875
ibr-13_ibr-30_1.txt 1024 1456216845 1456216845
ibr-13_ibr-36_1.txt 1024 1456215595 1456215595
ibr-13_ibr-38_1.txt 1024 1456214175 1456214175
ibr-13_ibr-40_1.txt 1024 1456214415 1456214415
ibr-13_ibr-47_1.txt 1024 1456216245 1456216245
ibr-13_ibr-47_2.txt 1024 1456216415 1456216415
ibr-13_ibr-48_1.txt 1024 1456215955 1456215955
ibr-13_ibr-8_1.txt 1024 1456215415 1456215415
ibr-14_ibr-16_1.txt 1024 1456214905 1456214905
ibr-14_ibr-29_1.txt 1024 1456215345 1456215345
ibr-14_ibr-29_2.txt 1024 1456216255 1456216255
ibr-14_ibr-3_1.txt 1024 1456214525 1456214525
ibr-15_ibr-24_1.txt 1024 1456215795 1456215795
ibr-15_ibr-38_1.txt 1024 1456216305 1456216305
ibr-15_ibr-39_1.txt 1024 1456214615 1456214615
ibr-15_ibr-43_1.txt 1024 1456215375 1456215375
ibr-15_ibr-49_1.txt 1024 1456216895 1456216895
ibr-15_ibr-5_1.txt 1024 1456216525 1456216525
ibr-15_ibr-55_1.txt 1024 1456214245 1456214245
ibr-15_ibr-6_1.txt 1024 1456215335 1456215335
ibr-16_ibr-11_1.txt 1024 1456215870 1456215870
ibr-16_ibr-11_2.txt 1024 1456216220 1456216220
ibr-16_ibr-1_1.txt 1024 1456213970 1456213970
ibr-16_ibr-12_1.txt 1024 1456216855 1456216855
ibr-16_ibr-1_2.txt 1024 1456214420 1456214420
ibr-16_ibr-1_3.txt 1024 1456215570 1456215570
ibr-16_ibr-1_4.txt 1024 1456215620 1456215620
ibr-16_ibr-15_1.txt 1024 1456215145 1456215145
ibr-16_ibr-15_2.txt 1024 1456216245 1456216245
ibr-16_ibr-1_5.txt 1024 1456215780 1456215780
ibr-16_ibr-1_6.txt 1024 1456216500 1456216500
ibr-16_ibr-1_7.txt 1024 1456216530 1456216530
ibr-16_ibr-20_1.txt 1024 1456215015 1456215015
ibr-16_ibr-21_1.txt 1024 1456214250 1456214250
ibr-16_ibr-21_2.txt 1024 1456214480 1456214480
ibr-16_ibr-21_3.txt 1024 1456215510 1456215510
ibr-16_ibr-23_1.txt 1024 1456214855 1456214855
ibr-16_ibr-26_1.txt 1024 1456215140 1456215140
ibr-16_ibr-26_2.txt 1024 1456216800 1456216800
ibr-16_ibr-31_1.txt 1024 1456216560 1456216560
ibr-16_ibr-37_1.txt 1024 1456215435 1456215435
ibr-16_ibr-40_1.txt 1024 1456213955 1456213955
ibr-16_ibr-41_10.txt 1024 1456216445 1456216445
ibr-16_ibr-41_11.txt 1024 1456216690 1456216690
ibr-16_ibr-41_1.txt 1024 1456213990 1456213990
ibr-16_ibr-41_2.txt 1024 1456214040 1456214040
ibr-16_ibr-41_3.txt 1024 1456214380 1456214380
ibr-16_ibr-41_4.txt 1024 1456214610 1456214610
ibr-16_ibr-41_5.txt 1024 1456214850 1456214850
ibr-16_ibr-41_6.txt 1024 1456215560 1456215560
ibr-16_ibr-41_7.txt 1024 1456215830 1456215830
ibr-16_ibr-41_8.txt 1024 1456216110 1456216110
ibr-16_ibr-41_9.txt 1024 1456216330 1456216330
ibr-16_ibr-44_1.txt 1024 1456214925 1456214925
ibr-16_ibr-46_1.txt 1024 1456214030 1456214030
ibr-16_ibr-46_2.txt 1024 1456214390 1456214390
ibr-16_ibr-46_3.txt 1024 1456215050 1456215050
ibr-16_ibr-46_4.txt 1024 1456215450 1456215450
ibr-16_ibr-46_5.txt 1024 1456215970 1456215970
ibr-16_ibr-46_6.txt 1024 1456216030 1456216030
ibr-16_ibr-46_7.txt 1024 1456216770 1456216770
ibr-16_ibr-51_1.txt 1024 1456214140 1456214140
ibr-16_ibr-51_2.txt 1024 1456215060 1456215060
ibr-16_ibr-51_3.txt 1024 1456215590 1456215590
ibr-16_ibr-51_4.txt 1024 1456215840 1456215840
ibr-16_ibr-51_5.txt 1024 1456216065 1456216065
ibr-16_ibr-51_6.txt 1024 1456216620 1456216620
ibr-16_ibr-51_7.txt 1024 1456216810 1456216810
ibr-16_ibr-54_1.txt 1024 1456215605 1456215605
ibr-16_ibr-56_1.txt 1024 1456214280 1456214280
ibr-16_ibr-56_2.txt 1024 1456214340 1456214340
ibr-16_ibr-56_3.txt 1024 1456214455 1456214455
ibr-16_ibr-56_4.txt 1024 1456214910 1456214910
ibr-16_ibr-56_5.txt 1024 1456215700 1456215700
ibr-16_ibr-6_10.txt 1024 1456216210 1456216210
ibr-16_ibr-6_11.txt 1024 1456216760 1456216760
ibr-16_ibr-6_12.txt 1024 1456216840 1456216840
ibr-16_ibr-6_1.txt 1024 1456213960 1456213960
ibr-16_ibr-6_2.txt 1024 1456214395 1456214395
ibr-16_ibr-6_3.txt 1024 1456214520 1456214520
ibr-16_ibr-6_4.txt 1024 1456214530 1456214530
ibr-16_ibr-6_5.txt 1024 1456214560 1456214560
ibr-16_ibr-6_6.txt 1024 1456215120 1456215120
ibr-16_ibr-6_7.txt 1024 1456215400 1456215400
ibr-16_ibr-6_8.txt 1024 1456215550 1456215550
ibr-16_ibr-6_9.txt 1024 1456216050 1456216050
ibr-16_ibr-7_1.txt 1024 1456216325 1456216325
ibr-16_ibr-7_2.txt 1024 1456216375 1456216375
ibr-16_ibr-8_1.txt 1024 1456215915 1456215915
ibr-17_ibr-10_1.txt 1024 1456214965 1456214965
ibr-17_ibr-11_1.txt 1024 1456215855 1456215855
ibr-17_ibr-12_1.txt 1024 1456215465 1456215465
ibr-17_ibr-19_1.txt 1024 1456216885 1456216885
ibr-17_ibr-2_1.txt 1024 1456216095 1456216095
ibr-17_ibr-26_1.txt 1024 1456216225 1456216225
ibr-17_ibr-28_1.txt 1024 1456215255 1456215255
ibr-17_ibr-30_1.txt 1024 1456215475 1456215475
ibr-17_ibr-3_1.txt 1024 1456214555 1456214555
ibr-17_ibr-50_1.txt 1024 1456214315 1456214315
ibr-17_ibr-50_2.txt 1024 1456214755 1456214755
ibr-17_ibr-7_1.txt 1024 1456216465 1456216465
ibr-18_ibr-15_1.txt 1024 1456215555 1456215555
ibr-18_ibr-19_1.txt 1024 1456215035 1456215035
ibr-18_ibr-21_1.txt 1024 1456214735 1456214735
ibr-18_ibr-2_1.txt 1024 1456215625 1456215625
ibr-18_ibr-24_1.txt 1024 1456216575 1456216575
ibr-18_ibr-36_1.txt 1024 1456214385 1456214385
ibr-18_ibr-39_1.txt 1024 1456216195 1456216195
ibr-18_ibr-4_1.txt 1024 1456216805 1456216805
ibr-18_ibr-51_1.txt 1024 1456215615 1456215615
ibr-18_ibr-53_1.txt 1024 1456215285 1456215285
ibr-18_ibr-54_1.txt 1024 1456216145 1456216145
ibr-18_ibr-7_1.txt 1024 1456215885 1456215885
ibr-19_ibr-12_1.txt 1024 1456215845 1456215845
ibr-19_ibr-18_1.txt 1024 1456214725 1456214725
ibr-19_ibr-22_1.txt 1024 1456214535 1456214535
ibr-19_ibr-30_1.txt 1024 1456215955 1456215955
ibr-19_ibr-35_1.txt 1024 1456216755 1456216755
ibr-19_ibr-40_1.txt 1024 1456215865 1456215865
ibr-19_ibr-44_1.txt 1024 1456216335 1456216335
ibr-19_ibr-44_2.txt 1024 1456216385 1456216385
ibr-19_ibr-46_1.txt 1024 1456214705 1456214705
ibr-19_ibr-47_1.txt 1024 1456215905 1456215905
ibr-19_ibr-55_1.txt 1024 1456215355 1456215355
ibr-19_ibr-9_1.txt 1024 1456215515 1456215515
ibr-1_ibr-11_1.txt 1024 1456214000 1456214000
ibr-1_ibr-11_2.txt 1024 1456214120 1456214120
ibr-1_ibr-11_3.txt 1024 1456214720 1456214720
ibr-1_ibr-11_4.txt 1024 1456215270 1456215270
ibr-1_ibr-11_5.txt 1024 1456215960 1456215960
ibr-1_ibr-11_6.txt 1024 1456216160 1456216160
ibr-1_ibr-11_7.txt 1024 1456216740 1456216740
ibr-1_ibr-16_1.txt 1024 1456214210 1456214210
ibr-1_ibr-16_2.txt 1024 1456214710 1456214710
ibr-1_ibr-16_3.txt 1024 1456214770 1456214770
ibr-1_ibr-16_4.txt 1024 1456215220 1456215220
ibr-1_ibr-16_5.txt 1024 1456216270 1456216270
ibr-1_ibr-21_1.txt 1024 1456214290 1456214290
ibr-1_ibr-21_2.txt 1024 1456215040 1456215040
ibr-1_ibr-21_3.txt 1024 1456215440 1456215440
ibr-1_ibr-26_1.txt 1024 1456215420 1456215420
ibr-1_ibr-26_2.txt 1024 1456215560 1456215560
ibr-1_ibr-26_3.txt 1024 1456215880 1456215880
ibr-1_ibr-26_4.txt 1024 1456216230 1456216230
ibr-1_ibr-31_1.txt 1024 1456215540 1456215540
ibr-1_ibr-31_2.txt 1024 1456215620 1456215620
ibr-1_ibr-36_1.txt 1024 1456213950 1456213950
ibr-1_ibr-36_2.txt 1024 1456214780 1456214780
ibr-1_ibr-36_3.txt 1024 1456214810 1456214810
ibr-1_ibr-36_4.txt 1024 1456216070 1456216070
ibr-1_ibr-41_1.txt 1024 1456215190 1456215190
ibr-1_ibr-41_2.txt 1024 1456215750 1456215750
ibr-1_ibr-41_3.txt 1024 1456216290 1456216290
ibr-1_ibr-46_1.txt 1024 1456214700 1456214700
ibr-1_ibr-46_2.txt 1024 1456215490 1456215490
ibr-1_ibr-46_3.txt 1024 1456215550 1456215550
ibr-1_ibr-46_4.txt 1024 1456216850 1456216850
ibr-1_ibr-51_1.txt 1024 1456215690 1456215690
ibr-1_ibr-51_2.txt 1024 1456215700 1456215700
ibr-1_ibr-56_1.txt 1024 1456214630 1456214630
ibr-1_ibr-56_2.txt 1024 1456215130 1456215130
ibr-1_ibr-56_3.txt 1024 1456215200 1456215200
ibr-1_ibr-56_4.txt 1024 1456215210 1456215210
ibr-1_ibr-56_5.txt 1024 1456215380 1456215380
ibr-1_ibr-56_6.txt 1024 1456215940 1456215940
ibr-1_ibr-56_7.txt 1024 1456216200 1456216200
ibr-1_ibr-6_1.txt 1024 1456214410 1456214410
ibr-1_ibr-6_2.txt 1024 1456214790 1456214790
ibr-1_ibr-6_3.txt 1024 1456214910 1456214910
ibr-1_ibr-6_4.txt 1024 1456215070 1456215070
ibr-1_ibr-6_5.txt 1024 1456215390 1456215390
ibr-1_ibr-6_6.txt 1024 1456216570 1456216570
ibr-1_ibr-6_7.txt 1024 1456216920 1456216920
ibr-20_ibr-10_1.txt 1024 1456216455 1456216455
ibr-20_ibr-15_1.txt 1024 1456214635 1456214635
ibr-20_ibr-17_1.txt 1024 1456214655 1456214655
ibr-20_ibr-17_2.txt 1024 1456216625 1456216625
ibr-20_ibr-23_1.txt 1024 1456215625 1456215625
ibr-20_ibr-28_1.txt 1024 1456216125 1456216125
ibr-20_ibr-31_1.txt 1024 1456215395 1456215395
ibr-20_ibr-3_1.txt 1024 1456216515 1456216515
ibr-20_ibr-34_1.txt 1024 1456214365 1456214365
ibr-20_ibr-4_1.txt 1024 1456214145 1456214145
ibr-20_ibr-47_1.txt 1024 1456214755 1456214755
ibr-20_ibr-47_2.txt 1024 1456214975 1456214975
ibr-20_ibr-50_1.txt 1024 1456214295 1456214295
ibr-20_ibr-52_1.txt 1024 1456214685 1456214685
ibr-20_ibr-55_1.txt 1024 1456214385 1456214385
ibr-20_ibr-56_1.txt 1024 1456215185 1456215185
ibr-21_ibr-11_1.txt 1024 1456214450 1456214450
ibr-21_ibr-11_2.txt 1024 1456214930 1456214930
ibr-21_ibr-11_3.txt 1024 1456216020 1456216020
ibr-21_ibr-11_4.txt 1024 1456216240 1456216240
ibr-21_ibr-1_1.txt 1024 1456214230 1456214230
ibr-21_ibr-1_2.txt 1024 1456215500 1456215500
ibr-21_ibr-1_3.txt 1024 1456215850 1456215850
ibr-21_ibr-14_1.txt 1024 1456215785 1456215785
ibr-21_ibr-1_4.txt 1024 1456216080 1456216080
ibr-21_ibr-1_5.txt 1024 1456216190 1456216190
ibr-21_ibr-16_1.txt 1024 1456214660 1456214660
ibr-21_ibr-16_2.txt 1024 1456214800 1456214800
ibr-21_ibr-16_3.txt 1024 1456215160 1456215160
ibr-21_ibr-16_4.txt 1024 1456215260 1456215260
ibr-21_ibr-16_5.txt 1024 1456215430 1456215430
ibr-21_ibr-16_6.txt 1024 1456215510 1456215510
ibr-21_ibr-16_7.txt 1024 1456215740 1456215740
ibr-21_ibr-16_8.txt 1024 1456216355 1456216355
ibr-21_ibr-16_9.txt 1024 1456216460 1456216460
ibr-21_ibr-1_6.txt 1024 1456216360 1456216360
ibr-21_ibr-18_1.txt 1024 1456215765 1456215765
ibr-21_ibr-26_1.txt 1024 1456214480 1456214480
ibr-21_ibr-26_2.txt 1024 1456215990 1456215990
ibr-21_ibr-26_3.txt 1024 1456216060 1456216060
ibr-21_ibr-26_4.txt 1024 1456216220 1456216220
ibr-21_ibr-31_1.txt 1024 1456214090 1456214090
ibr-21_ibr-31_2.txt 1024 1456214345 1456214345
ibr-21_ibr-31_3.txt 1024 1456214600 1456214600
ibr-21_ibr-31_4.txt 1024 1456214690 1456214690
ibr-21_ibr-31_5.txt 1024 1456216090 1456216090
ibr-21_ibr-31_6.txt 1024 1456216310 1456216310
ibr-21_ibr-31_7.txt 1024 1456216700 1456216700
ibr-21_ibr-34_1.txt 1024 1456215665 1456215665
ibr-21_ibr-36_1.txt 1024 1456214510 1456214510
ibr-21_ibr-36_2.txt 1024 1456214630 1456214630
ibr-21_ibr-36_3.txt 1024 1456215200 1456215200
ibr-21_ibr-36_4.txt 1024 1456215410 1456215410
ibr-21_ibr-36_5.txt 1024 1456215440 1456215440
ibr-21_ibr-36_6.txt 1024 1456215730 1456215730
ibr-21_ibr-36_7.txt 1024 1456216135 1456216135
ibr-21_ibr-39_1.txt 1024 1456215745 1456215745
ibr-21_ibr-41_1.txt 1024 1456214400 1456214400
ibr-21_ibr-41_2.txt 1024 1456214610 1456214610
ibr-21_ibr-41_3.txt 1024 1456214920 1456214920
ibr-21_ibr-41_4.txt 1024 1456216630 1456216630
ibr-21_ibr-41_5.txt 1024 1456216670 1456216670
ibr-21_ibr-46_1.txt 1024 1456214150 1456214150
ibr-21_ibr-46_2.txt 1024 1456214430 1456214430
ibr-21_ibr-46_3.txt 1024 1456214540 1456214540
ibr-21_ibr-46_4.txt 1024 1456216250 1456216250
ibr-21_ibr-46_5.txt 1024 1456216410 1456216410
ibr-21_ibr-46_6.txt 1024 1456216420 1456216420
ibr-21_ibr-46_7.txt 1024 1456216665 1456216665
ibr-21_ibr-47_1.txt 1024 1456214015 1456214015
ibr-21_ibr-51_1.txt 1024 1456214490 1456214490
ibr-21_ibr-51_2.txt 1024 1456215120 1456215120
ibr-21_ibr-51_3.txt 1024 1456215140 1456215140
ibr-21_ibr-5_1.txt 1024 1456215315 1456215315
ibr-21_ibr-55_1.txt 1024 1456214675 1456214675
ibr-21_ibr-56_1.txt 1024 1456213960 1456213960
ibr-21_ibr-56_2.txt 1024 1456214180 1456214180
ibr-21_ibr-56_3.txt 1024 1456215250 1456215250
ibr-21_ibr-56_4.txt 1024 1456215790 1456215790
ibr-21_ibr-56_5.txt 1024 1456216210 1456216210
ibr-21_ibr-56_6.txt 1024 1456216790 1456216790
ibr-21_ibr-6_1.txt 1024 1456214010 1456214010
ibr-21_ibr-6_2.txt 1024 1456214030 1456214030
ibr-21_ibr-6_3.txt 1024 1456215000 1456215000
ibr-21_ibr-6_4.txt 1024 1456215360 1456215360
ibr-21_ibr-6_5.txt 1024 1456216590 1456216590
ibr-21_ibr-8_1.txt 1024 1456213975 1456213975
ibr-22_ibr-15_1.txt 1024 1456215985 1456215985
ibr-22_ibr-19_1.txt 1024 1456216685 1456216685
ibr-22_ibr-2_1.txt 1024 1456215435 1456215435
ibr-22_ibr-24_1.txt 1024 1456215925 1456215925
ibr-22_ibr-25_1.txt 1024 1456216795 1456216795
ibr-22_ibr-35_1.txt 1024 1456216115 1456216115
ibr-22_ibr-40_1.txt 1024 1456214295 1456214295
ibr-22_ibr-40_2.txt 1024 1456216335 1456216335
ibr-22_ibr-4_1.txt 1024 1456216645 1456216645
ibr-22_ibr-47_1.txt 1024 1456216575 1456216575
ibr-22_ibr-49_1.txt 1024 1456216275 1456216275
ibr-22_ibr-52_1.txt 1024 1456216785 1456216785
ibr-22_ibr-9_1.txt 1024 1456213985 1456213985
ibr-23_ibr-16_1.txt 1024 1456213995 1456213995
ibr-23_ibr-19_1.txt 1024 1456215065 1456215065
ibr-23_ibr-21_1.txt 1024 1456216065 1456216065
ibr-23_ibr-25_1.txt 1024 1456215185 1456215185
ibr-23_ibr-30_1.txt 1024 1456216295 1456216295
ibr-23_ibr-31_1.txt 1024 1456215055 1456215055
ibr-23_ibr-31_2.txt 1024 1456216935 1456216935
ibr-23_ibr-34_1.txt 1024 1456214105 1456214105
ibr-23_ibr-44_1.txt 1024 1456215445 1456215445
ibr-23_ibr-47_1.txt 1024 1456215045 1456215045
ibr-23_ibr-49_1.txt 1024 1456216485 1456216485
ibr-23_ibr-51_1.txt 1024 1456215695 1456215695
ibr-23_ibr-52_1.txt 1024 1456214345 1456214345
ibr-24_ibr-16_1.txt 1024 1456215655 1456215655
ibr-24_ibr-22_1.txt 1024 1456214725 1456214725
ibr-24_ibr-26_1.txt 1024 1456214115 1456214115
ibr-24_ibr-32_1.txt 1024 1456215715 1456215715
ibr-24_ibr-36_1.txt 1024 1456214225 1456214225
ibr-24_ibr-38_1.txt 1024 1456215645 1456215645
ibr-24_ibr-41_1.txt 1024 1456214975 1456214975
ibr-24_ibr-41_2.txt 1024 1456215195 1456215195
ibr-24_ibr-4_1.txt 1024 1456214375 1456214375
ibr-24_ibr-9_1.txt 1024 1456214915 1456214915
ibr-25_ibr-13_1.txt 1024 1456216825 1456216825
ibr-25_ibr-23_1.txt 1024 1456216075 1456216075
ibr-25_ibr-24_1.txt 1024 1456215495 1456215495
ibr-25_ibr-29_1.txt 1024 1456214115 1456214115
ibr-25_ibr-29_2.txt 1024 1456214315 1456214315
ibr-25_ibr-40_1.txt 1024 1456215985 1456215985
ibr-25_ibr-42_1.txt 1024 1456215665 1456215665
ibr-25_ibr-53_1.txt 1024 1456214265 1456214265
ibr-25_ibr-53_2.txt 1024 1456215295 1456215295
ibr-25_ibr-53_3.txt 1024 1456215695 1456215695
ibr-25_ibr-54_1.txt 1024 1456215305 1456215305
ibr-25_ibr-55_1.txt 1024 1456214915 1456214915
ibr-25_ibr-55_2.txt 1024 1456215585 1456215585
ibr-25_ibr-56_1.txt 1024 1456214165 1456214165
ibr-25_ibr-56_2.txt 1024 1456214185 1456214185
ibr-25_ibr-6_1.txt 1024 1456215215 1456215215
ibr-25_ibr-7_1.txt 1024 1456215365 1456215365
ibr-26_ibr-11_1.txt 1024 1456214120 1456214120
ibr-26_ibr-11_2.txt 1024 1456215010 1456215010
ibr-26_ibr-11_3.txt 1024 1456215910 1456215910
ibr-26_ibr-11_4.txt 1024 1456215970 1456215970
ibr-26_ibr-11_5.txt 1024 1456216040 1456216040
ibr-26_ibr-1_1.txt 1024 1456216760 1456216760
ibr-26_ibr-16_1.txt 1024 1456214640 1456214640
ibr-26_ibr-16_2.txt 1024 1456214980 1456214980
ibr-26_ibr-16_3.txt 1024 1456214990 1456214990
ibr-26_ibr-16_4.txt 1024 1456215130 1456215130
ibr-26_ibr-16_5.txt 1024 1456215770 1456215770
ibr-26_ibr-16_6.txt 1024 1456216270 1456216270
ibr-26_ibr-16_7.txt 1024 1456216450 1456216450
ibr-26_ibr-16_8.txt 1024 1456216660 1456216660
ibr-26_ibr-17_1.txt 1024 1456214995 1456214995
ibr-26_ibr-19_1.txt 1024 1456215265 1456215265
ibr-26_ibr-20_1.txt 1024 1456215135 1456215135
ibr-26_ibr-21_1.txt 1024 1456214290 1456214290
ibr-26_ibr-21_2.txt 1024 1456214620 1456214620
ibr-26_ibr-21_3.txt 1024 1456214840 1456214840
ibr-26_ibr-21_4.txt 1024 1456215000 1456215000
ibr-26_ibr-21_5.txt 1024 1456215480 1456215480
ibr-26_ibr-21_6.txt 1024 1456216310 1456216310
ibr-26_ibr-21_7.txt 1024 1456216770 1456216770
ibr-26_ibr-23_1.txt 1024 1456216925 1456216925
ibr-26_ibr-31_1.txt 1024 1456214270 1456214270
ibr-26_ibr-31_2.txt 1024 1456214690 1456214690
ibr-26_ibr-31_3.txt 1024 1456214835 1456214835
ibr-26_ibr-31_4.txt 1024 1456214860 1456214860
ibr-26_ibr-31_5.txt 1024 1456215300 1456215300
ibr-26_ibr-31_6.txt 1024 1456216730 1456216730
ibr-26_ibr-35_1.txt 1024 1456214045 1456214045
ibr-26_ibr-36_1.txt 1024 1456214530 1456214530
ibr-26_ibr-36_2.txt 1024 1456216020 1456216020
ibr-26_ibr-36_3.txt 1024 1456216430 1456216430
ibr-26_ibr-36_4.txt 1024 1456216570 1456216570
ibr-26_ibr-37_1.txt 1024 1456214485 1456214485
ibr-26_ibr-41_1.txt 1024 1456214070 1456214070
ibr-26_ibr-41_2.txt 1024 1456214080 1456214080
ibr-26_ibr-41_3.txt 1024 1456214320 1456214320
ibr-26_ibr-41_4.txt 1024 1456214510 1456214510
ibr-26_ibr-41_5.txt 1024 1456215320 1456215320
ibr-26_ibr-41_6.txt 1024 1456216120 1456216120
ibr-26_ibr-41_7.txt 1024 1456216155 1456216155
ibr-26_ibr-41_8.txt 1024 1456216190 1456216190
ibr-26_ibr-42_1.txt 1024 1456215095 1456215095
ibr-26_ibr-46_1.txt 1024 1456214190 1456214190
ibr-26_ibr-46_2.txt 1024 1456214540 1456214540
ibr-26_ibr-46_3.txt 1024 1456215280 1456215280
ibr-26_ibr-46_4.txt 1024 1456216130 1456216130
ibr-26_ibr-47_1.txt 1024 1456215655 1456215655
ibr-26_ibr-48_1.txt 1024 1456214515 1456214515
ibr-26_ibr-51_1.txt 1024 1456214740 1456214740
ibr-26_ibr-51_2.txt 1024 1456215410 1456215410
ibr-26_ibr-51_3.txt 1024 1456215820 1456215820
ibr-26_ibr-51_4.txt 1024 1456216400 1456216400
ibr-26_ibr-51_5.txt 1024 1456216490 1456216490
ibr-26_ibr-51_6.txt 1024 1456216630 1456216630
ibr-26_ibr-52_1.txt 1024 1456214555 1456214555
ibr-26_ibr-52_2.txt 1024 1456215425 1456215425
ibr-26_ibr-53_1.txt 1024 1456216235 1456216235
ibr-26_ibr-56_1.txt 1024 1456214310 1456214310
ibr-26_ibr-56_2.txt 1024 1456215860 1456215860
ibr-26_ibr-56_3.txt 1024 1456216300 1456216300
ibr-26_ibr-6_1.txt 1024 1456215310 1456215310
ibr-26_ibr-6_2.txt 1024 1456215720 1456215720
ibr-26_ibr-6_3.txt 1024 1456216290 1456216290
ibr-26_ibr-6_4.txt 1024 1456216720 1456216720
ibr-26_ibr-6_5.txt 1024 1456216890 1456216890
ibr-26_ibr-6_6.txt 1024 1456216940 1456216940
ibr-26_ibr-8_1.txt 1024 1456214025 1456214025
ibr-27_ibr-16_1.txt 1024 1456215105 1456215105
ibr-27_ibr-33_1.txt 1024 1456214645 1456214645
ibr-27_ibr-33_2.txt 1024 1456215855 1456215855
ibr-27_ibr-37_1.txt 1024 1456216275 1456216275
ibr-27_ibr-47_1.txt 1024 1456215125 1456215125
ibr-27_ibr-51_1.txt 1024 1456216655 1456216655
ibr-28_ibr-10_1.txt 1024 1456216915 1456216915
ibr-28_ibr-17_1.txt 1024 1456215025 1456215025
ibr-28_ibr-18_1.txt 1024 1456216425 1456216425
ibr-28_ibr-27_1.txt 1024 1456216745 1456216745
ibr-28_ibr-3_1.txt 1024 1456215355 1456215355
ibr-28_ibr-34_1.txt 1024 1456216935 1456216935
ibr-28_ibr-4_1.txt 1024 1456215905 1456215905
ibr-28_ibr-42_1.txt 1024 1456214495 1456214495
ibr-28_ibr-42_2.txt 1024 1456215775 1456215775
ibr-28_ibr-48_1.txt 1024 1456216705 1456216705
ibr-28_ibr-51_1.txt 1024 1456215425 1456215425
ibr-28_ibr-56_1.txt 1024 1456216535 1456216535
ibr-28_ibr-9_1.txt 1024 1456216835 1456216835
ibr-29_ibr-20_1.txt 1024 1456216755 1456216755
ibr-29_ibr-2_1.txt 1024 1456214635 1456214635
ibr-29_ibr-39_1.txt 1024 1456215845 1456215845
ibr-29_ibr-47_1.txt 1024 1456215805 1456215805
ibr-29_ibr-5_1.txt 1024 1456214545 1456214545
ibr-29_ibr-52_1.txt 1024 1456214835 1456214835
ibr-29_ibr-52_2.txt 1024 1456215275 1456215275
ibr-2_ibr-14_1.txt 1024 1456214845 1456214845
ibr-2_ibr-29_1.txt 1024 1456214485 1456214485
ibr-2_ibr-30_1.txt 1024 1456214575 1456214575
ibr-2_ibr-42_1.txt 1024 1456214895 1456214895
ibr-2_ibr-48_1.txt 1024 1456214985 1456214985
ibr-2_ibr-48_2.txt 1024 1456215205 1456215205
ibr-2_ibr-50_1.txt 1024 1456214465 1456214465
ibr-2_ibr-53_1.txt 1024 1456214565 1456214565
ibr-2_ibr-54_1.txt 1024 1456214805 1456214805
ibr-2_ibr-7_1.txt 1024 1456215705 1456215705
ibr-2_ibr-7_2.txt 1024 1456216525 1456216525
ibr-30_ibr-17_1.txt 1024 1456214625 1456214625
ibr-30_ibr-18_1.txt 1024 1456214055 1456214055
ibr-30_ibr-24_1.txt 1024 1456216825 1456216825
ibr-30_ibr-36_1.txt 1024 1456215485 1456215485
ibr-30_ibr-40_1.txt 1024 1456214585 1456214585
ibr-30_ibr-41_1.txt 1024 1456215765 1456215765
ibr-30_ibr-44_1.txt 1024 1456215175 1456215175
ibr-30_ibr-45_1.txt 1024 1456215575 1456215575
ibr-30_ibr-50_1.txt 1024 1456215535 1456215535
ibr-30_ibr-50_2.txt 1024 1456216885 1456216885
ibr-31_ibr-11_1.txt 1024 1456214760 1456214760
ibr-31_ibr-11_2.txt 1024 1456215580 1456215580
ibr-31_ibr-11_3.txt 1024 1456216540 1456216540
ibr-31_ibr-11_4.txt 1024 1456216910 1456216910
ibr-31_ibr-1_1.txt 1024 1456214020 1456214020
ibr-31_ibr-1_2.txt 1024 1456214970 1456214970
ibr-31_ibr-1_3.txt 1024 1456215430 1456215430
ibr-31_ibr-1_4.txt 1024 1456216030 1456216030
ibr-31_ibr-1_5.txt 1024 1456216260 1456216260
ibr-31_ibr-16_1.txt 1024 1456215160 1456215160
ibr-31_ibr-16_2.txt 1024 1456215460 1456215460
ibr-31_ibr-16_3.txt 1024 1456216710 1456216710
ibr-31_ibr-20_1.txt 1024 1456214155 1456214155
ibr-31_ibr-20_2.txt 1024 1456215445 1456215445
ibr-31_ibr-21_1.txt 1024 1456214640 1456214640
ibr-31_ibr-21_2.txt 1024 1456215590 1456215590
ibr-31_ibr-21_3.txt 1024 1456215640 1456215640
ibr-31_ibr-21_4.txt 1024 1456216890 1456216890
ibr-31_ibr-26_1.txt 1024 1456214320 1456214320
ibr-31_ibr-26_2.txt 1024 1456214470 1456214470
ibr-31_ibr-26_3.txt 1024 1456214765 1456214765
ibr-31_ibr-26_4.txt 1024 1456214880 1456214880
ibr-31_ibr-26_5.txt 1024 1456215050 1456215050
ibr-31_ibr-26_6.txt 1024 1456216010 1456216010
ibr-31_ibr-26_7.txt 1024 1456216100 1456216100
ibr-31_ibr-26_8.txt 1024 1456216660 1456216660
ibr-31_ibr-26_9.txt 1024 1456216820 1456216820
ibr-31_ibr-33_1.txt 1024 1456214105 1456214105
ibr-31_ibr-34_1.txt 1024 1456214415 1456214415
ibr-31_ibr-35_1.txt 1024 1456216365 1456216365
ibr-31_ibr-36_1.txt 1024 1456214300 1456214300
ibr-31_ibr-36_2.txt 1024 1456214430 1456214430
ibr-31_ibr-36_3.txt 1024 1456214670 1456214670
ibr-31_ibr-36_4.txt 1024 1456215930 1456215930
ibr-31_ibr-36_5.txt 1024 1456216470 1456216470
ibr-31_ibr-36_6.txt 1024 1456216900 1456216900
ibr-31_ibr-38_1.txt 1024 1456216345 1456216345
ibr-31_ibr-41_10.txt 1024 1456216880 1456216880
ibr-31_ibr-41_1.txt 1024 1456213995 1456213995
ibr-31_ibr-41_2.txt 1024 1456214040 1456214040
ibr-31_ibr-41_3.txt 1024 1456214590 1456214590
ibr-31_ibr-41_4.txt 1024 1456214870 1456214870
ibr-31_ibr-41_5.txt 1024 1456215110 1456215110
ibr-31_ibr-41_6.txt 1024 1456215670 1456215670
ibr-31_ibr-41_7.txt 1024 1456216200 1456216200
ibr-31_ibr-41_8.txt 1024 1456216410 1456216410
ibr-31_ibr-41_9.txt 1024 1456216550 1456216550
ibr-31_ibr-46_1.txt 1024 1456214280 1456214280
ibr-31_ibr-46_2.txt 1024 1456214440 1456214440
ibr-31_ibr-46_3.txt 1024 1456214900 1456214900
ibr-31_ibr-46_4.txt 1024 1456214950 1456214950
ibr-31_ibr-46_5.txt 1024 1456215010 1456215010
ibr-31_ibr-46_6.txt 1024 1456215090 1456215090
ibr-31_ibr-46_7.txt 1024 1456215520 1456215520
ibr-31_ibr-46_8.txt 1024 1456215890 1456215890
ibr-31_ibr-46_9.txt 1024 1456216160 1456216160
ibr-31_ibr-51_1.txt 1024 1456216080 1456216080
ibr-31_ibr-54_1.txt 1024 1456214775 1456214775
ibr-31_ibr-56_1.txt 1024 1456214400 1456214400
ibr-31_ibr-56_2.txt 1024 1456214860 1456214860
ibr-31_ibr-56_3.txt 1024 1456215155 1456215155
ibr-31_ibr-56_4.txt 1024 1456215780 1456215780
ibr-31_ibr-6_1.txt 1024 1456214160 1456214160
ibr-31_ibr-6_2.txt 1024 1456214220 1456214220
ibr-31_ibr-6_3.txt 1024 1456214930 1456214930
ibr-31_ibr-6_4.txt 1024 1456215100 1456215100
ibr-31_ibr-6_5.txt 1024 1456215680 1456215680
ibr-31_ibr-6_6.txt 1024 1456216810 1456216810
ibr-32_ibr-12_1.txt 1024 1456216115 1456216115
ibr-32_ibr-16_1.txt 1024 1456215365 1456215365
ibr-32_ibr-19_1.txt 1024 1456215485 1456215485
ibr-32_ibr-21_1.txt 1024 1456214475 1456214475
ibr-32_ibr-40_1.txt 1024 1456213965 1456213965
ibr-32_ibr-50_1.txt 1024 1456215565 1456215565
ibr-32_ibr-54_1.txt 1024 1456215305 1456215305
ibr-33_ibr-13_1.txt 1024 1456216705 1456216705
ibr-33_ibr-14_1.txt 1024 1456215675 1456215675
ibr-33_ibr-19_1.txt 1024 1456215285 1456215285
ibr-33_ibr-20_1.txt 1024 1456214525 1456214525
ibr-33_ibr-22_1.txt 1024 1456214275 1456214275
ibr-33_ibr-31_1.txt 1024 1456215345 1456215345
ibr-33_ibr-34_1.txt 1024 1456216625 1456216625
ibr-33_ibr-39_1.txt 1024 1456216165 1456216165
ibr-33_ibr-4_1.txt 1024 1456215745 1456215745
ibr-33_ibr-43_1.txt 1024 1456214125 1456214125
ibr-33_ibr-46_1.txt 1024 1456216085 1456216085
ibr-33_ibr-47_1.txt 1024 1456216815 1456216815
ibr-33_ibr-48_1.txt 1024 1456216035 1456216035
ibr-33_ibr-49_1.txt 1024 1456216355 1456216355
ibr-33_ibr-53_1.txt 1024 1456214335 1456214335
ibr-33_ibr-56_1.txt 1024 1456214035 1456214035
ibr-34_ibr-18_1.txt 1024 1456216915 1456216915
ibr-34_ibr-20_1.txt 1024 1456214275 1456214275
ibr-34_ibr-20_2.txt 1024 1456216475 1456216475
ibr-34_ibr-22_1.txt 1024 1456215325 1456215325
ibr-34_ibr-23_1.txt 1024 1456215145 1456215145
ibr-34_ibr-25_1.txt 1024 1456215995 1456215995
ibr-34_ibr-26_1.txt 1024 1456214155 1456214155
ibr-34_ibr-38_1.txt 1024 1456215865 1456215865
ibr-34_ibr-39_1.txt 1024 1456215545 1456215545
ibr-34_ibr-4_1.txt 1024 1456216145 1456216145
ibr-34_ibr-48_1.txt 1024 1456215225 1456215225
ibr-34_ibr-50_1.txt 1024 1456215635 1456215635
ibr-34_ibr-9_1.txt 1024 1456215675 1456215675
ibr-35_ibr-10_1.txt 1024 1456214205 1456214205
ibr-35_ibr-17_1.txt 1024 1456216805 1456216805
ibr-35_ibr-23_1.txt 1024 1456214125 1456214125
ibr-35_ibr-29_1.txt 1024 1456215505 1456215505
ibr-35_ibr-33_1.txt 1024 1456213955 1456213955
ibr-35_ibr-8_1.txt 1024 1456216045 1456216045
ibr-36_ibr-10_1.txt 1024 1456214325 1456214325
ibr-36_ibr-11_1.txt 1024 1456214770 1456214770
ibr-36_ibr-11_2.txt 1024 1456215380 1456215380
ibr-36_ibr-11_3.txt 1024 1456215570 1456215570
ibr-36_ibr-11_4.txt 1024 1456215815 1456215815
ibr-36_ibr-11_5.txt 1024 1456216320 1456216320
ibr-36_ibr-1_1.txt 1024 1456214750 1456214750
ibr-36_ibr-1_2.txt 1024 1456215630 1456215630
ibr-36_ibr-1_3.txt 1024 1456216150 1456216150
ibr-36_ibr-1_4.txt 1024 1456216840 1456216840
ibr-36_ibr-16_1.txt 1024 1456214670 1456214670
ibr-36_ibr-16_2.txt 1024 1456214810 1456214810
ibr-36_ibr-16_3.txt 1024 1456215270 1456215270
ibr-36_ibr-16_4.txt 1024 1456216350 1456216350
ibr-36_ibr-16_5.txt 1024 1456216370 1456216370
ibr-36_ibr-16_6.txt 1024 1456216545 1456216545
ibr-36_ibr-16_7.txt 1024 1456216710 1456216710
ibr-36_ibr-21_1.txt 1024 1456214935 1456214935
ibr-36_ibr-21_2.txt 1024 1456216590 1456216590
ibr-36_ibr-21_3.txt 1024 1456216730 1456216730
ibr-36_ibr-25_1.txt 1024 1456216555 1456216555
ibr-36_ibr-26_1.txt 1024 1456214050 1456214050
ibr-36_ibr-26_2.txt 1024 1456214420 1456214420
ibr-36_ibr-26_3.txt 1024 1456214470 1456214470
ibr-36_ibr-26_4.txt 1024 1456216500 1456216500
ibr-36_ibr-31_1.txt 1024 1456214760 1456214760
ibr-36_ibr-31_2.txt 1024 1456215060 1456215060
ibr-36_ibr-31_3.txt 1024 1456215370 1456215370
ibr-36_ibr-31_4.txt 1024 1456215750 1456215750
ibr-36_ibr-31_5.txt 1024 1456216010 1456216010
ibr-36_ibr-31_6.txt 1024 1456216860 1456216860
ibr-36_ibr-41_1.txt 1024 1456214110 1456214110
ibr-36_ibr-41_2.txt 1024 1456214730 1456214730
ibr-36_ibr-41_3.txt 1024 1456214840 1456214840
ibr-36_ibr-41_4.txt 1024 1456216230 1456216230
ibr-36_ibr-42_1.txt 1024 1456214305 1456214305
ibr-36_ibr-46_1.txt 1024 1456214330 1456214330
ibr-36_ibr-46_2.txt 1024 1456215600 1456215600
ibr-36_ibr-46_3.txt 1024 1456216255 1456216255
ibr-36_ibr-46_4.txt 1024 1456216340 1456216340
ibr-36_ibr-46_5.txt 1024 1456216430 1456216430
ibr-36_ibr-46_6.txt 1024 1456216440 1456216440
ibr-36_ibr-50_1.txt 1024 1456216565 1456216565
ibr-36_ibr-51_1.txt 1024 1456214820 1456214820
ibr-36_ibr-51_2.txt 1024 1456215030 1456215030
ibr-36_ibr-51_3.txt 1024 1456215180 1456215180
ibr-36_ibr-51_4.txt 1024 1456215790 1456215790
ibr-36_ibr-51_5.txt 1024 1456216040 1456216040
ibr-36_ibr-51_6.txt 1024 1456216480 1456216480
ibr-36_ibr-51_7.txt 1024 1456216510 1456216510
ibr-36_ibr-51_8.txt 1024 1456216870 1456216870
ibr-36_ibr-53_1.txt 1024 1456214225 1456214225
ibr-36_ibr-56_1.txt 1024 1456214200 1456214200
ibr-36_ibr-56_2.txt 1024 1456214310 1456214310
ibr-36_ibr-56_3.txt 1024 1456214390 1456214390
ibr-36_ibr-56_4.txt 1024 1456214490 1456214490
ibr-36_ibr-56_5.txt 1024 1456214550 1456214550
ibr-36_ibr-56_6.txt 1024 1456214890 1456214890
ibr-36_ibr-56_7.txt 1024 1456215240 1456215240
ibr-36_ibr-56_8.txt 1024 1456215340 1456215340
ibr-36_ibr-56_9.txt 1024 1456216610 1456216610
ibr-36_ibr-6_1.txt 1024 1456213970 1456213970
ibr-36_ibr-6_2.txt 1024 1456215950 1456215950
ibr-36_ibr-6_3.txt 1024 1456216640 1456216640
ibr-37_ibr-11_1.txt 1024 1456215255 1456215255
ibr-37_ibr-19_1.txt 1024 1456214595 1456214595
ibr-37_ibr-23_1.txt 1024 1456215535 1456215535
ibr-37_ibr-41_1.txt 1024 1456215735 1456215735
ibr-37_ibr-4_1.txt 1024 1456215405 1456215405
ibr-37_ibr-42_1.txt 1024 1456214925 1456214925
ibr-37_ibr-7_1.txt 1024 1456215505 1456215505
ibr-38_ibr-12_1.txt 1024 1456215935 1456215935
ibr-38_ibr-20_1.txt 1024 1456215105 1456215105
ibr-38_ibr-32_1.txt 1024 1456214795 1456214795
ibr-38_ibr-39_1.txt 1024 1456214085 1456214085
ibr-38_ibr-42_1.txt 1024 1456215525 1456215525
ibr-38_ibr-45_1.txt 1024 1456214695 1456214695
ibr-38_ibr-45_2.txt 1024 1456216175 1456216175
ibr-38_ibr-46_1.txt 1024 1456214645 1456214645
ibr-38_ibr-47_1.txt 1024 1456215735 1456215735
ibr-38_ibr-48_1.txt 1024 1456214825 1456214825
ibr-38_ibr-51_1.txt 1024 1456216495 1456216495
ibr-38_ibr-55_1.txt 1024 1456216405 1456216405
ibr-39_ibr-13_1.txt 1024 1456216505 1456216505
ibr-39_ibr-15_1.txt 1024 1456214665 1456214665
ibr-39_ibr-23_1.txt 1024 1456215215 1456215215
ibr-39_ibr-29_1.txt 1024 1456216715 1456216715
ibr-39_ibr-41_1.txt 1024 1456215015 1456215015
ibr-39_ibr-50_1.txt 1024 1456216385 1456216385
ibr-39_ibr-52_1.txt 1024 1456214795 1456214795
ibr-39_ibr-54_1.txt 1024 1456215195 1456215195
ibr-39_ibr-6_1.txt 1024 1456216055 1456216055
ibr-39_ibr-6_2.txt 1024 1456216135 1456216135
ibr-3_ibr-10_1.txt 1024 1456216285 1456216285
ibr-3_ibr-12_1.txt 1024 1456214165 1456214165
ibr-3_ibr-18_1.txt 1024 1456216645 1456216645
ibr-3_ibr-39_1.txt 1024 1456215965 1456215965
ibr-3_ibr-4_1.txt 1024 1456214655 1456214655
ibr-3_ibr-45_1.txt 1024 1456216675 1456216675
ibr-3_ibr-49_1.txt 1024 1456216155 1456216155
ibr-3_ibr-5_1.txt 1024 1456215165 1456215165
ibr-40_ibr-14_1.txt 1024 1456214175 1456214175
ibr-40_ibr-26_1.txt 1024 1456214045 1456214045
ibr-40_ibr-27_1.txt 1024 1456215235 1456215235
ibr-40_ibr-31_1.txt 1024 1456215895 1456215895
ibr-40_ibr-3_1.txt 1024 1456214585 1456214585
ibr-40_ibr-32_1.txt 1024 1456216495 1456216495
ibr-40_ibr-34_1.txt 1024 1456215995 1456215995
ibr-40_ibr-35_1.txt 1024 1456214355 1456214355
ibr-40_ibr-37_1.txt 1024 1456216005 1456216005
ibr-40_ibr-38_1.txt 1024 1456215825 1456215825
ibr-40_ibr-39_1.txt 1024 1456215965 1456215965
ibr-40_ibr-4_1.txt 1024 1456215415 1456215415
ibr-40_ibr-42_1.txt 1024 1456216405 1456216405
ibr-40_ibr-48_1.txt 1024 1456214455 1456214455
ibr-41_ibr-10_1.txt 1024 1456214195 1456214195
ibr-41_ibr-10_2.txt 1024 1456216635 1456216635
ibr-41_ibr-11_1.txt 1024 1456214240 1456214240
ibr-41_ibr-11_2.txt 1024 1456215370 1456215370
ibr-41_ibr-11_3.txt 1024 1456216580 1456216580
ibr-41_ibr-11_4.txt 1024 1456216690 1456216690
ibr-41_ibr-1_1.txt 1024 1456214780 1456214780
ibr-41_ibr-1_2.txt 1024 1456215070 1456215070
ibr-41_ibr-1_3.txt 1024 1456216520 1456216520
ibr-41_ibr-1_4.txt 1024 1456216620 1456216620
ibr-41_ibr-16_1.txt 1024 1456215600 1456215600
ibr-41_ibr-16_2.txt 1024 1456215670 1456215670
ibr-41_ibr-16_3.txt 1024 1456215730 1456215730
ibr-41_ibr-16_4.txt 1024 1456216790 1456216790
ibr-41_ibr-16_5.txt 1024 1456216930 1456216930
ibr-41_ibr-19_1.txt 1024 1456214705 1456214705
ibr-41_ibr-21_1.txt 1024 1456214060 1456214060
ibr-41_ibr-21_2.txt 1024 1456214300 1456214300
ibr-41_ibr-21_3.txt 1024 1456214350 1456214350
ibr-41_ibr-21_4.txt 1024 1456215400 1456215400
ibr-41_ibr-21_5.txt 1024 1456215710 1456215710
ibr-41_ibr-21_6.txt 1024 1456215810 1456215810
ibr-41_ibr-21_7.txt 1024 1456216280 1456216280
ibr-41_ibr-21_8.txt 1024 1456216440 1456216440
ibr-41_ibr-25_1.txt 1024 1456216865 1456216865
ibr-41_ibr-30_1.txt 1024 1456216205 1456216205
ibr-41_ibr-31_1.txt 1024 1456215170 1456215170
ibr-41_ibr-31_2.txt 1024 1456215300 1456215300
ibr-41_ibr-31_3.txt 1024 1456215330 1456215330
ibr-41_ibr-36_1.txt 1024 1456214890 1456214890
ibr-41_ibr-36_2.txt 1024 1456215090 1456215090
ibr-41_ibr-36_3.txt 1024 1456216550 1456216550
ibr-41_ibr-37_1.txt 1024 1456215475 1456215475
ibr-41_ibr-43_1.txt 1024 1456214845 1456214845
ibr-41_ibr-46_1.txt 1024 1456214000 1456214000
ibr-41_ibr-46_2.txt 1024 1456214080 1456214080
ibr-41_ibr-46_3.txt 1024 1456214940 1456214940
ibr-41_ibr-46_4.txt 1024 1456215100 1456215100
ibr-41_ibr-46_5.txt 1024 1456215640 1456215640
ibr-41_ibr-46_6.txt 1024 1456216180 1456216180
ibr-41_ibr-51_1.txt 1024 1456214800 1456214800
ibr-41_ibr-51_2.txt 1024 1456215660 1456215660
ibr-41_ibr-51_3.txt 1024 1456215960 1456215960
ibr-41_ibr-51_4.txt 1024 1456215980 1456215980
ibr-41_ibr-51_5.txt 1024 1456216920 1456216920
ibr-41_ibr-56_1.txt 1024 1456214130 1456214130
ibr-41_ibr-56_2.txt 1024 1456214220 1456214220
ibr-41_ibr-56_3.txt 1024 1456214830 1456214830
ibr-41_ibr-56_4.txt 1024 1456215870 1456215870
ibr-41_ibr-56_5.txt 1024 1456215940 1456215940
ibr-41_ibr-56_6.txt 1024 1456216170 1456216170
ibr-41_ibr-56_7.txt 1024 1456216595 1456216595
ibr-41_ibr-56_8.txt 1024 1456216650 1456216650
ibr-41_ibr-6_1.txt 1024 1456214850 1456214850
ibr-41_ibr-6_2.txt 1024 1456214960 1456214960
ibr-41_ibr-6_3.txt 1024 1456216300 1456216300
ibr-41_ibr-6_4.txt 1024 1456216780 1456216780
ibr-42_ibr-14_1.txt 1024 1456214305 1456214305
ibr-42_ibr-24_1.txt 1024 1456215135 1456215135
ibr-42_ibr-25_1.txt 1024 1456215325 1456215325
ibr-42_ibr-26_1.txt 1024 1456216745 1456216745
ibr-42_ibr-29_1.txt 1024 1456215945 1456215945
ibr-42_ibr-33_1.txt 1024 1456215785 1456215785
ibr-42_ibr-35_1.txt 1024 1456215065 1456215065
ibr-42_ibr-37_1.txt 1024 1456216535 1456216535
ibr-42_ibr-44_1.txt 1024 1456214025 1456214025
ibr-42_ibr-44_2.txt 1024 1456214715 1456214715
ibr-42_ibr-50_1.txt 1024 1456216375 1456216375
ibr-42_ibr-5_1.txt 1024 1456215225 1456215225
ibr-43_ibr-12_1.txt 1024 1456216795 1456216795
ibr-43_ibr-19_1.txt 1024 1456214435 1456214435
ibr-43_ibr-28_1.txt 1024 1456215465 1456215465
ibr-43_ibr-4_1.txt 1024 1456215815 1456215815
ibr-43_ibr-42_1.txt 1024 1456216225 1456216225
ibr-43_ibr-48_1.txt 1024 1456216445 1456216445
ibr-43_ibr-55_1.txt 1024 1456214745 1456214745
ibr-43_ibr-7_1.txt 1024 1456216855 1456216855
ibr-44_ibr-12_1.txt 1024 1456214205 1456214205
ibr-44_ibr-15_1.txt 1024 1456216835 1456216835
ibr-44_ibr-19_1.txt 1024 1456214605 1456214605
ibr-44_ibr-21_1.txt 1024 1456216695 1456216695
ibr-44_ibr-23_1.txt 1024 1456214285 1456214285
ibr-44_ibr-27_1.txt 1024 1456214985 1456214985
ibr-44_ibr-35_1.txt 1024 1456215205 1456215205
ibr-44_ibr-36_1.txt 1024 1456214885 1456214885
ibr-44_ibr-39_1.txt 1024 1456215005 1456215005
ibr-44_ibr-4_1.txt 1024 1456215875 1456215875
ibr-44_ibr-4_2.txt 1024 1456216235 1456216235
ibr-44_ibr-51_1.txt 1024 1456216925 1456216925
ibr-44_ibr-53_1.txt 1024 1456216565 1456216565
ibr-45_ibr-17_1.txt 1024 1456216725 1456216725
ibr-45_ibr-22_1.txt 1024 1456216455 1456216455
ibr-45_ibr-31_1.txt 1024 1456214245 1456214245
ibr-45_ibr-32_1.txt 1024 1456214995 1456214995
ibr-45_ibr-32_2.txt 1024 1456215825 1456215825
ibr-45_ibr-35_1.txt 1024 1456214945 1456214945
ibr-45_ibr-44_1.txt 1024 1456215495 1456215495
ibr-45_ibr-47_1.txt 1024 1456216005 1456216005
ibr-45_ibr-8_1.txt 1024 1456214865 1456214865
ibr-46_ibr-11_1.txt 1024 1456214550 1456214550
ibr-46_ibr-11_2.txt 1024 1456215360 1456215360
ibr-46_ibr-11_3.txt 1024 1456215650 1456215650
ibr-46_ibr-11_4.txt 1024 1456215820 1456215820
ibr-46_ibr-11_5.txt 1024 1456216540 1456216540
ibr-46_ibr-1_1.txt 1024 1456214980 1456214980
ibr-46_ibr-1_2.txt 1024 1456215320 1456215320
ibr-46_ibr-1_3.txt 1024 1456215920 1456215920
ibr-46_ibr-1_4.txt 1024 1456216700 1456216700
ibr-46_ibr-16_1.txt 1024 1456214230 1456214230
ibr-46_ibr-16_2.txt 1024 1456214750 1456214750
ibr-46_ibr-21_1.txt 1024 1456214700 1456214700
ibr-46_ibr-21_2.txt 1024 1456214790 1456214790
ibr-46_ibr-21_3.txt 1024 1456215290 1456215290
ibr-46_ibr-21_4.txt 1024 1456215660 1456215660
ibr-46_ibr-21_5.txt 1024 1456215950 1456215950
ibr-46_ibr-21_6.txt 1024 1456215990 1456215990
ibr-46_ibr-21_7.txt 1024 1456216510 1456216510
ibr-46_ibr-26_1.txt 1024 1456214075 1456214075
ibr-46_ibr-26_2.txt 1024 1456214100 1456214100
ibr-46_ibr-26_3.txt 1024 1456214580 1456214580
ibr-46_ibr-26_4.txt 1024 1456214730 1456214730
ibr-46_ibr-26_5.txt 1024 1456214920 1456214920
ibr-46_ibr-26_6.txt 1024 1456216400 1456216400
ibr-46_ibr-26_7.txt 1024 1456216880 1456216880
ibr-46_ibr-30_1.txt 1024 1456214015 1456214015
ibr-46_ibr-31_1.txt 1024 1456214660 1456214660
ibr-46_ibr-31_2.txt 1024 1456214710 1456214710
ibr-46_ibr-31_3.txt 1024 1456215980 1456215980
ibr-46_ibr-31_4.txt 1024 1456216670 1456216670
ibr-46_ibr-31_5.txt 1024 1456216720 1456216720
ibr-46_ibr-36_10.txt 1024 1456216780 1456216780
ibr-46_ibr-36_1.txt 1024 1456214240 1456214240
ibr-46_ibr-36_2.txt 1024 1456214360 1456214360
ibr-46_ibr-36_3.txt 1024 1456214570 1456214570
ibr-46_ibr-36_4.txt 1024 1456214680 1456214680
ibr-46_ibr-36_5.txt 1024 1456215190 1456215190
ibr-46_ibr-36_6.txt 1024 1456215310 1456215310
ibr-46_ibr-36_7.txt 1024 1456215760 1456215760
ibr-46_ibr-36_8.txt 1024 1456216320 1456216320
ibr-46_ibr-36_9.txt 1024 1456216740 1456216740
ibr-46_ibr-39_1.txt 1024 1456214005 1456214005
ibr-46_ibr-41_1.txt 1024 1456214650 1456214650
ibr-46_ibr-41_2.txt 1024 1456214940 1456214940
ibr-46_ibr-41_3.txt 1024 1456215080 1456215080
ibr-46_ibr-41_4.txt 1024 1456215340 1456215340
ibr-46_ibr-41_5.txt 1024 1456215530 1456215530
ibr-46_ibr-43_1.txt 1024 1456216905 1456216905
ibr-46_ibr-48_1.txt 1024 1456214135 1456214135
ibr-46_ibr-51_1.txt 1024 1456214010 1456214010
ibr-46_ibr-51_2.txt 1024 1456214070 1456214070
ibr-46_ibr-51_3.txt 1024 1456214620 1456214620
ibr-46_ibr-51_4.txt 1024 1456215830 1456215830
ibr-46_ibr-51_5.txt 1024 1456216000 1456216000
ibr-46_ibr-55_1.txt 1024 1456214875 1456214875
ibr-46_ibr-56_1.txt 1024 1456215230 1456215230
ibr-46_ibr-56_2.txt 1024 1456216130 1456216130
ibr-46_ibr-6_1.txt 1024 1456214380 1456214380
ibr-46_ibr-6_2.txt 1024 1456215335 1456215335
ibr-46_ibr-6_3.txt 1024 1456215880 1456215880
ibr-46_ibr-6_4.txt 1024 1456216170 1456216170
ibr-46_ibr-6_5.txt 1024 1456216520 1456216520
ibr-46_ibr-6_6.txt 1024 1456216750 1456216750
ibr-47_ibr-13_1.txt 1024 1456216315 1456216315
ibr-47_ibr-16_1.txt 1024 1456215075 1456215075
ibr-47_ibr-17_1.txt 1024 1456214785 1456214785
ibr-47_ibr-20_1.txt 1024 1456214005 1456214005
ibr-47_ibr-27_1.txt 1024 1456214565 1456214565
ibr-47_ibr-27_2.txt 1024 1456216015 1456216015
ibr-47_ibr-4_1.txt 1024 1456215685 1456215685
ibr-47_ibr-46_1.txt 1024 1456215095 1456215095
ibr-47_ibr-46_2.txt 1024 1456216715 1456216715
ibr-48_ibr-13_1.txt 1024 1456214605 1456214605
ibr-48_ibr-19_1.txt 1024 1456215705 1456215705
ibr-48_ibr-2_1.txt 1024 1456214855 1456214855
ibr-48_ibr-27_1.txt 1024 1456215755 1456215755
ibr-48_ibr-3_1.txt 1024 1456216685 1456216685
ibr-48_ibr-32_1.txt 1024 1456216265 1456216265
ibr-48_ibr-34_1.txt 1024 1456216845 1456216845
ibr-48_ibr-37_1.txt 1024 1456214445 1456214445
ibr-48_ibr-38_1.txt 1024 1456214815 1456214815
ibr-48_ibr-45_1.txt 1024 1456216875 1456216875
ibr-48_ibr-47_1.txt 1024 1456215515 1456215515
ibr-48_ibr-8_1.txt 1024 1456216635 1456216635
ibr-49_ibr-16_1.txt 1024 1456216735 1456216735
ibr-49_ibr-22_1.txt 1024 1456214065 1456214065
ibr-49_ibr-29_1.txt 1024 1456215115 1456215115
ibr-49_ibr-34_1.txt 1024 1456216595 1456216595
ibr-49_ibr-35_1.txt 1024 1456216125 1456216125
ibr-49_ibr-37_1.txt 1024 1456214535 1456214535
ibr-49_ibr-40_1.txt 1024 1456216095 1456216095
ibr-49_ibr-5_1.txt 1024 1456215085 1456215085
ibr-49_ibr-52_1.txt 1024 1456214235 1456214235
ibr-49_ibr-53_1.txt 1024 1456215565 1456215565
ibr-49_ibr-54_1.txt 1024 1456216215 1456216215
ibr-4_ibr-15_1.txt 1024 1456216395 1456216395
ibr-4_ibr-26_1.txt 1024 1456215605 1456215605
ibr-4_ibr-38_1.txt 1024 1456216765 1456216765
ibr-4_ibr-40_1.txt 1024 1456214865 1456214865
ibr-4_ibr-42_1.txt 1024 1456215525 1456215525
ibr-4_ibr-56_1.txt 1024 1456215935 1456215935
ibr-4_ibr-9_1.txt 1024 1456214905 1456214905
ibr-50_ibr-11_1.txt 1024 1456214625 1456214625
ibr-50_ibr-16_1.txt 1024 1456216585 1456216585
ibr-50_ibr-20_1.txt 1024 1456215555 1456215555
ibr-50_ibr-24_1.txt 1024 1456215725 1456215725
ibr-50_ibr-25_1.txt 1024 1456214885 1456214885
ibr-50_ibr-30_1.txt 1024 1456216695 1456216695
ibr-50_ibr-31_1.txt 1024 1456215295 1456215295
ibr-50_ibr-31_2.txt 1024 1456215835 1456215835
ibr-50_ibr-3_1.txt 1024 1456214945 1456214945
ibr-50_ibr-32_1.txt 1024 1456216545 1456216545
ibr-50_ibr-34_1.txt 1024 1456216895 1456216895
ibr-50_ibr-37_1.txt 1024 1456215885 1456215885
ibr-50_ibr-4_1.txt 1024 1456215125 1456215125
ibr-50_ibr-42_1.txt 1024 1456214395 1456214395
ibr-50_ibr-43_1.txt 1024 1456215635 1456215635
ibr-50_ibr-47_1.txt 1024 1456214475 1456214475
ibr-50_ibr-49_1.txt 1024 1456216655 1456216655
ibr-50_ibr-5_1.txt 1024 1456216295 1456216295
ibr-50_ibr-8_1.txt 1024 1456215405 1456215405
ibr-51_ibr-11_1.txt 1024 1456213980 1456213980
ibr-51_ibr-11_2.txt 1024 1456215150 1456215150
ibr-51_ibr-11_3.txt 1024 1456215220 1456215220
ibr-51_ibr-11_4.txt 1024 1456215580 1456215580
ibr-51_ibr-11_5.txt 1024 1456215710 1456215710
ibr-51_ibr-11_6.txt 1024 1456216350 1456216350
ibr-51_ibr-11_7.txt 1024 1456216390 1456216390
ibr-51_ibr-1_1.txt 1024 1456216000 1456216000
ibr-51_ibr-1_2.txt 1024 1456216340 1456216340
ibr-51_ibr-1_3.txt 1024 1456216420 1456216420
ibr-51_ibr-1_4.txt 1024 1456216650 1456216650
ibr-51_ibr-1_5.txt 1024 1456216870 1456216870
ibr-51_ibr-16_1.txt 1024 1456214110 1456214110
ibr-51_ibr-16_2.txt 1024 1456214580 1456214580
ibr-51_ibr-16_3.txt 1024 1456214990 1456214990
ibr-51_ibr-16_4.txt 1024 1456215210 1456215210
ibr-51_ibr-16_5.txt 1024 1456215420 1456215420
ibr-51_ibr-16_6.txt 1024 1456216110 1456216110
ibr-51_ibr-16_7.txt 1024 1456216640 1456216640
ibr-51_ibr-16_8.txt 1024 1456216850 1456216850
ibr-51_ibr-17_1.txt 1024 1456216025 1456216025
ibr-51_ibr-21_1.txt 1024 1456214330 1456214330
ibr-51_ibr-21_2.txt 1024 1456214460 1456214460
ibr-51_ibr-21_3.txt 1024 1456214600 1456214600
ibr-51_ibr-21_4.txt 1024 1456214740 1456214740
ibr-51_ibr-21_5.txt 1024 1456215350 1456215350
ibr-51_ibr-21_6.txt 1024 1456216450 1456216450
ibr-51_ibr-26_1.txt 1024 1456214950 1456214950
ibr-51_ibr-26_2.txt 1024 1456215500 1456215500
ibr-51_ibr-31_1.txt 1024 1456214050 1456214050
ibr-51_ibr-31_2.txt 1024 1456214170 1456214170
ibr-51_ibr-31_3.txt 1024 1456214260 1456214260
ibr-51_ibr-31_4.txt 1024 1456214350 1456214350
ibr-51_ibr-31_5.txt 1024 1456215460 1456215460
ibr-51_ibr-31_6.txt 1024 1456215530 1456215530
ibr-51_ibr-31_7.txt 1024 1456216070 1456216070
ibr-51_ibr-31_8.txt 1024 1456216120 1456216120
ibr-51_ibr-31_9.txt 1024 1456216370 1456216370
ibr-51_ibr-33_1.txt 1024 1456216665 1456216665
ibr-51_ibr-36_1.txt 1024 1456215840 1456215840
ibr-51_ibr-36_2.txt 1024 1456216475 1456216475
ibr-51_ibr-36_3.txt 1024 1456216600 1456216600
ibr-51_ibr-41_1.txt 1024 1456213990 1456213990
ibr-51_ibr-41_2.txt 1024 1456214900 1456214900
ibr-51_ibr-41_3.txt 1024 1456216480 1456216480
ibr-51_ibr-46_1.txt 1024 1456214370 1456214370
ibr-51_ibr-46_2.txt 1024 1456216830 1456216830
ibr-51_ibr-56_1.txt 1024 1456215020 1456215020
ibr-51_ibr-56_2.txt 1024 1456215260 1456215260
ibr-51_ibr-56_3.txt 1024 1456215290 1456215290
ibr-51_ibr-56_4.txt 1024 1456216090 1456216090
ibr-51_ibr-56_5.txt 1024 1456216900 1456216900
ibr-51_ibr-6_1.txt 1024 1456214440 1456214440
ibr-51_ibr-6_2.txt 1024 1456214830 1456214830
ibr-51_ibr-6_3.txt 1024 1456215240 1456215240
ibr-51_ibr-6_4.txt 1024 1456215280 1456215280
ibr-51_ibr-6_5.txt 1024 1456215690 1456215690
ibr-51_ibr-6_6.txt 1024 1456215920 1456215920
ibr-51_ibr-6_7.txt 1024 1456215930 1456215930
ibr-51_ibr-7_1.txt 1024 1456216035 1456216035
ibr-52_ibr-14_1.txt 1024 1456214235 1456214235
ibr-52_ibr-19_1.txt 1024 1456215245 1456215245
ibr-52_ibr-24_1.txt 1024 1456216775 1456216775
ibr-52_ibr-36_1.txt 1024 1456216075 1456216075
ibr-52_ibr-51_1.txt 1024 1456214495 1456214495
ibr-52_ibr-54_1.txt 1024 1456214075 1456214075
ibr-53_ibr-15_1.txt 1024 1456214715 1456214715
ibr-53_ibr-2_1.txt 1024 1456216175 1456216175
ibr-53_ibr-24_1.txt 1024 1456216775 1456216775
ibr-53_ibr-26_1.txt 1024 1456214325 1456214325
ibr-53_ibr-35_1.txt 1024 1456215395 1456215395
ibr-53_ibr-36_1.txt 1024 1456216905 1456216905
ibr-53_ibr-43_1.txt 1024 1456214265 1456214265
ibr-53_ibr-45_1.txt 1024 1456214185 1456214185
ibr-53_ibr-47_1.txt 1024 1456216555 1456216555
ibr-53_ibr-51_1.txt 1024 1456216215 1456216215
ibr-53_ibr-6_1.txt 1024 1456216765 1456216765
ibr-54_ibr-10_1.txt 1024 1456214435 1456214435
ibr-54_ibr-12_1.txt 1024 1456216185 1456216185
ibr-54_ibr-25_1.txt 1024 1456215385 1456215385
ibr-54_ibr-25_2.txt 1024 1456216265 1456216265
ibr-54_ibr-30_1.txt 1024 1456216585 1456216585
ibr-54_ibr-3_1.txt 1024 1456215055 1456215055
ibr-54_ibr-32_1.txt 1024 1456215115 1456215115
ibr-54_ibr-40_1.txt 1024 1456216015 1456216015
ibr-54_ibr-47_1.txt 1024 1456216465 1456216465
ibr-54_ibr-52_1.txt 1024 1456215375 1456215375
ibr-54_ibr-53_1.txt 1024 1456215245 1456215245
ibr-55_ibr-28_1.txt 1024 1456214355 1456214355
ibr-55_ibr-29_1.txt 1024 1456216285 1456216285
ibr-55_ibr-30_1.txt 1024 1456216045 1456216045
ibr-55_ibr-36_1.txt 1024 1456214735 1456214735
ibr-55_ibr-37_1.txt 1024 1456214285 1456214285
ibr-55_ibr-41_1.txt 1024 1456215165 1456215165
ibr-55_ibr-52_1.txt 1024 1456215875 1456215875
ibr-55_ibr-54_1.txt 1024 1456215455 1456215455
ibr-56_ibr-13_1.txt 1024 1456215775 1456215775
ibr-56_ibr-16_1.txt 1024 1456215155 1456215155
ibr-56_ibr-16_2.txt 1024 1456216105 1456216105
ibr-56_ibr-17_1.txt 1024 1456214255 1456214255
ibr-56_ibr-25_1.txt 1024 1456216435 1456216435
ibr-56_ibr-33_1.txt 1024 1456213965 1456213965
ibr-56_ibr-41_1.txt 1024 1456216325 1456216325
ibr-56_ibr-43_1.txt 1024 1456215975 1456215975
ibr-56_ibr-46_1.txt 1024 1456214515 1456214515
ibr-56_ibr-48_1.txt 1024 1456214425 1456214425
ibr-56_ibr-51_1.txt 1024 1456216415 1456216415
ibr-56_ibr-54_1.txt 1024 1456214955 1456214955
ibr-5_ibr-13_1.txt 1024 1456216315 1456216315
ibr-5_ibr-14_1.txt 1024 1456216205 1456216205
ibr-5_ibr-19_1.txt 1024 1456213975 1456213975
ibr-5_ibr-23_1.txt 1024 1456215915 1456215915
ibr-5_ibr-23_2.txt 1024 1456215945 1456215945
ibr-5_ibr-32_1.txt 1024 1456215615 1456215615
ibr-5_ibr-36_1.txt 1024 1456214035 1456214035
ibr-5_ibr-36_2.txt 1024 1456215455 1456215455
ibr-5_ibr-42_1.txt 1024 1456214785 1456214785
ibr-5_ibr-43_1.txt 1024 1456214095 1456214095
ibr-5_ibr-49_1.txt 1024 1456214215 1456214215
ibr-5_ibr-49_2.txt 1024 1456214955 1456214955
ibr-6_ibr-11_1.txt 1024 1456215575 1456215575
ibr-6_ibr-11_2.txt 1024 1456215630 1456215630
ibr-6_ibr-11_3.txt 1024 1456215650 1456215650
ibr-6_ibr-11_4.txt 1024 1456215860 1456215860
ibr-6_ibr-1_1.txt 1024 1456214560 1456214560
ibr-6_ibr-1_2.txt 1024 1456215720 1456215720
ibr-6_ibr-1_3.txt 1024 1456216240 1456216240
ibr-6_ibr-15_1.txt 1024 1456214065 1456214065
ibr-6_ibr-16_1.txt 1024 1456214150 1456214150
ibr-6_ibr-16_2.txt 1024 1456214200 1456214200
ibr-6_ibr-16_3.txt 1024 1456214545 1456214545
ibr-6_ibr-16_4.txt 1024 1456214745 1456214745
ibr-6_ibr-16_5.txt 1024 1456215020 1456215020
ibr-6_ibr-16_6.txt 1024 1456215390 1456215390
ibr-6_ibr-16_7.txt 1024 1456215520 1456215520
ibr-6_ibr-16_8.txt 1024 1456215890 1456215890
ibr-6_ibr-21_10.txt 1024 1456216865 1456216865
ibr-6_ibr-21_1.txt 1024 1456214100 1456214100
ibr-6_ibr-21_2.txt 1024 1456214520 1456214520
ibr-6_ibr-21_3.txt 1024 1456214875 1456214875
ibr-6_ibr-21_4.txt 1024 1456214895 1456214895
ibr-6_ibr-21_5.txt 1024 1456215110 1456215110
ibr-6_ibr-21_6.txt 1024 1456215180 1456215180
ibr-6_ibr-21_7.txt 1024 1456216050 1456216050
ibr-6_ibr-21_8.txt 1024 1456216490 1456216490
ibr-6_ibr-21_9.txt 1024 1456216800 1456216800
ibr-6_ibr-26_1.txt 1024 1456214870 1456214870
ibr-6_ibr-26_2.txt 1024 1456215030 1456215030
ibr-6_ibr-26_3.txt 1024 1456215910 1456215910
ibr-6_ibr-26_4.txt 1024 1456216380 1456216380
ibr-6_ibr-26_5.txt 1024 1456216425 1456216425
ibr-6_ibr-26_6.txt 1024 1456216460 1456216460
ibr-6_ibr-26_7.txt 1024 1456216750 1456216750
ibr-6_ibr-28_1.txt 1024 1456214815 1456214815
ibr-6_ibr-31_1.txt 1024 1456214650 1456214650
ibr-6_ibr-31_2.txt 1024 1456215470 1456215470
ibr-6_ibr-31_3.txt 1024 1456215740 1456215740
ibr-6_ibr-31_4.txt 1024 1456215810 1456215810
ibr-6_ibr-31_5.txt 1024 1456216180 1456216180
ibr-6_ibr-31_6.txt 1024 1456216280 1456216280
ibr-6_ibr-32_1.txt 1024 1456214775 1456214775
ibr-6_ibr-33_1.txt 1024 1456214145 1456214145
ibr-6_ibr-36_1.txt 1024 1456214370 1456214370
ibr-6_ibr-36_2.txt 1024 1456216260 1456216260
ibr-6_ibr-36_3.txt 1024 1456216330 1456216330
ibr-6_ibr-36_4.txt 1024 1456216530 1456216530
ibr-6_ibr-41_1.txt 1024 1456214090 1456214090
ibr-6_ibr-41_2.txt 1024 1456214500 1456214500
ibr-6_ibr-41_3.txt 1024 1456215610 1456215610
ibr-6_ibr-41_4.txt 1024 1456215645 1456215645
ibr-6_ibr-41_5.txt 1024 1456215800 1456215800
ibr-6_ibr-41_6.txt 1024 1456216250 1456216250
ibr-6_ibr-4_1.txt 1024 1456214825 1456214825
ibr-6_ibr-46_1.txt 1024 1456213980 1456213980
ibr-6_ibr-46_2.txt 1024 1456215770 1456215770
ibr-6_ibr-46_3.txt 1024 1456215850 1456215850
ibr-6_ibr-50_1.txt 1024 1456214765 1456214765
ibr-6_ibr-51_1.txt 1024 1456214140 1456214140
ibr-6_ibr-51_2.txt 1024 1456214160 1456214160
ibr-6_ibr-51_3.txt 1024 1456215900 1456215900
ibr-6_ibr-51_4.txt 1024 1456216140 1456216140
ibr-6_ibr-51_5.txt 1024 1456216560 1456216560
ibr-6_ibr-51_6.txt 1024 1456216605 1456216605
ibr-6_ibr-56_1.txt 1024 1456215350 1456215350
ibr-6_ibr-56_2.txt 1024 1456216680 1456216680
ibr-6_ibr-56_3.txt 1024 1456216830 1456216830
ibr-6_ibr-7_1.txt 1024 1456216505 1456216505
ibr-7_ibr-11_1.txt 1024 1456215265 1456215265
ibr-7_ibr-11_2.txt 1024 1456216675 1456216675
ibr-7_ibr-13_1.txt 1024 1456214965 1456214965
ibr-7_ibr-24_1.txt 1024 1456214425 1456214425
ibr-7_ibr-24_2.txt 1024 1456215235 1456215235
ibr-7_ibr-24_3.txt 1024 1456216305 1456216305
ibr-7_ibr-27_1.txt 1024 1456214405 1456214405
ibr-7_ibr-36_1.txt 1024 1456214335 1456214335
ibr-7_ibr-37_1.txt 1024 1456216195 1456216195
ibr-7_ibr-38_1.txt 1024 1456215005 1456215005
ibr-7_ibr-48_1.txt 1024 1456214135 1456214135
ibr-7_ibr-56_1.txt 1024 1456215595 1456215595
ibr-7_ibr-6_1.txt 1024 1456215025 1456215025
ibr-7_ibr-8_1.txt 1024 1456215755 1456215755
ibr-8_ibr-10_1.txt 1024 1456213985 1456213985
ibr-8_ibr-13_1.txt 1024 1456216615 1456216615
ibr-8_ibr-20_1.txt 1024 1456214215 1456214215
ibr-8_ibr-30_1.txt 1024 1456214935 1456214935
ibr-8_ibr-30_2.txt 1024 1456215975 1456215975
ibr-8_ibr-31_1.txt 1024 1456215685 1456215685
ibr-8_ibr-36_1.txt 1024 1456215895 1456215895
ibr-8_ibr-47_1.txt 1024 1456214445 1456214445
ibr-8_ibr-48_1.txt 1024 1456216735 1456216735
ibr-8_ibr-53_1.txt 1024 1456214085 1456214085
ibr-8_ibr-7_1.txt 1024 1456216435 1456216435
ibr-8_ibr-7_2.txt 1024 1456216485 1456216485
ibr-9_ibr-10_1.txt 1024 1456216365 1456216365
ibr-9_ibr-15_1.txt 1024 1456215035 1456215035
ibr-9_ibr-16_1.txt 1024 1456214195 1456214195
ibr-9_ibr-18_1.txt 1024 1456216345 1456216345
ibr-9_ibr-22_1.txt 1024 1456216725 1456216725
ibr-9_ibr-25_1.txt 1024 1456215585 1456215585
ibr-9_ibr-33_1.txt 1024 1456216185 1456216185
ibr-9_ibr-37_1.txt 1024 1456216515 1456216515
ibr-9_ibr-43_1.txt 1024 1456216815 1456216815
ibr-9_ibr-45_1.txt 1024 1456215725 1456215725
ibr-9_ibr-49_1.txt 1024 1456214405 1456214405
ibr-9_ibr-49_2.txt 1024 1456215315 1456215315
ibr-9_ibr-56_1.txt 1024 1456215795 1456215795
