# name size  create_time reach_time
ibr-10_ibr-22_1.txt 1024 1456156067 1456156067
ibr-10_ibr-23_1.txt 1024 1456156407 1456156407
ibr-10_ibr-24_1.txt 1024 1456157897 1456157897
ibr-10_ibr-28_1.txt 1024 1456156386 1456156386
ibr-10_ibr-33_1.txt 1024 1456156987 1456156987
ibr-10_ibr-40_1.txt 1024 1456157357 1456157357
ibr-10_ibr-41_1.txt 1024 1456156187 1456156187
ibr-10_ibr-41_2.txt 1024 1456156856 1456156856
ibr-10_ibr-42_1.txt 1024 1456157737 1456157737
ibr-10_ibr-49_1.txt 1024 1456156317 1456156317
ibr-10_ibr-49_2.txt 1024 1456156886 1456156886
ibr-10_ibr-49_3.txt 1024 1456157197 1456157197
ibr-10_ibr-50_1.txt 1024 1456156897 1456156897
ibr-10_ibr-50_2.txt 1024 1456157526 1456157526
ibr-10_ibr-53_1.txt 1024 1456156477 1456156477
ibr-11_ibr-1_1.txt 1024 1456156631 1456156631
ibr-11_ibr-12_1.txt 1024 1456157977 1456157977
ibr-11_ibr-1_2.txt 1024 1456157062 1456157062
ibr-11_ibr-1_3.txt 1024 1456157422 1456157422
ibr-11_ibr-14_1.txt 1024 1456156506 1456156506
ibr-11_ibr-1_4.txt 1024 1456157872 1456157872
ibr-11_ibr-1_5.txt 1024 1456158412 1456158412
ibr-11_ibr-16_1.txt 1024 1456155991 1456155991
ibr-11_ibr-16_2.txt 1024 1456156382 1456156382
ibr-11_ibr-16_3.txt 1024 1456156492 1456156492
ibr-11_ibr-16_4.txt 1024 1456156852 1456156852
ibr-11_ibr-16_5.txt 1024 1456156962 1456156962
ibr-11_ibr-16_6.txt 1024 1456156982 1456156982
ibr-11_ibr-1_6.txt 1024 1456158742 1456158742
ibr-11_ibr-1_7.txt 1024 1456158751 1456158751
ibr-11_ibr-21_1.txt 1024 1456155982 1456155982
ibr-11_ibr-21_2.txt 1024 1456156071 1456156071
ibr-11_ibr-21_3.txt 1024 1456157292 1456157292
ibr-11_ibr-21_4.txt 1024 1456157301 1456157301
ibr-11_ibr-21_5.txt 1024 1456157352 1456157352
ibr-11_ibr-21_6.txt 1024 1456157911 1456157911
ibr-11_ibr-21_7.txt 1024 1456157952 1456157952
ibr-11_ibr-21_8.txt 1024 1456158631 1456158631
ibr-11_ibr-26_1.txt 1024 1456155762 1456155762
ibr-11_ibr-26_2.txt 1024 1456155941 1456155941
ibr-11_ibr-26_3.txt 1024 1456156771 1456156771
ibr-11_ibr-26_4.txt 1024 1456156782 1456156782
ibr-11_ibr-26_5.txt 1024 1456157612 1456157612
ibr-11_ibr-26_6.txt 1024 1456158281 1456158281
ibr-11_ibr-26_7.txt 1024 1456158492 1456158492
ibr-11_ibr-28_1.txt 1024 1456158416 1456158416
ibr-11_ibr-29_1.txt 1024 1456156427 1456156427
ibr-11_ibr-30_1.txt 1024 1456157917 1456157917
ibr-11_ibr-31_1.txt 1024 1456156172 1456156172
ibr-11_ibr-31_2.txt 1024 1456156262 1456156262
ibr-11_ibr-31_3.txt 1024 1456157142 1456157142
ibr-11_ibr-31_4.txt 1024 1456157281 1456157281
ibr-11_ibr-36_1.txt 1024 1456156082 1456156082
ibr-11_ibr-36_2.txt 1024 1456156272 1456156272
ibr-11_ibr-36_3.txt 1024 1456156312 1456156312
ibr-11_ibr-36_4.txt 1024 1456157262 1456157262
ibr-11_ibr-36_5.txt 1024 1456158192 1456158192
ibr-11_ibr-40_1.txt 1024 1456156317 1456156317
ibr-11_ibr-41_1.txt 1024 1456155831 1456155831
ibr-11_ibr-41_2.txt 1024 1456155872 1456155872
ibr-11_ibr-41_3.txt 1024 1456156222 1456156222
ibr-11_ibr-41_4.txt 1024 1456156531 1456156531
ibr-11_ibr-41_5.txt 1024 1456156692 1456156692
ibr-11_ibr-41_6.txt 1024 1456157492 1456157492
ibr-11_ibr-41_7.txt 1024 1456157961 1456157961
ibr-11_ibr-44_1.txt 1024 1456156487 1456156487
ibr-11_ibr-51_1.txt 1024 1456156002 1456156002
ibr-11_ibr-51_2.txt 1024 1456156021 1456156021
ibr-11_ibr-51_3.txt 1024 1456156151 1456156151
ibr-11_ibr-51_4.txt 1024 1456156402 1456156402
ibr-11_ibr-51_5.txt 1024 1456158672 1456158672
ibr-11_ibr-53_1.txt 1024 1456156617 1456156617
ibr-11_ibr-55_1.txt 1024 1456155867 1456155867
ibr-11_ibr-56_1.txt 1024 1456156062 1456156062
ibr-11_ibr-56_2.txt 1024 1456157042 1456157042
ibr-11_ibr-56_3.txt 1024 1456157572 1456157572
ibr-11_ibr-56_4.txt 1024 1456157711 1456157711
ibr-11_ibr-56_5.txt 1024 1456158202 1456158202
ibr-11_ibr-56_6.txt 1024 1456158421 1456158421
ibr-11_ibr-56_7.txt 1024 1456158721 1456158721
ibr-11_ibr-6_1.txt 1024 1456156891 1456156891
ibr-11_ibr-6_2.txt 1024 1456157647 1456157647
ibr-11_ibr-6_3.txt 1024 1456158171 1456158171
ibr-11_ibr-6_4.txt 1024 1456158391 1456158391
ibr-12_ibr-17_1.txt 1024 1456157837 1456157837
ibr-12_ibr-19_1.txt 1024 1456158427 1456158427
ibr-12_ibr-21_1.txt 1024 1456158206 1456158206
ibr-12_ibr-23_1.txt 1024 1456157087 1456157087
ibr-12_ibr-24_1.txt 1024 1456156276 1456156276
ibr-12_ibr-25_1.txt 1024 1456157617 1456157617
ibr-12_ibr-26_1.txt 1024 1456158596 1456158596
ibr-12_ibr-56_1.txt 1024 1456156177 1456156177
ibr-13_ibr-14_1.txt 1024 1456157867 1456157867
ibr-13_ibr-22_1.txt 1024 1456156496 1456156496
ibr-13_ibr-28_1.txt 1024 1456155907 1456155907
ibr-13_ibr-29_1.txt 1024 1456158687 1456158687
ibr-13_ibr-30_1.txt 1024 1456158657 1456158657
ibr-13_ibr-36_1.txt 1024 1456157407 1456157407
ibr-13_ibr-38_1.txt 1024 1456155987 1456155987
ibr-13_ibr-40_1.txt 1024 1456156227 1456156227
ibr-13_ibr-47_1.txt 1024 1456158057 1456158057
ibr-13_ibr-47_2.txt 1024 1456158227 1456158227
ibr-13_ibr-48_1.txt 1024 1456157766 1456157766
ibr-13_ibr-8_1.txt 1024 1456157227 1456157227
ibr-14_ibr-16_1.txt 1024 1456156717 1456156717
ibr-14_ibr-29_1.txt 1024 1456157157 1456157157
ibr-14_ibr-29_2.txt 1024 1456158067 1456158067
ibr-14_ibr-3_1.txt 1024 1456156336 1456156336
ibr-15_ibr-24_1.txt 1024 1456157607 1456157607
ibr-15_ibr-38_1.txt 1024 1456158116 1456158116
ibr-15_ibr-39_1.txt 1024 1456156427 1456156427
ibr-15_ibr-43_1.txt 1024 1456157187 1456157187
ibr-15_ibr-49_1.txt 1024 1456158707 1456158707
ibr-15_ibr-5_1.txt 1024 1456158337 1456158337
ibr-15_ibr-55_1.txt 1024 1456156057 1456156057
ibr-15_ibr-6_1.txt 1024 1456157146 1456157146
ibr-16_ibr-11_1.txt 1024 1456157682 1456157682
ibr-16_ibr-11_2.txt 1024 1456158032 1456158032
ibr-16_ibr-1_1.txt 1024 1456155781 1456155781
ibr-16_ibr-12_1.txt 1024 1456158667 1456158667
ibr-16_ibr-1_2.txt 1024 1456156232 1456156232
ibr-16_ibr-1_3.txt 1024 1456157382 1456157382
ibr-16_ibr-1_4.txt 1024 1456157432 1456157432
ibr-16_ibr-15_1.txt 1024 1456156957 1456156957
ibr-16_ibr-15_2.txt 1024 1456158057 1456158057
ibr-16_ibr-1_5.txt 1024 1456157592 1456157592
ibr-16_ibr-1_6.txt 1024 1456158312 1456158312
ibr-16_ibr-1_7.txt 1024 1456158342 1456158342
ibr-16_ibr-20_1.txt 1024 1456156826 1456156826
ibr-16_ibr-21_1.txt 1024 1456156062 1456156062
ibr-16_ibr-21_2.txt 1024 1456156292 1456156292
ibr-16_ibr-21_3.txt 1024 1456157322 1456157322
ibr-16_ibr-23_1.txt 1024 1456156667 1456156667
ibr-16_ibr-26_1.txt 1024 1456156951 1456156951
ibr-16_ibr-26_2.txt 1024 1456158612 1456158612
ibr-16_ibr-31_1.txt 1024 1456158372 1456158372
ibr-16_ibr-37_1.txt 1024 1456157247 1456157247
ibr-16_ibr-40_1.txt 1024 1456155767 1456155767
ibr-16_ibr-41_10.txt 1024 1456158257 1456158257
ibr-16_ibr-41_11.txt 1024 1456158501 1456158501
ibr-16_ibr-41_1.txt 1024 1456155802 1456155802
ibr-16_ibr-41_2.txt 1024 1456155852 1456155852
ibr-16_ibr-41_3.txt 1024 1456156192 1456156192
ibr-16_ibr-41_4.txt 1024 1456156421 1456156421
ibr-16_ibr-41_5.txt 1024 1456156662 1456156662
ibr-16_ibr-41_6.txt 1024 1456157371 1456157371
ibr-16_ibr-41_7.txt 1024 1456157642 1456157642
ibr-16_ibr-41_8.txt 1024 1456157922 1456157922
ibr-16_ibr-41_9.txt 1024 1456158142 1456158142
ibr-16_ibr-44_1.txt 1024 1456156737 1456156737
ibr-16_ibr-46_1.txt 1024 1456155841 1456155841
ibr-16_ibr-46_2.txt 1024 1456156202 1456156202
ibr-16_ibr-46_3.txt 1024 1456156862 1456156862
ibr-16_ibr-46_4.txt 1024 1456157262 1456157262
ibr-16_ibr-46_5.txt 1024 1456157782 1456157782
ibr-16_ibr-46_6.txt 1024 1456157842 1456157842
ibr-16_ibr-46_7.txt 1024 1456158582 1456158582
ibr-16_ibr-51_1.txt 1024 1456155951 1456155951
ibr-16_ibr-51_2.txt 1024 1456156872 1456156872
ibr-16_ibr-51_3.txt 1024 1456157402 1456157402
ibr-16_ibr-51_4.txt 1024 1456157652 1456157652
ibr-16_ibr-51_5.txt 1024 1456157877 1456157877
ibr-16_ibr-51_6.txt 1024 1456158432 1456158432
ibr-16_ibr-51_7.txt 1024 1456158621 1456158621
ibr-16_ibr-54_1.txt 1024 1456157417 1456157417
ibr-16_ibr-56_1.txt 1024 1456156091 1456156091
ibr-16_ibr-56_2.txt 1024 1456156152 1456156152
ibr-16_ibr-56_3.txt 1024 1456156266 1456156266
ibr-16_ibr-56_4.txt 1024 1456156721 1456156721
ibr-16_ibr-56_5.txt 1024 1456157511 1456157511
ibr-16_ibr-6_10.txt 1024 1456158022 1456158022
ibr-16_ibr-6_11.txt 1024 1456158572 1456158572
ibr-16_ibr-6_12.txt 1024 1456158651 1456158651
ibr-16_ibr-6_1.txt 1024 1456155772 1456155772
ibr-16_ibr-6_2.txt 1024 1456156206 1456156206
ibr-16_ibr-6_3.txt 1024 1456156332 1456156332
ibr-16_ibr-6_4.txt 1024 1456156341 1456156341
ibr-16_ibr-6_5.txt 1024 1456156372 1456156372
ibr-16_ibr-6_6.txt 1024 1456156931 1456156931
ibr-16_ibr-6_7.txt 1024 1456157211 1456157211
ibr-16_ibr-6_8.txt 1024 1456157362 1456157362
ibr-16_ibr-6_9.txt 1024 1456157861 1456157861
ibr-16_ibr-7_1.txt 1024 1456158137 1456158137
ibr-16_ibr-7_2.txt 1024 1456158186 1456158186
ibr-16_ibr-8_1.txt 1024 1456157727 1456157727
ibr-17_ibr-10_1.txt 1024 1456156777 1456156777
ibr-17_ibr-11_1.txt 1024 1456157667 1456157667
ibr-17_ibr-12_1.txt 1024 1456157277 1456157277
ibr-17_ibr-19_1.txt 1024 1456158697 1456158697
ibr-17_ibr-2_1.txt 1024 1456157907 1456157907
ibr-17_ibr-26_1.txt 1024 1456158037 1456158037
ibr-17_ibr-28_1.txt 1024 1456157067 1456157067
ibr-17_ibr-30_1.txt 1024 1456157286 1456157286
ibr-17_ibr-3_1.txt 1024 1456156367 1456156367
ibr-17_ibr-50_1.txt 1024 1456156127 1456156127
ibr-17_ibr-50_2.txt 1024 1456156567 1456156567
ibr-17_ibr-7_1.txt 1024 1456158276 1456158276
ibr-18_ibr-15_1.txt 1024 1456157367 1456157367
ibr-18_ibr-19_1.txt 1024 1456156847 1456156847
ibr-18_ibr-21_1.txt 1024 1456156546 1456156546
ibr-18_ibr-2_1.txt 1024 1456157437 1456157437
ibr-18_ibr-24_1.txt 1024 1456158387 1456158387
ibr-18_ibr-36_1.txt 1024 1456156197 1456156197
ibr-18_ibr-39_1.txt 1024 1456158007 1456158007
ibr-18_ibr-4_1.txt 1024 1456158617 1456158617
ibr-18_ibr-51_1.txt 1024 1456157427 1456157427
ibr-18_ibr-53_1.txt 1024 1456157097 1456157097
ibr-18_ibr-54_1.txt 1024 1456157957 1456157957
ibr-18_ibr-7_1.txt 1024 1456157697 1456157697
ibr-19_ibr-12_1.txt 1024 1456157656 1456157656
ibr-19_ibr-18_1.txt 1024 1456156537 1456156537
ibr-19_ibr-22_1.txt 1024 1456156347 1456156347
ibr-19_ibr-30_1.txt 1024 1456157767 1456157767
ibr-19_ibr-35_1.txt 1024 1456158566 1456158566
ibr-19_ibr-40_1.txt 1024 1456157676 1456157676
ibr-19_ibr-44_1.txt 1024 1456158147 1456158147
ibr-19_ibr-44_2.txt 1024 1456158197 1456158197
ibr-19_ibr-46_1.txt 1024 1456156517 1456156517
ibr-19_ibr-47_1.txt 1024 1456157717 1456157717
ibr-19_ibr-55_1.txt 1024 1456157167 1456157167
ibr-19_ibr-9_1.txt 1024 1456157327 1456157327
ibr-1_ibr-11_1.txt 1024 1456155811 1456155811
ibr-1_ibr-11_2.txt 1024 1456155931 1456155931
ibr-1_ibr-11_3.txt 1024 1456156532 1456156532
ibr-1_ibr-11_4.txt 1024 1456157082 1456157082
ibr-1_ibr-11_5.txt 1024 1456157772 1456157772
ibr-1_ibr-11_6.txt 1024 1456157972 1456157972
ibr-1_ibr-11_7.txt 1024 1456158552 1456158552
ibr-1_ibr-16_1.txt 1024 1456156022 1456156022
ibr-1_ibr-16_2.txt 1024 1456156521 1456156521
ibr-1_ibr-16_3.txt 1024 1456156582 1456156582
ibr-1_ibr-16_4.txt 1024 1456157032 1456157032
ibr-1_ibr-16_5.txt 1024 1456158082 1456158082
ibr-1_ibr-21_1.txt 1024 1456156102 1456156102
ibr-1_ibr-21_2.txt 1024 1456156852 1456156852
ibr-1_ibr-21_3.txt 1024 1456157251 1456157251
ibr-1_ibr-26_1.txt 1024 1456157232 1456157232
ibr-1_ibr-26_2.txt 1024 1456157372 1456157372
ibr-1_ibr-26_3.txt 1024 1456157692 1456157692
ibr-1_ibr-26_4.txt 1024 1456158041 1456158041
ibr-1_ibr-31_1.txt 1024 1456157352 1456157352
ibr-1_ibr-31_2.txt 1024 1456157431 1456157431
ibr-1_ibr-36_1.txt 1024 1456155762 1456155762
ibr-1_ibr-36_2.txt 1024 1456156591 1456156591
ibr-1_ibr-36_3.txt 1024 1456156621 1456156621
ibr-1_ibr-36_4.txt 1024 1456157882 1456157882
ibr-1_ibr-41_1.txt 1024 1456157001 1456157001
ibr-1_ibr-41_2.txt 1024 1456157562 1456157562
ibr-1_ibr-41_3.txt 1024 1456158102 1456158102
ibr-1_ibr-46_1.txt 1024 1456156512 1456156512
ibr-1_ibr-46_2.txt 1024 1456157301 1456157301
ibr-1_ibr-46_3.txt 1024 1456157361 1456157361
ibr-1_ibr-46_4.txt 1024 1456158662 1456158662
ibr-1_ibr-51_1.txt 1024 1456157502 1456157502
ibr-1_ibr-51_2.txt 1024 1456157511 1456157512
ibr-1_ibr-56_1.txt 1024 1456156442 1456156442
ibr-1_ibr-56_2.txt 1024 1456156942 1456156942
ibr-1_ibr-56_3.txt 1024 1456157012 1456157012
ibr-1_ibr-56_4.txt 1024 1456157022 1456157022
ibr-1_ibr-56_5.txt 1024 1456157192 1456157192
ibr-1_ibr-56_6.txt 1024 1456157751 1456157751
ibr-1_ibr-56_7.txt 1024 1456158011 1456158011
ibr-1_ibr-6_1.txt 1024 1456156221 1456156222
ibr-1_ibr-6_2.txt 1024 1456156602 1456156602
ibr-1_ibr-6_3.txt 1024 1456156722 1456156722
ibr-1_ibr-6_4.txt 1024 1456156882 1456156882
ibr-1_ibr-6_5.txt 1024 1456157201 1456157201
ibr-1_ibr-6_6.txt 1024 1456158382 1456158382
ibr-1_ibr-6_7.txt 1024 1456158731 1456158731
ibr-20_ibr-10_1.txt 1024 1456158267 1456158267
ibr-20_ibr-15_1.txt 1024 1456156447 1456156447
ibr-20_ibr-17_1.txt 1024 1456156467 1456156467
ibr-20_ibr-17_2.txt 1024 1456158436 1456158436
ibr-20_ibr-23_1.txt 1024 1456157437 1456157437
ibr-20_ibr-28_1.txt 1024 1456157937 1456157937
ibr-20_ibr-31_1.txt 1024 1456157207 1456157207
ibr-20_ibr-3_1.txt 1024 1456158327 1456158327
ibr-20_ibr-34_1.txt 1024 1456156177 1456156177
ibr-20_ibr-4_1.txt 1024 1456155957 1456155957
ibr-20_ibr-47_1.txt 1024 1456156567 1456156567
ibr-20_ibr-47_2.txt 1024 1456156787 1456156787
ibr-20_ibr-50_1.txt 1024 1456156106 1456156107
ibr-20_ibr-52_1.txt 1024 1456156497 1456156497
ibr-20_ibr-55_1.txt 1024 1456156197 1456156197
ibr-20_ibr-56_1.txt 1024 1456156997 1456156997
ibr-21_ibr-11_1.txt 1024 1456156262 1456156262
ibr-21_ibr-11_2.txt 1024 1456156742 1456156742
ibr-21_ibr-11_3.txt 1024 1456157832 1456157832
ibr-21_ibr-11_4.txt 1024 1456158051 1456158051
ibr-21_ibr-1_1.txt 1024 1456156042 1456156042
ibr-21_ibr-1_2.txt 1024 1456157312 1456157312
ibr-21_ibr-1_3.txt 1024 1456157662 1456157662
ibr-21_ibr-14_1.txt 1024 1456157597 1456157597
ibr-21_ibr-1_4.txt 1024 1456157892 1456157892
ibr-21_ibr-1_5.txt 1024 1456158002 1456158002
ibr-21_ibr-16_1.txt 1024 1456156472 1456156472
ibr-21_ibr-16_2.txt 1024 1456156612 1456156612
ibr-21_ibr-16_3.txt 1024 1456156972 1456156972
ibr-21_ibr-16_4.txt 1024 1456157072 1456157072
ibr-21_ibr-16_5.txt 1024 1456157242 1456157242
ibr-21_ibr-16_6.txt 1024 1456157322 1456157322
ibr-21_ibr-16_7.txt 1024 1456157552 1456157552
ibr-21_ibr-16_8.txt 1024 1456158166 1456158166
ibr-21_ibr-16_9.txt 1024 1456158271 1456158271
ibr-21_ibr-1_6.txt 1024 1456158172 1456158172
ibr-21_ibr-18_1.txt 1024 1456157577 1456157577
ibr-21_ibr-26_1.txt 1024 1456156291 1456156291
ibr-21_ibr-26_2.txt 1024 1456157802 1456157802
ibr-21_ibr-26_3.txt 1024 1456157871 1456157871
ibr-21_ibr-26_4.txt 1024 1456158032 1456158032
ibr-21_ibr-31_1.txt 1024 1456155902 1456155902
ibr-21_ibr-31_2.txt 1024 1456156156 1456156156
ibr-21_ibr-31_3.txt 1024 1456156412 1456156412
ibr-21_ibr-31_4.txt 1024 1456156501 1456156501
ibr-21_ibr-31_5.txt 1024 1456157901 1456157901
ibr-21_ibr-31_6.txt 1024 1456158122 1456158122
ibr-21_ibr-31_7.txt 1024 1456158511 1456158511
ibr-21_ibr-34_1.txt 1024 1456157477 1456157477
ibr-21_ibr-36_1.txt 1024 1456156321 1456156321
ibr-21_ibr-36_2.txt 1024 1456156442 1456156442
ibr-21_ibr-36_3.txt 1024 1456157012 1456157012
ibr-21_ibr-36_4.txt 1024 1456157222 1456157222
ibr-21_ibr-36_5.txt 1024 1456157252 1456157252
ibr-21_ibr-36_6.txt 1024 1456157542 1456157542
ibr-21_ibr-36_7.txt 1024 1456157947 1456157947
ibr-21_ibr-39_1.txt 1024 1456157557 1456157557
ibr-21_ibr-41_1.txt 1024 1456156211 1456156211
ibr-21_ibr-41_2.txt 1024 1456156421 1456156421
ibr-21_ibr-41_3.txt 1024 1456156732 1456156732
ibr-21_ibr-41_4.txt 1024 1456158442 1456158442
ibr-21_ibr-41_5.txt 1024 1456158481 1456158481
ibr-21_ibr-46_1.txt 1024 1456155962 1456155962
ibr-21_ibr-46_2.txt 1024 1456156241 1456156241
ibr-21_ibr-46_3.txt 1024 1456156352 1456156352
ibr-21_ibr-46_4.txt 1024 1456158062 1456158062
ibr-21_ibr-46_5.txt 1024 1456158222 1456158222
ibr-21_ibr-46_6.txt 1024 1456158232 1456158232
ibr-21_ibr-46_7.txt 1024 1456158477 1456158477
ibr-21_ibr-47_1.txt 1024 1456155827 1456155827
ibr-21_ibr-51_1.txt 1024 1456156302 1456156302
ibr-21_ibr-51_2.txt 1024 1456156932 1456156932
ibr-21_ibr-51_3.txt 1024 1456156952 1456156952
ibr-21_ibr-5_1.txt 1024 1456157127 1456157127
ibr-21_ibr-55_1.txt 1024 1456156487 1456156487
ibr-21_ibr-56_1.txt 1024 1456155772 1456155772
ibr-21_ibr-56_2.txt 1024 1456155992 1456155992
ibr-21_ibr-56_3.txt 1024 1456157061 1456157061
ibr-21_ibr-56_4.txt 1024 1456157602 1456157602
ibr-21_ibr-56_5.txt 1024 1456158021 1456158021
ibr-21_ibr-56_6.txt 1024 1456158601 1456158601
ibr-21_ibr-6_1.txt 1024 1456155822 1456155822
ibr-21_ibr-6_2.txt 1024 1456155842 1456155842
ibr-21_ibr-6_3.txt 1024 1456156811 1456156811
ibr-21_ibr-6_4.txt 1024 1456157172 1456157172
ibr-21_ibr-6_5.txt 1024 1456158401 1456158401
ibr-21_ibr-8_1.txt 1024 1456155787 1456155787
ibr-22_ibr-15_1.txt 1024 1456157796 1456157796
ibr-22_ibr-19_1.txt 1024 1456158497 1456158497
ibr-22_ibr-2_1.txt 1024 1456157246 1456157246
ibr-22_ibr-24_1.txt 1024 1456157737 1456157737
ibr-22_ibr-25_1.txt 1024 1456158606 1456158606
ibr-22_ibr-35_1.txt 1024 1456157926 1456157926
ibr-22_ibr-40_1.txt 1024 1456156106 1456156106
ibr-22_ibr-40_2.txt 1024 1456158147 1456158147
ibr-22_ibr-4_1.txt 1024 1456158456 1456158456
ibr-22_ibr-47_1.txt 1024 1456158387 1456158387
ibr-22_ibr-49_1.txt 1024 1456158087 1456158087
ibr-22_ibr-52_1.txt 1024 1456158597 1456158597
ibr-22_ibr-9_1.txt 1024 1456155796 1456155796
ibr-23_ibr-16_1.txt 1024 1456155806 1456155806
ibr-23_ibr-19_1.txt 1024 1456156877 1456156877
ibr-23_ibr-21_1.txt 1024 1456157877 1456157877
ibr-23_ibr-25_1.txt 1024 1456156997 1456156997
ibr-23_ibr-30_1.txt 1024 1456158107 1456158107
ibr-23_ibr-31_1.txt 1024 1456156866 1456156866
ibr-23_ibr-31_2.txt 1024 1456158747 1456158747
ibr-23_ibr-34_1.txt 1024 1456155917 1456155917
ibr-23_ibr-44_1.txt 1024 1456157257 1456157257
ibr-23_ibr-47_1.txt 1024 1456156857 1456156857
ibr-23_ibr-49_1.txt 1024 1456158297 1456158297
ibr-23_ibr-51_1.txt 1024 1456157507 1456157507
ibr-23_ibr-52_1.txt 1024 1456156157 1456156157
ibr-24_ibr-16_1.txt 1024 1456157466 1456157466
ibr-24_ibr-22_1.txt 1024 1456156537 1456156537
ibr-24_ibr-26_1.txt 1024 1456155927 1456155927
ibr-24_ibr-32_1.txt 1024 1456157527 1456157527
ibr-24_ibr-36_1.txt 1024 1456156036 1456156036
ibr-24_ibr-38_1.txt 1024 1456157457 1456157457
ibr-24_ibr-41_1.txt 1024 1456156787 1456156787
ibr-24_ibr-41_2.txt 1024 1456157007 1456157007
ibr-24_ibr-4_1.txt 1024 1456156187 1456156187
ibr-24_ibr-9_1.txt 1024 1456156727 1456156727
ibr-25_ibr-13_1.txt 1024 1456158637 1456158637
ibr-25_ibr-23_1.txt 1024 1456157887 1456157887
ibr-25_ibr-24_1.txt 1024 1456157306 1456157306
ibr-25_ibr-29_1.txt 1024 1456155927 1456155927
ibr-25_ibr-29_2.txt 1024 1456156127 1456156127
ibr-25_ibr-40_1.txt 1024 1456157797 1456157797
ibr-25_ibr-42_1.txt 1024 1456157477 1456157477
ibr-25_ibr-53_1.txt 1024 1456156077 1456156077
ibr-25_ibr-53_2.txt 1024 1456157106 1456157106
ibr-25_ibr-53_3.txt 1024 1456157507 1456157507
ibr-25_ibr-54_1.txt 1024 1456157117 1456157117
ibr-25_ibr-55_1.txt 1024 1456156726 1456156726
ibr-25_ibr-55_2.txt 1024 1456157397 1456157397
ibr-25_ibr-56_1.txt 1024 1456155976 1456155976
ibr-25_ibr-56_2.txt 1024 1456155997 1456155997
ibr-25_ibr-6_1.txt 1024 1456157027 1456157027
ibr-25_ibr-7_1.txt 1024 1456157177 1456157177
ibr-26_ibr-11_1.txt 1024 1456155931 1456155931
ibr-26_ibr-11_2.txt 1024 1456156822 1456156822
ibr-26_ibr-11_3.txt 1024 1456157722 1456157722
ibr-26_ibr-11_4.txt 1024 1456157782 1456157782
ibr-26_ibr-11_5.txt 1024 1456157852 1456157852
ibr-26_ibr-1_1.txt 1024 1456158572 1456158572
ibr-26_ibr-16_1.txt 1024 1456156452 1456156452
ibr-26_ibr-16_2.txt 1024 1456156792 1456156792
ibr-26_ibr-16_3.txt 1024 1456156802 1456156802
ibr-26_ibr-16_4.txt 1024 1456156941 1456156941
ibr-26_ibr-16_5.txt 1024 1456157581 1456157581
ibr-26_ibr-16_6.txt 1024 1456158081 1456158081
ibr-26_ibr-16_7.txt 1024 1456158262 1456158262
ibr-26_ibr-16_8.txt 1024 1456158471 1456158471
ibr-26_ibr-17_1.txt 1024 1456156806 1456156806
ibr-26_ibr-19_1.txt 1024 1456157077 1456157077
ibr-26_ibr-20_1.txt 1024 1456156946 1456156946
ibr-26_ibr-21_1.txt 1024 1456156101 1456156101
ibr-26_ibr-21_2.txt 1024 1456156432 1456156432
ibr-26_ibr-21_3.txt 1024 1456156652 1456156652
ibr-26_ibr-21_4.txt 1024 1456156812 1456156812
ibr-26_ibr-21_5.txt 1024 1456157291 1456157291
ibr-26_ibr-21_6.txt 1024 1456158122 1456158122
ibr-26_ibr-21_7.txt 1024 1456158582 1456158582
ibr-26_ibr-23_1.txt 1024 1456158737 1456158737
ibr-26_ibr-31_1.txt 1024 1456156081 1456156082
ibr-26_ibr-31_2.txt 1024 1456156502 1456156502
ibr-26_ibr-31_3.txt 1024 1456156647 1456156647
ibr-26_ibr-31_4.txt 1024 1456156672 1456156672
ibr-26_ibr-31_5.txt 1024 1456157112 1456157112
ibr-26_ibr-31_6.txt 1024 1456158542 1456158542
ibr-26_ibr-35_1.txt 1024 1456155857 1456155857
ibr-26_ibr-36_1.txt 1024 1456156342 1456156342
ibr-26_ibr-36_2.txt 1024 1456157832 1456157832
ibr-26_ibr-36_3.txt 1024 1456158241 1456158241
ibr-26_ibr-36_4.txt 1024 1456158381 1456158381
ibr-26_ibr-37_1.txt 1024 1456156297 1456156297
ibr-26_ibr-41_1.txt 1024 1456155882 1456155882
ibr-26_ibr-41_2.txt 1024 1456155892 1456155892
ibr-26_ibr-41_3.txt 1024 1456156131 1456156132
ibr-26_ibr-41_4.txt 1024 1456156322 1456156322
ibr-26_ibr-41_5.txt 1024 1456157131 1456157131
ibr-26_ibr-41_6.txt 1024 1456157932 1456157932
ibr-26_ibr-41_7.txt 1024 1456157967 1456157967
ibr-26_ibr-41_8.txt 1024 1456158001 1456158001
ibr-26_ibr-42_1.txt 1024 1456156907 1456156907
ibr-26_ibr-46_1.txt 1024 1456156002 1456156002
ibr-26_ibr-46_2.txt 1024 1456156351 1456156351
ibr-26_ibr-46_3.txt 1024 1456157092 1456157092
ibr-26_ibr-46_4.txt 1024 1456157941 1456157941
ibr-26_ibr-47_1.txt 1024 1456157467 1456157467
ibr-26_ibr-48_1.txt 1024 1456156326 1456156326
ibr-26_ibr-51_1.txt 1024 1456156551 1456156551
ibr-26_ibr-51_2.txt 1024 1456157221 1456157221
ibr-26_ibr-51_3.txt 1024 1456157631 1456157631
ibr-26_ibr-51_4.txt 1024 1456158211 1456158211
ibr-26_ibr-51_5.txt 1024 1456158302 1456158302
ibr-26_ibr-51_6.txt 1024 1456158442 1456158442
ibr-26_ibr-52_1.txt 1024 1456156367 1456156367
ibr-26_ibr-52_2.txt 1024 1456157237 1456157237
ibr-26_ibr-53_1.txt 1024 1456158047 1456158047
ibr-26_ibr-56_1.txt 1024 1456156122 1456156122
ibr-26_ibr-56_2.txt 1024 1456157672 1456157672
ibr-26_ibr-56_3.txt 1024 1456158111 1456158111
ibr-26_ibr-6_1.txt 1024 1456157121 1456157121
ibr-26_ibr-6_2.txt 1024 1456157531 1456157531
ibr-26_ibr-6_3.txt 1024 1456158102 1456158102
ibr-26_ibr-6_4.txt 1024 1456158531 1456158531
ibr-26_ibr-6_5.txt 1024 1456158702 1456158702
ibr-26_ibr-6_6.txt 1024 1456158751 1456158751
ibr-26_ibr-8_1.txt 1024 1456155837 1456155837
ibr-27_ibr-16_1.txt 1024 1456156916 1456156916
ibr-27_ibr-33_1.txt 1024 1456156457 1456156457
ibr-27_ibr-33_2.txt 1024 1456157666 1456157666
ibr-27_ibr-37_1.txt 1024 1456158087 1456158087
ibr-27_ibr-47_1.txt 1024 1456156936 1456156937
ibr-27_ibr-51_1.txt 1024 1456158467 1456158467
ibr-28_ibr-10_1.txt 1024 1456158727 1456158727
ibr-28_ibr-17_1.txt 1024 1456156837 1456156837
ibr-28_ibr-18_1.txt 1024 1456158237 1456158237
ibr-28_ibr-27_1.txt 1024 1456158557 1456158557
ibr-28_ibr-3_1.txt 1024 1456157167 1456157167
ibr-28_ibr-34_1.txt 1024 1456158747 1456158747
ibr-28_ibr-4_1.txt 1024 1456157717 1456157717
ibr-28_ibr-42_1.txt 1024 1456156307 1456156307
ibr-28_ibr-42_2.txt 1024 1456157587 1456157587
ibr-28_ibr-48_1.txt 1024 1456158517 1456158517
ibr-28_ibr-51_1.txt 1024 1456157236 1456157236
ibr-28_ibr-56_1.txt 1024 1456158347 1456158347
ibr-28_ibr-9_1.txt 1024 1456158647 1456158647
ibr-29_ibr-20_1.txt 1024 1456158566 1456158566
ibr-29_ibr-2_1.txt 1024 1456156447 1456156447
ibr-29_ibr-39_1.txt 1024 1456157657 1456157657
ibr-29_ibr-47_1.txt 1024 1456157617 1456157617
ibr-29_ibr-5_1.txt 1024 1456156357 1456156357
ibr-29_ibr-52_1.txt 1024 1456156646 1456156646
ibr-29_ibr-52_2.txt 1024 1456157086 1456157086
ibr-2_ibr-14_1.txt 1024 1456156656 1456156656
ibr-2_ibr-29_1.txt 1024 1456156297 1456156297
ibr-2_ibr-30_1.txt 1024 1456156386 1456156386
ibr-2_ibr-42_1.txt 1024 1456156707 1456156707
ibr-2_ibr-48_1.txt 1024 1456156797 1456156797
ibr-2_ibr-48_2.txt 1024 1456157017 1456157017
ibr-2_ibr-50_1.txt 1024 1456156277 1456156277
ibr-2_ibr-53_1.txt 1024 1456156377 1456156377
ibr-2_ibr-54_1.txt 1024 1456156617 1456156617
ibr-2_ibr-7_1.txt 1024 1456157516 1456157516
ibr-2_ibr-7_2.txt 1024 1456158336 1456158336
ibr-30_ibr-17_1.txt 1024 1456156437 1456156437
ibr-30_ibr-18_1.txt 1024 1456155867 1456155867
ibr-30_ibr-24_1.txt 1024 1456158637 1456158637
ibr-30_ibr-36_1.txt 1024 1456157297 1456157297
ibr-30_ibr-40_1.txt 1024 1456156396 1456156396
ibr-30_ibr-41_1.txt 1024 1456157577 1456157577
ibr-30_ibr-44_1.txt 1024 1456156987 1456156987
ibr-30_ibr-45_1.txt 1024 1456157386 1456157386
ibr-30_ibr-50_1.txt 1024 1456157347 1456157347
ibr-30_ibr-50_2.txt 1024 1456158696 1456158696
ibr-31_ibr-11_1.txt 1024 1456156572 1456156572
ibr-31_ibr-11_2.txt 1024 1456157391 1456157391
ibr-31_ibr-11_3.txt 1024 1456158352 1456158352
ibr-31_ibr-11_4.txt 1024 1456158722 1456158722
ibr-31_ibr-1_1.txt 1024 1456155831 1456155831
ibr-31_ibr-1_2.txt 1024 1456156782 1456156782
ibr-31_ibr-1_3.txt 1024 1456157242 1456157242
ibr-31_ibr-1_4.txt 1024 1456157841 1456157841
ibr-31_ibr-1_5.txt 1024 1456158072 1456158072
ibr-31_ibr-16_1.txt 1024 1456156972 1456156972
ibr-31_ibr-16_2.txt 1024 1456157271 1456157271
ibr-31_ibr-16_3.txt 1024 1456158522 1456158522
ibr-31_ibr-20_1.txt 1024 1456155966 1456155966
ibr-31_ibr-20_2.txt 1024 1456157256 1456157256
ibr-31_ibr-21_1.txt 1024 1456156452 1456156452
ibr-31_ibr-21_2.txt 1024 1456157402 1456157402
ibr-31_ibr-21_3.txt 1024 1456157451 1456157451
ibr-31_ibr-21_4.txt 1024 1456158702 1456158702
ibr-31_ibr-26_1.txt 1024 1456156131 1456156131
ibr-31_ibr-26_2.txt 1024 1456156282 1456156282
ibr-31_ibr-26_3.txt 1024 1456156576 1456156576
ibr-31_ibr-26_4.txt 1024 1456156692 1456156692
ibr-31_ibr-26_5.txt 1024 1456156862 1456156862
ibr-31_ibr-26_6.txt 1024 1456157822 1456157822
ibr-31_ibr-26_7.txt 1024 1456157911 1456157911
ibr-31_ibr-26_8.txt 1024 1456158472 1456158472
ibr-31_ibr-26_9.txt 1024 1456158632 1456158632
ibr-31_ibr-33_1.txt 1024 1456155916 1456155916
ibr-31_ibr-34_1.txt 1024 1456156227 1456156227
ibr-31_ibr-35_1.txt 1024 1456158177 1456158177
ibr-31_ibr-36_1.txt 1024 1456156112 1456156112
ibr-31_ibr-36_2.txt 1024 1456156241 1456156241
ibr-31_ibr-36_3.txt 1024 1456156481 1456156481
ibr-31_ibr-36_4.txt 1024 1456157742 1456157742
ibr-31_ibr-36_5.txt 1024 1456158282 1456158282
ibr-31_ibr-36_6.txt 1024 1456158711 1456158711
ibr-31_ibr-38_1.txt 1024 1456158157 1456158157
ibr-31_ibr-41_10.txt 1024 1456158692 1456158692
ibr-31_ibr-41_1.txt 1024 1456155807 1456155807
ibr-31_ibr-41_2.txt 1024 1456155852 1456155852
ibr-31_ibr-41_3.txt 1024 1456156402 1456156402
ibr-31_ibr-41_4.txt 1024 1456156681 1456156681
ibr-31_ibr-41_5.txt 1024 1456156921 1456156922
ibr-31_ibr-41_6.txt 1024 1456157482 1456157482
ibr-31_ibr-41_7.txt 1024 1456158012 1456158012
ibr-31_ibr-41_8.txt 1024 1456158222 1456158222
ibr-31_ibr-41_9.txt 1024 1456158361 1456158361
ibr-31_ibr-46_1.txt 1024 1456156092 1456156092
ibr-31_ibr-46_2.txt 1024 1456156252 1456156252
ibr-31_ibr-46_3.txt 1024 1456156712 1456156712
ibr-31_ibr-46_4.txt 1024 1456156762 1456156762
ibr-31_ibr-46_5.txt 1024 1456156821 1456156821
ibr-31_ibr-46_6.txt 1024 1456156901 1456156901
ibr-31_ibr-46_7.txt 1024 1456157332 1456157332
ibr-31_ibr-46_8.txt 1024 1456157702 1456157702
ibr-31_ibr-46_9.txt 1024 1456157971 1456157971
ibr-31_ibr-51_1.txt 1024 1456157891 1456157891
ibr-31_ibr-54_1.txt 1024 1456156587 1456156587
ibr-31_ibr-56_1.txt 1024 1456156212 1456156212
ibr-31_ibr-56_2.txt 1024 1456156672 1456156672
ibr-31_ibr-56_3.txt 1024 1456156966 1456156966
ibr-31_ibr-56_4.txt 1024 1456157592 1456157592
ibr-31_ibr-6_1.txt 1024 1456155971 1456155971
ibr-31_ibr-6_2.txt 1024 1456156031 1456156031
ibr-31_ibr-6_3.txt 1024 1456156742 1456156742
ibr-31_ibr-6_4.txt 1024 1456156912 1456156912
ibr-31_ibr-6_5.txt 1024 1456157492 1456157492
ibr-31_ibr-6_6.txt 1024 1456158621 1456158621
ibr-32_ibr-12_1.txt 1024 1456157926 1456157926
ibr-32_ibr-16_1.txt 1024 1456157177 1456157177
ibr-32_ibr-19_1.txt 1024 1456157297 1456157297
ibr-32_ibr-21_1.txt 1024 1456156287 1456156287
ibr-32_ibr-40_1.txt 1024 1456155777 1456155777
ibr-32_ibr-50_1.txt 1024 1456157377 1456157377
ibr-32_ibr-54_1.txt 1024 1456157116 1456157116
ibr-33_ibr-13_1.txt 1024 1456158517 1456158517
ibr-33_ibr-14_1.txt 1024 1456157486 1456157486
ibr-33_ibr-19_1.txt 1024 1456157097 1456157097
ibr-33_ibr-20_1.txt 1024 1456156336 1456156336
ibr-33_ibr-22_1.txt 1024 1456156086 1456156086
ibr-33_ibr-31_1.txt 1024 1456157156 1456157156
ibr-33_ibr-34_1.txt 1024 1456158436 1456158436
ibr-33_ibr-39_1.txt 1024 1456157977 1456157977
ibr-33_ibr-4_1.txt 1024 1456157556 1456157556
ibr-33_ibr-43_1.txt 1024 1456155936 1456155936
ibr-33_ibr-46_1.txt 1024 1456157897 1456157897
ibr-33_ibr-47_1.txt 1024 1456158627 1456158627
ibr-33_ibr-48_1.txt 1024 1456157847 1456157847
ibr-33_ibr-49_1.txt 1024 1456158167 1456158167
ibr-33_ibr-53_1.txt 1024 1456156147 1456156147
ibr-33_ibr-56_1.txt 1024 1456155846 1456155846
ibr-34_ibr-18_1.txt 1024 1456158726 1456158726
ibr-34_ibr-20_1.txt 1024 1456156086 1456156086
ibr-34_ibr-20_2.txt 1024 1456158286 1456158286
ibr-34_ibr-22_1.txt 1024 1456157137 1456157137
ibr-34_ibr-23_1.txt 1024 1456156957 1456156957
ibr-34_ibr-25_1.txt 1024 1456157807 1456157807
ibr-34_ibr-26_1.txt 1024 1456155967 1456155967
ibr-34_ibr-38_1.txt 1024 1456157676 1456157676
ibr-34_ibr-39_1.txt 1024 1456157356 1456157356
ibr-34_ibr-4_1.txt 1024 1456157957 1456157957
ibr-34_ibr-48_1.txt 1024 1456157037 1456157037
ibr-34_ibr-50_1.txt 1024 1456157447 1456157447
ibr-34_ibr-9_1.txt 1024 1456157487 1456157487
ibr-35_ibr-10_1.txt 1024 1456156017 1456156017
ibr-35_ibr-17_1.txt 1024 1456158616 1456158616
ibr-35_ibr-23_1.txt 1024 1456155937 1456155937
ibr-35_ibr-29_1.txt 1024 1456157317 1456157317
ibr-35_ibr-33_1.txt 1024 1456155767 1456155767
ibr-35_ibr-8_1.txt 1024 1456157857 1456157857
ibr-36_ibr-10_1.txt 1024 1456156137 1456156137
ibr-36_ibr-11_1.txt 1024 1456156582 1456156582
ibr-36_ibr-11_2.txt 1024 1456157192 1456157192
ibr-36_ibr-11_3.txt 1024 1456157382 1456157382
ibr-36_ibr-11_4.txt 1024 1456157627 1456157627
ibr-36_ibr-11_5.txt 1024 1456158131 1456158131
ibr-36_ibr-1_1.txt 1024 1456156562 1456156562
ibr-36_ibr-1_2.txt 1024 1456157441 1456157441
ibr-36_ibr-1_3.txt 1024 1456157961 1456157961
ibr-36_ibr-1_4.txt 1024 1456158651 1456158651
ibr-36_ibr-16_1.txt 1024 1456156482 1456156482
ibr-36_ibr-16_2.txt 1024 1456156622 1456156622
ibr-36_ibr-16_3.txt 1024 1456157082 1456157082
ibr-36_ibr-16_4.txt 1024 1456158161 1456158161
ibr-36_ibr-16_5.txt 1024 1456158182 1456158182
ibr-36_ibr-16_6.txt 1024 1456158357 1456158357
ibr-36_ibr-16_7.txt 1024 1456158522 1456158522
ibr-36_ibr-21_1.txt 1024 1456156747 1456156747
ibr-36_ibr-21_2.txt 1024 1456158402 1456158402
ibr-36_ibr-21_3.txt 1024 1456158542 1456158542
ibr-36_ibr-25_1.txt 1024 1456158366 1456158366
ibr-36_ibr-26_1.txt 1024 1456155862 1456155862
ibr-36_ibr-26_2.txt 1024 1456156231 1456156231
ibr-36_ibr-26_3.txt 1024 1456156282 1456156282
ibr-36_ibr-26_4.txt 1024 1456158311 1456158311
ibr-36_ibr-31_1.txt 1024 1456156571 1456156571
ibr-36_ibr-31_2.txt 1024 1456156872 1456156872
ibr-36_ibr-31_3.txt 1024 1456157181 1456157182
ibr-36_ibr-31_4.txt 1024 1456157562 1456157562
ibr-36_ibr-31_5.txt 1024 1456157821 1456157821
ibr-36_ibr-31_6.txt 1024 1456158672 1456158672
ibr-36_ibr-41_1.txt 1024 1456155922 1456155922
ibr-36_ibr-41_2.txt 1024 1456156542 1456156542
ibr-36_ibr-41_3.txt 1024 1456156651 1456156651
ibr-36_ibr-41_4.txt 1024 1456158042 1456158042
ibr-36_ibr-42_1.txt 1024 1456156117 1456156117
ibr-36_ibr-46_1.txt 1024 1456156142 1456156142
ibr-36_ibr-46_2.txt 1024 1456157412 1456157412
ibr-36_ibr-46_3.txt 1024 1456158067 1456158067
ibr-36_ibr-46_4.txt 1024 1456158152 1456158152
ibr-36_ibr-46_5.txt 1024 1456158242 1456158242
ibr-36_ibr-46_6.txt 1024 1456158251 1456158251
ibr-36_ibr-50_1.txt 1024 1456158377 1456158377
ibr-36_ibr-51_1.txt 1024 1456156631 1456156631
ibr-36_ibr-51_2.txt 1024 1456156842 1456156842
ibr-36_ibr-51_3.txt 1024 1456156992 1456156992
ibr-36_ibr-51_4.txt 1024 1456157602 1456157602
ibr-36_ibr-51_5.txt 1024 1456157851 1456157851
ibr-36_ibr-51_6.txt 1024 1456158292 1456158292
ibr-36_ibr-51_7.txt 1024 1456158322 1456158322
ibr-36_ibr-51_8.txt 1024 1456158681 1456158681
ibr-36_ibr-53_1.txt 1024 1456156037 1456156037
ibr-36_ibr-56_1.txt 1024 1456156012 1456156012
ibr-36_ibr-56_2.txt 1024 1456156121 1456156121
ibr-36_ibr-56_3.txt 1024 1456156202 1456156202
ibr-36_ibr-56_4.txt 1024 1456156302 1456156302
ibr-36_ibr-56_5.txt 1024 1456156361 1456156361
ibr-36_ibr-56_6.txt 1024 1456156701 1456156701
ibr-36_ibr-56_7.txt 1024 1456157052 1456157052
ibr-36_ibr-56_8.txt 1024 1456157152 1456157152
ibr-36_ibr-56_9.txt 1024 1456158422 1456158422
ibr-36_ibr-6_1.txt 1024 1456155782 1456155782
ibr-36_ibr-6_2.txt 1024 1456157761 1456157761
ibr-36_ibr-6_3.txt 1024 1456158452 1456158452
ibr-37_ibr-11_1.txt 1024 1456157067 1456157067
ibr-37_ibr-19_1.txt 1024 1456156406 1456156406
ibr-37_ibr-23_1.txt 1024 1456157346 1456157346
ibr-37_ibr-41_1.txt 1024 1456157547 1456157547
ibr-37_ibr-4_1.txt 1024 1456157217 1456157217
ibr-37_ibr-42_1.txt 1024 1456156736 1456156736
ibr-37_ibr-7_1.txt 1024 1456157317 1456157317
ibr-38_ibr-12_1.txt 1024 1456157747 1456157747
ibr-38_ibr-20_1.txt 1024 1456156917 1456156917
ibr-38_ibr-32_1.txt 1024 1456156607 1456156607
ibr-38_ibr-39_1.txt 1024 1456155897 1456155897
ibr-38_ibr-42_1.txt 1024 1456157337 1456157337
ibr-38_ibr-45_1.txt 1024 1456156506 1456156506
ibr-38_ibr-45_2.txt 1024 1456157987 1456157987
ibr-38_ibr-46_1.txt 1024 1456156456 1456156456
ibr-38_ibr-47_1.txt 1024 1456157547 1456157547
ibr-38_ibr-48_1.txt 1024 1456156637 1456156637
ibr-38_ibr-51_1.txt 1024 1456158307 1456158307
ibr-38_ibr-55_1.txt 1024 1456158217 1456158217
ibr-39_ibr-13_1.txt 1024 1456158317 1456158317
ibr-39_ibr-15_1.txt 1024 1456156477 1456156477
ibr-39_ibr-23_1.txt 1024 1456157026 1456157026
ibr-39_ibr-29_1.txt 1024 1456158527 1456158527
ibr-39_ibr-41_1.txt 1024 1456156827 1456156827
ibr-39_ibr-50_1.txt 1024 1456158197 1456158197
ibr-39_ibr-52_1.txt 1024 1456156606 1456156606
ibr-39_ibr-54_1.txt 1024 1456157006 1456157006
ibr-39_ibr-6_1.txt 1024 1456157866 1456157866
ibr-39_ibr-6_2.txt 1024 1456157946 1456157946
ibr-3_ibr-10_1.txt 1024 1456158097 1456158097
ibr-3_ibr-12_1.txt 1024 1456155977 1456155977
ibr-3_ibr-18_1.txt 1024 1456158457 1456158457
ibr-3_ibr-39_1.txt 1024 1456157776 1456157776
ibr-3_ibr-4_1.txt 1024 1456156466 1456156466
ibr-3_ibr-45_1.txt 1024 1456158486 1456158486
ibr-3_ibr-49_1.txt 1024 1456157966 1456157966
ibr-3_ibr-5_1.txt 1024 1456156977 1456156977
ibr-40_ibr-14_1.txt 1024 1456155987 1456155987
ibr-40_ibr-26_1.txt 1024 1456155857 1456155857
ibr-40_ibr-27_1.txt 1024 1456157047 1456157047
ibr-40_ibr-31_1.txt 1024 1456157707 1456157707
ibr-40_ibr-3_1.txt 1024 1456156397 1456156397
ibr-40_ibr-32_1.txt 1024 1456158307 1456158307
ibr-40_ibr-34_1.txt 1024 1456157807 1456157807
ibr-40_ibr-35_1.txt 1024 1456156167 1456156167
ibr-40_ibr-37_1.txt 1024 1456157816 1456157816
ibr-40_ibr-38_1.txt 1024 1456157636 1456157636
ibr-40_ibr-39_1.txt 1024 1456157777 1456157777
ibr-40_ibr-4_1.txt 1024 1456157226 1456157226
ibr-40_ibr-42_1.txt 1024 1456158216 1456158216
ibr-40_ibr-48_1.txt 1024 1456156267 1456156267
ibr-41_ibr-10_1.txt 1024 1456156006 1456156006
ibr-41_ibr-10_2.txt 1024 1456158447 1456158447
ibr-41_ibr-11_1.txt 1024 1456156052 1456156052
ibr-41_ibr-11_2.txt 1024 1456157182 1456157182
ibr-41_ibr-11_3.txt 1024 1456158392 1456158392
ibr-41_ibr-11_4.txt 1024 1456158502 1456158502
ibr-41_ibr-1_1.txt 1024 1456156592 1456156592
ibr-41_ibr-1_2.txt 1024 1456156882 1456156882
ibr-41_ibr-1_3.txt 1024 1456158332 1456158332
ibr-41_ibr-1_4.txt 1024 1456158431 1456158431
ibr-41_ibr-16_1.txt 1024 1456157411 1456157411
ibr-41_ibr-16_2.txt 1024 1456157482 1456157482
ibr-41_ibr-16_3.txt 1024 1456157541 1456157541
ibr-41_ibr-16_4.txt 1024 1456158602 1456158602
ibr-41_ibr-16_5.txt 1024 1456158741 1456158741
ibr-41_ibr-19_1.txt 1024 1456156517 1456156517
ibr-41_ibr-21_1.txt 1024 1456155871 1456155871
ibr-41_ibr-21_2.txt 1024 1456156111 1456156111
ibr-41_ibr-21_3.txt 1024 1456156161 1456156161
ibr-41_ibr-21_4.txt 1024 1456157212 1456157212
ibr-41_ibr-21_5.txt 1024 1456157521 1456157521
ibr-41_ibr-21_6.txt 1024 1456157621 1456157621
ibr-41_ibr-21_7.txt 1024 1456158091 1456158091
ibr-41_ibr-21_8.txt 1024 1456158251 1456158251
ibr-41_ibr-25_1.txt 1024 1456158677 1456158677
ibr-41_ibr-30_1.txt 1024 1456158017 1456158017
ibr-41_ibr-31_1.txt 1024 1456156982 1456156982
ibr-41_ibr-31_2.txt 1024 1456157111 1456157111
ibr-41_ibr-31_3.txt 1024 1456157141 1456157142
ibr-41_ibr-36_1.txt 1024 1456156702 1456156702
ibr-41_ibr-36_2.txt 1024 1456156902 1456156902
ibr-41_ibr-36_3.txt 1024 1456158362 1456158362
ibr-41_ibr-37_1.txt 1024 1456157287 1456157287
ibr-41_ibr-43_1.txt 1024 1456156657 1456156657
ibr-41_ibr-46_1.txt 1024 1456155812 1456155812
ibr-41_ibr-46_2.txt 1024 1456155892 1456155892
ibr-41_ibr-46_3.txt 1024 1456156752 1456156752
ibr-41_ibr-46_4.txt 1024 1456156911 1456156911
ibr-41_ibr-46_5.txt 1024 1456157452 1456157452
ibr-41_ibr-46_6.txt 1024 1456157992 1456157992
ibr-41_ibr-51_1.txt 1024 1456156612 1456156612
ibr-41_ibr-51_2.txt 1024 1456157472 1456157472
ibr-41_ibr-51_3.txt 1024 1456157772 1456157772
ibr-41_ibr-51_4.txt 1024 1456157792 1456157792
ibr-41_ibr-51_5.txt 1024 1456158732 1456158732
ibr-41_ibr-56_1.txt 1024 1456155942 1456155942
ibr-41_ibr-56_2.txt 1024 1456156032 1456156032
ibr-41_ibr-56_3.txt 1024 1456156642 1456156642
ibr-41_ibr-56_4.txt 1024 1456157682 1456157682
ibr-41_ibr-56_5.txt 1024 1456157751 1456157751
ibr-41_ibr-56_6.txt 1024 1456157981 1456157981
ibr-41_ibr-56_7.txt 1024 1456158406 1456158406
ibr-41_ibr-56_8.txt 1024 1456158461 1456158461
ibr-41_ibr-6_1.txt 1024 1456156661 1456156661
ibr-41_ibr-6_2.txt 1024 1456156771 1456156771
ibr-41_ibr-6_3.txt 1024 1456158112 1456158112
ibr-41_ibr-6_4.txt 1024 1456158592 1456158592
ibr-42_ibr-14_1.txt 1024 1456156117 1456156117
ibr-42_ibr-24_1.txt 1024 1456156946 1456156947
ibr-42_ibr-25_1.txt 1024 1456157137 1456157137
ibr-42_ibr-26_1.txt 1024 1456158556 1456158556
ibr-42_ibr-29_1.txt 1024 1456157756 1456157756
ibr-42_ibr-33_1.txt 1024 1456157596 1456157596
ibr-42_ibr-35_1.txt 1024 1456156876 1456156876
ibr-42_ibr-37_1.txt 1024 1456158346 1456158346
ibr-42_ibr-44_1.txt 1024 1456155836 1456155836
ibr-42_ibr-44_2.txt 1024 1456156527 1456156527
ibr-42_ibr-50_1.txt 1024 1456158187 1456158187
ibr-42_ibr-5_1.txt 1024 1456157036 1456157036
ibr-43_ibr-12_1.txt 1024 1456158607 1456158607
ibr-43_ibr-19_1.txt 1024 1456156246 1456156246
ibr-43_ibr-28_1.txt 1024 1456157277 1456157277
ibr-43_ibr-4_1.txt 1024 1456157626 1456157626
ibr-43_ibr-42_1.txt 1024 1456158037 1456158037
ibr-43_ibr-48_1.txt 1024 1456158257 1456158257
ibr-43_ibr-55_1.txt 1024 1456156557 1456156557
ibr-43_ibr-7_1.txt 1024 1456158667 1456158667
ibr-44_ibr-12_1.txt 1024 1456156017 1456156017
ibr-44_ibr-15_1.txt 1024 1456158646 1456158646
ibr-44_ibr-19_1.txt 1024 1456156417 1456156417
ibr-44_ibr-21_1.txt 1024 1456158507 1456158507
ibr-44_ibr-23_1.txt 1024 1456156097 1456156097
ibr-44_ibr-27_1.txt 1024 1456156796 1456156796
ibr-44_ibr-35_1.txt 1024 1456157017 1456157017
ibr-44_ibr-36_1.txt 1024 1456156697 1456156697
ibr-44_ibr-39_1.txt 1024 1456156817 1456156817
ibr-44_ibr-4_1.txt 1024 1456157687 1456157687
ibr-44_ibr-4_2.txt 1024 1456158047 1456158047
ibr-44_ibr-51_1.txt 1024 1456158736 1456158736
ibr-44_ibr-53_1.txt 1024 1456158377 1456158377
ibr-45_ibr-17_1.txt 1024 1456158537 1456158537
ibr-45_ibr-22_1.txt 1024 1456158267 1456158267
ibr-45_ibr-31_1.txt 1024 1456156057 1456156057
ibr-45_ibr-32_1.txt 1024 1456156806 1456156806
ibr-45_ibr-32_2.txt 1024 1456157637 1456157637
ibr-45_ibr-35_1.txt 1024 1456156756 1456156756
ibr-45_ibr-44_1.txt 1024 1456157307 1456157307
ibr-45_ibr-47_1.txt 1024 1456157817 1456157817
ibr-45_ibr-8_1.txt 1024 1456156676 1456156676
ibr-46_ibr-11_1.txt 1024 1456156361 1456156361
ibr-46_ibr-11_2.txt 1024 1456157172 1456157172
ibr-46_ibr-11_3.txt 1024 1456157462 1456157462
ibr-46_ibr-11_4.txt 1024 1456157632 1456157632
ibr-46_ibr-11_5.txt 1024 1456158352 1456158352
ibr-46_ibr-1_1.txt 1024 1456156792 1456156792
ibr-46_ibr-1_2.txt 1024 1456157131 1456157131
ibr-46_ibr-1_3.txt 1024 1456157732 1456157732
ibr-46_ibr-1_4.txt 1024 1456158512 1456158512
ibr-46_ibr-16_1.txt 1024 1456156041 1456156041
ibr-46_ibr-16_2.txt 1024 1456156562 1456156562
ibr-46_ibr-21_1.txt 1024 1456156512 1456156512
ibr-46_ibr-21_2.txt 1024 1456156602 1456156602
ibr-46_ibr-21_3.txt 1024 1456157102 1456157102
ibr-46_ibr-21_4.txt 1024 1456157472 1456157472
ibr-46_ibr-21_5.txt 1024 1456157762 1456157762
ibr-46_ibr-21_6.txt 1024 1456157802 1456157802
ibr-46_ibr-21_7.txt 1024 1456158322 1456158322
ibr-46_ibr-26_1.txt 1024 1456155887 1456155887
ibr-46_ibr-26_2.txt 1024 1456155912 1456155912
ibr-46_ibr-26_3.txt 1024 1456156392 1456156392
ibr-46_ibr-26_4.txt 1024 1456156542 1456156542
ibr-46_ibr-26_5.txt 1024 1456156731 1456156731
ibr-46_ibr-26_6.txt 1024 1456158212 1456158212
ibr-46_ibr-26_7.txt 1024 1456158692 1456158692
ibr-46_ibr-30_1.txt 1024 1456155827 1456155827
ibr-46_ibr-31_1.txt 1024 1456156471 1456156471
ibr-46_ibr-31_2.txt 1024 1456156521 1456156521
ibr-46_ibr-31_3.txt 1024 1456157792 1456157792
ibr-46_ibr-31_4.txt 1024 1456158482 1456158482
ibr-46_ibr-31_5.txt 1024 1456158532 1456158532
ibr-46_ibr-36_10.txt 1024 1456158592 1456158592
ibr-46_ibr-36_1.txt 1024 1456156052 1456156052
ibr-46_ibr-36_2.txt 1024 1456156172 1456156172
ibr-46_ibr-36_3.txt 1024 1456156381 1456156381
ibr-46_ibr-36_4.txt 1024 1456156491 1456156491
ibr-46_ibr-36_5.txt 1024 1456157002 1456157002
ibr-46_ibr-36_6.txt 1024 1456157122 1456157122
ibr-46_ibr-36_7.txt 1024 1456157572 1456157572
ibr-46_ibr-36_8.txt 1024 1456158132 1456158132
ibr-46_ibr-36_9.txt 1024 1456158551 1456158551
ibr-46_ibr-39_1.txt 1024 1456155816 1456155816
ibr-46_ibr-41_1.txt 1024 1456156462 1456156462
ibr-46_ibr-41_2.txt 1024 1456156752 1456156752
ibr-46_ibr-41_3.txt 1024 1456156892 1456156892
ibr-46_ibr-41_4.txt 1024 1456157151 1456157151
ibr-46_ibr-41_5.txt 1024 1456157341 1456157341
ibr-46_ibr-43_1.txt 1024 1456158717 1456158717
ibr-46_ibr-48_1.txt 1024 1456155947 1456155947
ibr-46_ibr-51_1.txt 1024 1456155822 1456155822
ibr-46_ibr-51_2.txt 1024 1456155882 1456155882
ibr-46_ibr-51_3.txt 1024 1456156432 1456156432
ibr-46_ibr-51_4.txt 1024 1456157641 1456157641
ibr-46_ibr-51_5.txt 1024 1456157811 1456157811
ibr-46_ibr-55_1.txt 1024 1456156687 1456156687
ibr-46_ibr-56_1.txt 1024 1456157041 1456157041
ibr-46_ibr-56_2.txt 1024 1456157942 1456157942
ibr-46_ibr-6_1.txt 1024 1456156192 1456156192
ibr-46_ibr-6_2.txt 1024 1456157147 1456157147
ibr-46_ibr-6_3.txt 1024 1456157691 1456157691
ibr-46_ibr-6_4.txt 1024 1456157981 1456157981
ibr-46_ibr-6_5.txt 1024 1456158332 1456158332
ibr-46_ibr-6_6.txt 1024 1456158562 1456158562
ibr-47_ibr-13_1.txt 1024 1456158126 1456158126
ibr-47_ibr-16_1.txt 1024 1456156887 1456156887
ibr-47_ibr-17_1.txt 1024 1456156596 1456156596
ibr-47_ibr-20_1.txt 1024 1456155816 1456155816
ibr-47_ibr-27_1.txt 1024 1456156376 1456156376
ibr-47_ibr-27_2.txt 1024 1456157826 1456157826
ibr-47_ibr-4_1.txt 1024 1456157497 1456157497
ibr-47_ibr-46_1.txt 1024 1456156907 1456156907
ibr-47_ibr-46_2.txt 1024 1456158527 1456158527
ibr-48_ibr-13_1.txt 1024 1456156416 1456156416
ibr-48_ibr-19_1.txt 1024 1456157517 1456157517
ibr-48_ibr-2_1.txt 1024 1456156667 1456156667
ibr-48_ibr-27_1.txt 1024 1456157567 1456157567
ibr-48_ibr-3_1.txt 1024 1456158496 1456158496
ibr-48_ibr-32_1.txt 1024 1456158077 1456158077
ibr-48_ibr-34_1.txt 1024 1456158657 1456158657
ibr-48_ibr-37_1.txt 1024 1456156257 1456156257
ibr-48_ibr-38_1.txt 1024 1456156627 1456156627
ibr-48_ibr-45_1.txt 1024 1456158687 1456158687
ibr-48_ibr-47_1.txt 1024 1456157327 1456157327
ibr-48_ibr-8_1.txt 1024 1456158447 1456158447
ibr-49_ibr-16_1.txt 1024 1456158547 1456158547
ibr-49_ibr-22_1.txt 1024 1456155876 1456155876
ibr-49_ibr-29_1.txt 1024 1456156926 1456156926
ibr-49_ibr-34_1.txt 1024 1456158407 1456158407
ibr-49_ibr-35_1.txt 1024 1456157937 1456157937
ibr-49_ibr-37_1.txt 1024 1456156346 1456156347
ibr-49_ibr-40_1.txt 1024 1456157907 1456157907
ibr-49_ibr-5_1.txt 1024 1456156897 1456156897
ibr-49_ibr-52_1.txt 1024 1456156047 1456156047
ibr-49_ibr-53_1.txt 1024 1456157377 1456157377
ibr-49_ibr-54_1.txt 1024 1456158027 1456158027
ibr-4_ibr-15_1.txt 1024 1456158207 1456158207
ibr-4_ibr-26_1.txt 1024 1456157417 1456157417
ibr-4_ibr-38_1.txt 1024 1456158577 1456158577
ibr-4_ibr-40_1.txt 1024 1456156676 1456156676
ibr-4_ibr-42_1.txt 1024 1456157337 1456157337
ibr-4_ibr-56_1.txt 1024 1456157746 1456157746
ibr-4_ibr-9_1.txt 1024 1456156717 1456156717
ibr-50_ibr-11_1.txt 1024 1456156437 1456156437
ibr-50_ibr-16_1.txt 1024 1456158397 1456158397
ibr-50_ibr-20_1.txt 1024 1456157366 1456157366
ibr-50_ibr-24_1.txt 1024 1456157537 1456157537
ibr-50_ibr-25_1.txt 1024 1456156696 1456156696
ibr-50_ibr-30_1.txt 1024 1456158506 1456158506
ibr-50_ibr-31_1.txt 1024 1456157107 1456157107
ibr-50_ibr-31_2.txt 1024 1456157647 1456157647
ibr-50_ibr-3_1.txt 1024 1456156757 1456156757
ibr-50_ibr-32_1.txt 1024 1456158357 1456158357
ibr-50_ibr-34_1.txt 1024 1456158707 1456158707
ibr-50_ibr-37_1.txt 1024 1456157697 1456157697
ibr-50_ibr-4_1.txt 1024 1456156937 1456156937
ibr-50_ibr-42_1.txt 1024 1456156207 1456156207
ibr-50_ibr-43_1.txt 1024 1456157447 1456157447
ibr-50_ibr-47_1.txt 1024 1456156287 1456156287
ibr-50_ibr-49_1.txt 1024 1456158467 1456158467
ibr-50_ibr-5_1.txt 1024 1456158107 1456158107
ibr-50_ibr-8_1.txt 1024 1456157217 1456157217
ibr-51_ibr-11_1.txt 1024 1456155792 1456155792
ibr-51_ibr-11_2.txt 1024 1456156962 1456156962
ibr-51_ibr-11_3.txt 1024 1456157032 1456157032
ibr-51_ibr-11_4.txt 1024 1456157392 1456157392
ibr-51_ibr-11_5.txt 1024 1456157522 1456157522
ibr-51_ibr-11_6.txt 1024 1456158162 1456158162
ibr-51_ibr-11_7.txt 1024 1456158202 1456158202
ibr-51_ibr-1_1.txt 1024 1456157811 1456157812
ibr-51_ibr-1_2.txt 1024 1456158152 1456158152
ibr-51_ibr-1_3.txt 1024 1456158232 1456158232
ibr-51_ibr-1_4.txt 1024 1456158461 1456158461
ibr-51_ibr-1_5.txt 1024 1456158682 1456158682
ibr-51_ibr-16_1.txt 1024 1456155922 1456155922
ibr-51_ibr-16_2.txt 1024 1456156392 1456156392
ibr-51_ibr-16_3.txt 1024 1456156802 1456156802
ibr-51_ibr-16_4.txt 1024 1456157022 1456157022
ibr-51_ibr-16_5.txt 1024 1456157232 1456157232
ibr-51_ibr-16_6.txt 1024 1456157922 1456157922
ibr-51_ibr-16_7.txt 1024 1456158452 1456158452
ibr-51_ibr-16_8.txt 1024 1456158662 1456158662
ibr-51_ibr-17_1.txt 1024 1456157836 1456157836
ibr-51_ibr-21_1.txt 1024 1456156142 1456156142
ibr-51_ibr-21_2.txt 1024 1456156272 1456156272
ibr-51_ibr-21_3.txt 1024 1456156411 1456156411
ibr-51_ibr-21_4.txt 1024 1456156552 1456156552
ibr-51_ibr-21_5.txt 1024 1456157162 1456157162
ibr-51_ibr-21_6.txt 1024 1456158262 1456158262
ibr-51_ibr-26_1.txt 1024 1456156761 1456156761
ibr-51_ibr-26_2.txt 1024 1456157311 1456157311
ibr-51_ibr-31_1.txt 1024 1456155862 1456155862
ibr-51_ibr-31_2.txt 1024 1456155982 1456155982
ibr-51_ibr-31_3.txt 1024 1456156071 1456156071
ibr-51_ibr-31_4.txt 1024 1456156162 1456156162
ibr-51_ibr-31_5.txt 1024 1456157271 1456157271
ibr-51_ibr-31_6.txt 1024 1456157341 1456157341
ibr-51_ibr-31_7.txt 1024 1456157881 1456157881
ibr-51_ibr-31_8.txt 1024 1456157931 1456157931
ibr-51_ibr-31_9.txt 1024 1456158181 1456158181
ibr-51_ibr-33_1.txt 1024 1456158477 1456158477
ibr-51_ibr-36_1.txt 1024 1456157652 1456157652
ibr-51_ibr-36_2.txt 1024 1456158287 1456158287
ibr-51_ibr-36_3.txt 1024 1456158411 1456158411
ibr-51_ibr-41_1.txt 1024 1456155802 1456155802
ibr-51_ibr-41_2.txt 1024 1456156712 1456156712
ibr-51_ibr-41_3.txt 1024 1456158291 1456158291
ibr-51_ibr-46_1.txt 1024 1456156182 1456156182
ibr-51_ibr-46_2.txt 1024 1456158641 1456158641
ibr-51_ibr-56_1.txt 1024 1456156832 1456156832
ibr-51_ibr-56_2.txt 1024 1456157072 1456157072
ibr-51_ibr-56_3.txt 1024 1456157101 1456157101
ibr-51_ibr-56_4.txt 1024 1456157901 1456157901
ibr-51_ibr-56_5.txt 1024 1456158712 1456158712
ibr-51_ibr-6_1.txt 1024 1456156252 1456156252
ibr-51_ibr-6_2.txt 1024 1456156642 1456156642
ibr-51_ibr-6_3.txt 1024 1456157051 1456157051
ibr-51_ibr-6_4.txt 1024 1456157092 1456157092
ibr-51_ibr-6_5.txt 1024 1456157502 1456157502
ibr-51_ibr-6_6.txt 1024 1456157732 1456157732
ibr-51_ibr-6_7.txt 1024 1456157742 1456157742
ibr-51_ibr-7_1.txt 1024 1456157847 1456157847
ibr-52_ibr-14_1.txt 1024 1456156047 1456156047
ibr-52_ibr-19_1.txt 1024 1456157056 1456157056
ibr-52_ibr-24_1.txt 1024 1456158587 1456158587
ibr-52_ibr-36_1.txt 1024 1456157887 1456157887
ibr-52_ibr-51_1.txt 1024 1456156306 1456156306
ibr-52_ibr-54_1.txt 1024 1456155887 1456155887
ibr-53_ibr-15_1.txt 1024 1456156527 1456156527
ibr-53_ibr-2_1.txt 1024 1456157987 1456157987
ibr-53_ibr-24_1.txt 1024 1456158587 1456158587
ibr-53_ibr-26_1.txt 1024 1456156137 1456156137
ibr-53_ibr-35_1.txt 1024 1456157206 1456157206
ibr-53_ibr-36_1.txt 1024 1456158717 1456158717
ibr-53_ibr-43_1.txt 1024 1456156077 1456156077
ibr-53_ibr-45_1.txt 1024 1456155996 1456155996
ibr-53_ibr-47_1.txt 1024 1456158366 1456158366
ibr-53_ibr-51_1.txt 1024 1456158026 1456158027
ibr-53_ibr-6_1.txt 1024 1456158577 1456158577
ibr-54_ibr-10_1.txt 1024 1456156247 1456156247
ibr-54_ibr-12_1.txt 1024 1456157997 1456157997
ibr-54_ibr-25_1.txt 1024 1456157197 1456157197
ibr-54_ibr-25_2.txt 1024 1456158076 1456158076
ibr-54_ibr-30_1.txt 1024 1456158397 1456158397
ibr-54_ibr-3_1.txt 1024 1456156867 1456156867
ibr-54_ibr-32_1.txt 1024 1456156927 1456156927
ibr-54_ibr-40_1.txt 1024 1456157827 1456157827
ibr-54_ibr-47_1.txt 1024 1456158277 1456158277
ibr-54_ibr-52_1.txt 1024 1456157186 1456157186
ibr-54_ibr-53_1.txt 1024 1456157057 1456157057
ibr-55_ibr-28_1.txt 1024 1456156166 1456156166
ibr-55_ibr-29_1.txt 1024 1456158097 1456158097
ibr-55_ibr-30_1.txt 1024 1456157856 1456157856
ibr-55_ibr-36_1.txt 1024 1456156547 1456156547
ibr-55_ibr-37_1.txt 1024 1456156097 1456156097
ibr-55_ibr-41_1.txt 1024 1456156976 1456156976
ibr-55_ibr-52_1.txt 1024 1456157686 1456157686
ibr-55_ibr-54_1.txt 1024 1456157267 1456157267
ibr-56_ibr-13_1.txt 1024 1456157587 1456157587
ibr-56_ibr-16_1.txt 1024 1456156966 1456156966
ibr-56_ibr-16_2.txt 1024 1456157917 1456157917
ibr-56_ibr-17_1.txt 1024 1456156067 1456156067
ibr-56_ibr-25_1.txt 1024 1456158247 1456158247
ibr-56_ibr-33_1.txt 1024 1456155777 1456155777
ibr-56_ibr-41_1.txt 1024 1456158137 1456158137
ibr-56_ibr-43_1.txt 1024 1456157787 1456157787
ibr-56_ibr-46_1.txt 1024 1456156327 1456156327
ibr-56_ibr-48_1.txt 1024 1456156237 1456156237
ibr-56_ibr-51_1.txt 1024 1456158226 1456158226
ibr-56_ibr-54_1.txt 1024 1456156767 1456156767
ibr-5_ibr-13_1.txt 1024 1456158127 1456158127
ibr-5_ibr-14_1.txt 1024 1456158017 1456158017
ibr-5_ibr-19_1.txt 1024 1456155787 1456155787
ibr-5_ibr-23_1.txt 1024 1456157726 1456157726
ibr-5_ibr-23_2.txt 1024 1456157756 1456157756
ibr-5_ibr-32_1.txt 1024 1456157427 1456157427
ibr-5_ibr-36_1.txt 1024 1456155847 1456155847
ibr-5_ibr-36_2.txt 1024 1456157266 1456157266
ibr-5_ibr-42_1.txt 1024 1456156596 1456156596
ibr-5_ibr-43_1.txt 1024 1456155907 1456155907
ibr-5_ibr-49_1.txt 1024 1456156027 1456156027
ibr-5_ibr-49_2.txt 1024 1456156766 1456156766
ibr-6_ibr-11_1.txt 1024 1456157386 1456157386
ibr-6_ibr-11_2.txt 1024 1456157442 1456157442
ibr-6_ibr-11_3.txt 1024 1456157461 1456157461
ibr-6_ibr-11_4.txt 1024 1456157672 1456157672
ibr-6_ibr-1_1.txt 1024 1456156372 1456156372
ibr-6_ibr-1_2.txt 1024 1456157532 1456157532
ibr-6_ibr-1_3.txt 1024 1456158052 1456158052
ibr-6_ibr-15_1.txt 1024 1456155877 1456155877
ibr-6_ibr-16_1.txt 1024 1456155962 1456155962
ibr-6_ibr-16_2.txt 1024 1456156012 1456156012
ibr-6_ibr-16_3.txt 1024 1456156356 1456156356
ibr-6_ibr-16_4.txt 1024 1456156557 1456156557
ibr-6_ibr-16_5.txt 1024 1456156832 1456156832
ibr-6_ibr-16_6.txt 1024 1456157202 1456157202
ibr-6_ibr-16_7.txt 1024 1456157332 1456157332
ibr-6_ibr-16_8.txt 1024 1456157702 1456157702
ibr-6_ibr-21_10.txt 1024 1456158677 1456158677
ibr-6_ibr-21_1.txt 1024 1456155912 1456155912
ibr-6_ibr-21_2.txt 1024 1456156332 1456156332
ibr-6_ibr-21_3.txt 1024 1456156687 1456156687
ibr-6_ibr-21_4.txt 1024 1456156706 1456156706
ibr-6_ibr-21_5.txt 1024 1456156921 1456156921
ibr-6_ibr-21_6.txt 1024 1456156992 1456156992
ibr-6_ibr-21_7.txt 1024 1456157862 1456157862
ibr-6_ibr-21_8.txt 1024 1456158302 1456158302
ibr-6_ibr-21_9.txt 1024 1456158612 1456158612
ibr-6_ibr-26_1.txt 1024 1456156682 1456156682
ibr-6_ibr-26_2.txt 1024 1456156841 1456156841
ibr-6_ibr-26_3.txt 1024 1456157722 1456157722
ibr-6_ibr-26_4.txt 1024 1456158192 1456158192
ibr-6_ibr-26_5.txt 1024 1456158236 1456158236
ibr-6_ibr-26_6.txt 1024 1456158272 1456158272
ibr-6_ibr-26_7.txt 1024 1456158562 1456158562
ibr-6_ibr-28_1.txt 1024 1456156626 1456156626
ibr-6_ibr-31_1.txt 1024 1456156462 1456156462
ibr-6_ibr-31_2.txt 1024 1456157281 1456157281
ibr-6_ibr-31_3.txt 1024 1456157552 1456157552
ibr-6_ibr-31_4.txt 1024 1456157622 1456157622
ibr-6_ibr-31_5.txt 1024 1456157992 1456157992
ibr-6_ibr-31_6.txt 1024 1456158092 1456158092
ibr-6_ibr-32_1.txt 1024 1456156587 1456156587
ibr-6_ibr-33_1.txt 1024 1456155957 1456155957
ibr-6_ibr-36_1.txt 1024 1456156182 1456156182
ibr-6_ibr-36_2.txt 1024 1456158071 1456158071
ibr-6_ibr-36_3.txt 1024 1456158142 1456158142
ibr-6_ibr-36_4.txt 1024 1456158341 1456158342
ibr-6_ibr-41_1.txt 1024 1456155901 1456155901
ibr-6_ibr-41_2.txt 1024 1456156312 1456156312
ibr-6_ibr-41_3.txt 1024 1456157422 1456157422
ibr-6_ibr-41_4.txt 1024 1456157457 1456157457
ibr-6_ibr-41_5.txt 1024 1456157611 1456157611
ibr-6_ibr-41_6.txt 1024 1456158062 1456158062
ibr-6_ibr-4_1.txt 1024 1456156637 1456156637
ibr-6_ibr-46_1.txt 1024 1456155792 1456155792
ibr-6_ibr-46_2.txt 1024 1456157582 1456157582
ibr-6_ibr-46_3.txt 1024 1456157662 1456157662
ibr-6_ibr-50_1.txt 1024 1456156577 1456156577
ibr-6_ibr-51_1.txt 1024 1456155951 1456155951
ibr-6_ibr-51_2.txt 1024 1456155971 1456155971
ibr-6_ibr-51_3.txt 1024 1456157711 1456157711
ibr-6_ibr-51_4.txt 1024 1456157951 1456157951
ibr-6_ibr-51_5.txt 1024 1456158372 1456158372
ibr-6_ibr-51_6.txt 1024 1456158416 1456158416
ibr-6_ibr-56_1.txt 1024 1456157162 1456157162
ibr-6_ibr-56_2.txt 1024 1456158492 1456158492
ibr-6_ibr-56_3.txt 1024 1456158642 1456158642
ibr-6_ibr-7_1.txt 1024 1456158317 1456158317
ibr-7_ibr-11_1.txt 1024 1456157076 1456157076
ibr-7_ibr-11_2.txt 1024 1456158486 1456158486
ibr-7_ibr-13_1.txt 1024 1456156776 1456156776
ibr-7_ibr-24_1.txt 1024 1456156237 1456156237
ibr-7_ibr-24_2.txt 1024 1456157046 1456157046
ibr-7_ibr-24_3.txt 1024 1456158117 1456158117
ibr-7_ibr-27_1.txt 1024 1456156217 1456156217
ibr-7_ibr-36_1.txt 1024 1456156147 1456156147
ibr-7_ibr-37_1.txt 1024 1456158007 1456158007
ibr-7_ibr-38_1.txt 1024 1456156817 1456156817
ibr-7_ibr-48_1.txt 1024 1456155947 1456155947
ibr-7_ibr-56_1.txt 1024 1456157407 1456157407
ibr-7_ibr-6_1.txt 1024 1456156837 1456156837
ibr-7_ibr-8_1.txt 1024 1456157567 1456157567
ibr-8_ibr-10_1.txt 1024 1456155797 1456155797
ibr-8_ibr-13_1.txt 1024 1456158427 1456158427
ibr-8_ibr-20_1.txt 1024 1456156027 1456156027
ibr-8_ibr-30_1.txt 1024 1456156747 1456156747
ibr-8_ibr-30_2.txt 1024 1456157787 1456157787
ibr-8_ibr-31_1.txt 1024 1456157497 1456157497
ibr-8_ibr-36_1.txt 1024 1456157706 1456157706
ibr-8_ibr-47_1.txt 1024 1456156257 1456156257
ibr-8_ibr-48_1.txt 1024 1456158547 1456158547
ibr-8_ibr-53_1.txt 1024 1456155896 1456155897
ibr-8_ibr-7_1.txt 1024 1456158247 1456158247
ibr-8_ibr-7_2.txt 1024 1456158297 1456158297
ibr-9_ibr-10_1.txt 1024 1456158177 1456158177
ibr-9_ibr-15_1.txt 1024 1456156846 1456156846
ibr-9_ibr-16_1.txt 1024 1456156007 1456156007
ibr-9_ibr-18_1.txt 1024 1456158157 1456158157
ibr-9_ibr-22_1.txt 1024 1456158537 1456158537
ibr-9_ibr-25_1.txt 1024 1456157397 1456157397
ibr-9_ibr-33_1.txt 1024 1456157997 1456157997
ibr-9_ibr-37_1.txt 1024 1456158327 1456158327
ibr-9_ibr-43_1.txt 1024 1456158627 1456158627
ibr-9_ibr-45_1.txt 1024 1456157537 1456157537
ibr-9_ibr-49_1.txt 1024 1456156216 1456156216
ibr-9_ibr-49_2.txt 1024 1456157126 1456157126
ibr-9_ibr-56_1.txt 1024 1456157607 1456157607
