# name size  create_time reach_time
ibr-10_ibr-13_1.txt 1024 1455882328 1455882328
ibr-10_ibr-31_1.txt 1024 1455881888 1455881888
ibr-10_ibr-33_1.txt 1024 1455881688 1455881688
ibr-10_ibr-36_1.txt 1024 1455884558 1455884558
ibr-10_ibr-4_1.txt 1024 1455882338 1455882338
ibr-10_ibr-4_2.txt 1024 1455883548 1455883548
ibr-10_ibr-43_1.txt 1024 1455884368 1455884368
ibr-10_ibr-4_3.txt 1024 1455884358 1455884358
ibr-10_ibr-50_1.txt 1024 1455882618 1455882618
ibr-10_ibr-9_1.txt 1024 1455883218 1455883218
ibr-11_ibr-1_1.txt 1024 1455882153 1455882153
ibr-11_ibr-1_2.txt 1024 1455882833 1455882833
ibr-11_ibr-13_1.txt 1024 1455883168 1455883168
ibr-11_ibr-1_3.txt 1024 1455883393 1455883393
ibr-11_ibr-14_1.txt 1024 1455882208 1455882208
ibr-11_ibr-1_4.txt 1024 1455883493 1455883493
ibr-11_ibr-1_5.txt 1024 1455884033 1455884033
ibr-11_ibr-16_1.txt 1024 1455881953 1455881953
ibr-11_ibr-16_2.txt 1024 1455882093 1455882093
ibr-11_ibr-16_3.txt 1024 1455882823 1455882823
ibr-11_ibr-16_4.txt 1024 1455882983 1455882983
ibr-11_ibr-16_5.txt 1024 1455883683 1455883683
ibr-11_ibr-16_6.txt 1024 1455884093 1455884093
ibr-11_ibr-1_6.txt 1024 1455884273 1455884273
ibr-11_ibr-1_7.txt 1024 1455884513 1455884513
ibr-11_ibr-20_1.txt 1024 1455881648 1455881648
ibr-11_ibr-21_1.txt 1024 1455882098 1455882098
ibr-11_ibr-21_2.txt 1024 1455882233 1455882233
ibr-11_ibr-21_3.txt 1024 1455882293 1455882293
ibr-11_ibr-21_4.txt 1024 1455882313 1455882313
ibr-11_ibr-21_5.txt 1024 1455882563 1455882563
ibr-11_ibr-21_6.txt 1024 1455883103 1455883103
ibr-11_ibr-22_1.txt 1024 1455883458 1455883458
ibr-11_ibr-23_1.txt 1024 1455882758 1455882758
ibr-11_ibr-26_1.txt 1024 1455883233 1455883233
ibr-11_ibr-26_2.txt 1024 1455883383 1455883383
ibr-11_ibr-27_1.txt 1024 1455881758 1455881758
ibr-11_ibr-27_2.txt 1024 1455882268 1455882268
ibr-11_ibr-28_1.txt 1024 1455882298 1455882298
ibr-11_ibr-28_2.txt 1024 1455882768 1455882768
ibr-11_ibr-31_1.txt 1024 1455882193 1455882193
ibr-11_ibr-31_2.txt 1024 1455882663 1455882663
ibr-11_ibr-31_3.txt 1024 1455883093 1455883093
ibr-11_ibr-31_4.txt 1024 1455883513 1455883513
ibr-11_ibr-31_5.txt 1024 1455883823 1455883823
ibr-11_ibr-36_1.txt 1024 1455881633 1455881633
ibr-11_ibr-36_2.txt 1024 1455881698 1455881698
ibr-11_ibr-36_3.txt 1024 1455882803 1455882803
ibr-11_ibr-36_4.txt 1024 1455884163 1455884163
ibr-11_ibr-36_5.txt 1024 1455884203 1455884203
ibr-11_ibr-41_1.txt 1024 1455881663 1455881663
ibr-11_ibr-41_2.txt 1024 1455881683 1455881683
ibr-11_ibr-41_3.txt 1024 1455882013 1455882013
ibr-11_ibr-41_4.txt 1024 1455883273 1455883273
ibr-11_ibr-41_5.txt 1024 1455884013 1455884013
ibr-11_ibr-41_6.txt 1024 1455884563 1455884563
ibr-11_ibr-4_1.txt 1024 1455882158 1455882158
ibr-11_ibr-4_2.txt 1024 1455882368 1455882368
ibr-11_ibr-45_1.txt 1024 1455882378 1455882378
ibr-11_ibr-46_1.txt 1024 1455882413 1455882413
ibr-11_ibr-46_2.txt 1024 1455883013 1455883013
ibr-11_ibr-46_3.txt 1024 1455883143 1455883143
ibr-11_ibr-47_1.txt 1024 1455883148 1455883148
ibr-11_ibr-50_1.txt 1024 1455882878 1455882878
ibr-11_ibr-51_1.txt 1024 1455882033 1455882033
ibr-11_ibr-51_2.txt 1024 1455883263 1455883263
ibr-11_ibr-51_3.txt 1024 1455883843 1455883843
ibr-11_ibr-51_4.txt 1024 1455883913 1455883913
ibr-11_ibr-51_5.txt 1024 1455884023 1455884023
ibr-11_ibr-53_1.txt 1024 1455882488 1455882488
ibr-11_ibr-54_1.txt 1024 1455881738 1455881738
ibr-11_ibr-56_1.txt 1024 1455882693 1455882693
ibr-11_ibr-56_2.txt 1024 1455882773 1455882773
ibr-11_ibr-56_3.txt 1024 1455883603 1455883603
ibr-11_ibr-56_4.txt 1024 1455884373 1455884373
ibr-11_ibr-6_1.txt 1024 1455882423 1455882423
ibr-11_ibr-6_2.txt 1024 1455883063 1455883063
ibr-11_ibr-6_3.txt 1024 1455884183 1455884183
ibr-11_ibr-6_4.txt 1024 1455884353 1455884353
ibr-12_ibr-10_1.txt 1024 1455883578 1455883578
ibr-12_ibr-11_1.txt 1024 1455883268 1455883268
ibr-12_ibr-13_1.txt 1024 1455882238 1455882238
ibr-12_ibr-16_1.txt 1024 1455884468 1455884468
ibr-12_ibr-33_1.txt 1024 1455883968 1455883968
ibr-12_ibr-37_1.txt 1024 1455882438 1455882438
ibr-12_ibr-40_1.txt 1024 1455882658 1455882658
ibr-12_ibr-43_1.txt 1024 1455882458 1455882458
ibr-12_ibr-45_1.txt 1024 1455884188 1455884188
ibr-12_ibr-47_1.txt 1024 1455881978 1455881978
ibr-12_ibr-52_1.txt 1024 1455882258 1455882258
ibr-12_ibr-56_1.txt 1024 1455882368 1455882368
ibr-12_ibr-56_2.txt 1024 1455883308 1455883308
ibr-13_ibr-17_1.txt 1024 1455882888 1455882888
ibr-13_ibr-25_1.txt 1024 1455884058 1455884058
ibr-13_ibr-33_1.txt 1024 1455883488 1455883488
ibr-13_ibr-39_1.txt 1024 1455881678 1455881678
ibr-13_ibr-47_1.txt 1024 1455883028 1455883028
ibr-13_ibr-5_1.txt 1024 1455883348 1455883348
ibr-13_ibr-56_1.txt 1024 1455884448 1455884448
ibr-13_ibr-8_1.txt 1024 1455883238 1455883238
ibr-14_ibr-16_1.txt 1024 1455882078 1455882078
ibr-14_ibr-21_1.txt 1024 1455882578 1455882578
ibr-14_ibr-30_1.txt 1024 1455882528 1455882528
ibr-14_ibr-32_1.txt 1024 1455882388 1455882388
ibr-14_ibr-39_1.txt 1024 1455882288 1455882288
ibr-14_ibr-39_2.txt 1024 1455882728 1455882728
ibr-14_ibr-40_1.txt 1024 1455882798 1455882798
ibr-14_ibr-41_1.txt 1024 1455884078 1455884078
ibr-14_ibr-44_1.txt 1024 1455882428 1455882428
ibr-14_ibr-45_1.txt 1024 1455883638 1455883638
ibr-14_ibr-46_1.txt 1024 1455881718 1455881718
ibr-14_ibr-5_1.txt 1024 1455882308 1455882308
ibr-14_ibr-52_1.txt 1024 1455883478 1455883478
ibr-15_ibr-11_1.txt 1024 1455884578 1455884578
ibr-15_ibr-27_1.txt 1024 1455881688 1455881688
ibr-15_ibr-32_1.txt 1024 1455883588 1455883588
ibr-15_ibr-36_1.txt 1024 1455883598 1455883598
ibr-15_ibr-36_2.txt 1024 1455883968 1455883968
ibr-15_ibr-40_1.txt 1024 1455883818 1455883818
ibr-15_ibr-41_1.txt 1024 1455882858 1455882858
ibr-15_ibr-4_1.txt 1024 1455882408 1455882408
ibr-15_ibr-43_1.txt 1024 1455881968 1455881968
ibr-15_ibr-52_1.txt 1024 1455883458 1455883458
ibr-16_ibr-11_1.txt 1024 1455882023 1455882023
ibr-16_ibr-11_2.txt 1024 1455882083 1455882083
ibr-16_ibr-11_3.txt 1024 1455882253 1455882253
ibr-16_ibr-11_4.txt 1024 1455882573 1455882573
ibr-16_ibr-11_5.txt 1024 1455882693 1455882693
ibr-16_ibr-11_6.txt 1024 1455883323 1455883323
ibr-16_ibr-11_7.txt 1024 1455883423 1455883423
ibr-16_ibr-11_8.txt 1024 1455883483 1455883483
ibr-16_ibr-1_1.txt 1024 1455882533 1455882533
ibr-16_ibr-1_2.txt 1024 1455882633 1455882633
ibr-16_ibr-1_3.txt 1024 1455883373 1455883373
ibr-16_ibr-1_4.txt 1024 1455883543 1455883543
ibr-16_ibr-1_5.txt 1024 1455883903 1455883903
ibr-16_ibr-1_6.txt 1024 1455884093 1455884093
ibr-16_ibr-21_1.txt 1024 1455881593 1455881593
ibr-16_ibr-21_2.txt 1024 1455882403 1455882403
ibr-16_ibr-21_3.txt 1024 1455882703 1455882703
ibr-16_ibr-21_4.txt 1024 1455882933 1455882933
ibr-16_ibr-21_5.txt 1024 1455883063 1455883063
ibr-16_ibr-21_6.txt 1024 1455883443 1455883443
ibr-16_ibr-21_7.txt 1024 1455883853 1455883853
ibr-16_ibr-2_1.txt 1024 1455881938 1455881938
ibr-16_ibr-2_2.txt 1024 1455884028 1455884028
ibr-16_ibr-26_1.txt 1024 1455882423 1455882423
ibr-16_ibr-26_2.txt 1024 1455883083 1455883083
ibr-16_ibr-26_3.txt 1024 1455884103 1455884103
ibr-16_ibr-28_1.txt 1024 1455881878 1455881878
ibr-16_ibr-28_2.txt 1024 1455883908 1455883908
ibr-16_ibr-31_1.txt 1024 1455881753 1455881753
ibr-16_ibr-31_2.txt 1024 1455881763 1455881763
ibr-16_ibr-31_3.txt 1024 1455881963 1455881963
ibr-16_ibr-31_4.txt 1024 1455882073 1455882073
ibr-16_ibr-31_5.txt 1024 1455882263 1455882263
ibr-16_ibr-31_6.txt 1024 1455882983 1455882983
ibr-16_ibr-31_7.txt 1024 1455883103 1455883103
ibr-16_ibr-31_8.txt 1024 1455884383 1455884383
ibr-16_ibr-33_1.txt 1024 1455884098 1455884098
ibr-16_ibr-36_1.txt 1024 1455882273 1455882273
ibr-16_ibr-36_2.txt 1024 1455882503 1455882503
ibr-16_ibr-36_3.txt 1024 1455882723 1455882723
ibr-16_ibr-36_4.txt 1024 1455883933 1455883933
ibr-16_ibr-36_5.txt 1024 1455883983 1455883983
ibr-16_ibr-36_6.txt 1024 1455884313 1455884313
ibr-16_ibr-40_1.txt 1024 1455883598 1455883598
ibr-16_ibr-41_1.txt 1024 1455882133 1455882133
ibr-16_ibr-41_2.txt 1024 1455882303 1455882303
ibr-16_ibr-41_3.txt 1024 1455883303 1455883303
ibr-16_ibr-41_4.txt 1024 1455883573 1455883573
ibr-16_ibr-41_5.txt 1024 1455883678 1455883678
ibr-16_ibr-41_6.txt 1024 1455883943 1455883943
ibr-16_ibr-42_1.txt 1024 1455884528 1455884528
ibr-16_ibr-46_1.txt 1024 1455881693 1455881693
ibr-16_ibr-49_1.txt 1024 1455882128 1455882128
ibr-16_ibr-49_2.txt 1024 1455884328 1455884328
ibr-16_ibr-51_10.txt 1024 1455884543 1455884543
ibr-16_ibr-51_1.txt 1024 1455881913 1455881913
ibr-16_ibr-51_2.txt 1024 1455882523 1455882523
ibr-16_ibr-51_3.txt 1024 1455882993 1455882993
ibr-16_ibr-51_4.txt 1024 1455883378 1455883378
ibr-16_ibr-51_5.txt 1024 1455883623 1455883623
ibr-16_ibr-51_6.txt 1024 1455883713 1455883713
ibr-16_ibr-51_7.txt 1024 1455884073 1455884073
ibr-16_ibr-51_8.txt 1024 1455884233 1455884233
ibr-16_ibr-51_9.txt 1024 1455884283 1455884283
ibr-16_ibr-56_1.txt 1024 1455881743 1455881743
ibr-16_ibr-56_2.txt 1024 1455882103 1455882103
ibr-16_ibr-56_3.txt 1024 1455882463 1455882463
ibr-16_ibr-56_4.txt 1024 1455882873 1455882873
ibr-16_ibr-56_5.txt 1024 1455884573 1455884573
ibr-16_ibr-6_1.txt 1024 1455881773 1455881773
ibr-16_ibr-6_2.txt 1024 1455882743 1455882743
ibr-16_ibr-6_3.txt 1024 1455884323 1455884323
ibr-17_ibr-12_1.txt 1024 1455883238 1455883238
ibr-17_ibr-18_1.txt 1024 1455881678 1455881678
ibr-17_ibr-20_1.txt 1024 1455883338 1455883338
ibr-17_ibr-23_1.txt 1024 1455882898 1455882898
ibr-17_ibr-25_1.txt 1024 1455882838 1455882838
ibr-17_ibr-30_1.txt 1024 1455884478 1455884478
ibr-17_ibr-31_1.txt 1024 1455882848 1455882848
ibr-17_ibr-37_1.txt 1024 1455884008 1455884008
ibr-17_ibr-44_1.txt 1024 1455882208 1455882208
ibr-17_ibr-51_1.txt 1024 1455883688 1455883688
ibr-17_ibr-54_1.txt 1024 1455882528 1455882528
ibr-17_ibr-55_1.txt 1024 1455883328 1455883328
ibr-17_ibr-8_1.txt 1024 1455882288 1455882288
ibr-17_ibr-9_1.txt 1024 1455883518 1455883518
ibr-18_ibr-13_1.txt 1024 1455883958 1455883958
ibr-18_ibr-14_1.txt 1024 1455882518 1455882518
ibr-18_ibr-26_1.txt 1024 1455884458 1455884458
ibr-18_ibr-3_1.txt 1024 1455882778 1455882778
ibr-18_ibr-45_1.txt 1024 1455881778 1455881778
ibr-18_ibr-5_1.txt 1024 1455883748 1455883748
ibr-19_ibr-11_1.txt 1024 1455884568 1455884568
ibr-19_ibr-22_1.txt 1024 1455883628 1455883628
ibr-19_ibr-32_1.txt 1024 1455884538 1455884538
ibr-19_ibr-34_1.txt 1024 1455881598 1455881598
ibr-19_ibr-37_1.txt 1024 1455882398 1455882398
ibr-19_ibr-51_1.txt 1024 1455884108 1455884108
ibr-19_ibr-53_1.txt 1024 1455883608 1455883608
ibr-19_ibr-8_1.txt 1024 1455882768 1455882768
ibr-1_ibr-11_1.txt 1024 1455881593 1455881593
ibr-1_ibr-11_2.txt 1024 1455881773 1455881773
ibr-1_ibr-11_3.txt 1024 1455883593 1455883593
ibr-1_ibr-11_4.txt 1024 1455884003 1455884003
ibr-1_ibr-11_5.txt 1024 1455884413 1455884413
ibr-1_ibr-16_1.txt 1024 1455881783 1455881783
ibr-1_ibr-16_2.txt 1024 1455883043 1455883043
ibr-1_ibr-16_3.txt 1024 1455883243 1455883243
ibr-1_ibr-16_4.txt 1024 1455883963 1455883963
ibr-1_ibr-16_5.txt 1024 1455884483 1455884483
ibr-1_ibr-21_1.txt 1024 1455883663 1455883663
ibr-1_ibr-21_2.txt 1024 1455884453 1455884453
ibr-1_ibr-26_10.txt 1024 1455884053 1455884053
ibr-1_ibr-26_11.txt 1024 1455884083 1455884083
ibr-1_ibr-26_12.txt 1024 1455884223 1455884223
ibr-1_ibr-26_1.txt 1024 1455881893 1455881893
ibr-1_ibr-26_2.txt 1024 1455882043 1455882043
ibr-1_ibr-26_3.txt 1024 1455882183 1455882183
ibr-1_ibr-26_4.txt 1024 1455882403 1455882403
ibr-1_ibr-26_5.txt 1024 1455882473 1455882473
ibr-1_ibr-26_6.txt 1024 1455882583 1455882583
ibr-1_ibr-26_7.txt 1024 1455882943 1455882943
ibr-1_ibr-26_8.txt 1024 1455883163 1455883163
ibr-1_ibr-26_9.txt 1024 1455883413 1455883413
ibr-1_ibr-31_1.txt 1024 1455881803 1455881803
ibr-1_ibr-31_2.txt 1024 1455881833 1455881833
ibr-1_ibr-31_3.txt 1024 1455883033 1455883033
ibr-1_ibr-31_4.txt 1024 1455883193 1455883193
ibr-1_ibr-31_5.txt 1024 1455883293 1455883293
ibr-1_ibr-31_6.txt 1024 1455883303 1455883303
ibr-1_ibr-31_7.txt 1024 1455883573 1455883573
ibr-1_ibr-31_8.txt 1024 1455884503 1455884503
ibr-1_ibr-31_9.txt 1024 1455884533 1455884533
ibr-1_ibr-36_1.txt 1024 1455881943 1455881943
ibr-1_ibr-36_2.txt 1024 1455883073 1455883073
ibr-1_ibr-41_1.txt 1024 1455882953 1455882953
ibr-1_ibr-41_2.txt 1024 1455884553 1455884553
ibr-1_ibr-46_1.txt 1024 1455882263 1455882263
ibr-1_ibr-51_1.txt 1024 1455881653 1455881653
ibr-1_ibr-51_2.txt 1024 1455882083 1455882083
ibr-1_ibr-51_3.txt 1024 1455882253 1455882253
ibr-1_ibr-51_4.txt 1024 1455882643 1455882643
ibr-1_ibr-51_5.txt 1024 1455882763 1455882763
ibr-1_ibr-51_6.txt 1024 1455883503 1455883503
ibr-1_ibr-51_7.txt 1024 1455884323 1455884323
ibr-1_ibr-56_1.txt 1024 1455882053 1455882053
ibr-1_ibr-56_2.txt 1024 1455883813 1455883813
ibr-1_ibr-56_3.txt 1024 1455883883 1455883883
ibr-1_ibr-56_4.txt 1024 1455884283 1455884283
ibr-1_ibr-6_1.txt 1024 1455881733 1455881733
ibr-1_ibr-6_2.txt 1024 1455881813 1455881813
ibr-1_ibr-6_3.txt 1024 1455881993 1455881993
ibr-1_ibr-6_4.txt 1024 1455882383 1455882383
ibr-1_ibr-6_5.txt 1024 1455882613 1455882613
ibr-1_ibr-6_6.txt 1024 1455882873 1455882873
ibr-1_ibr-6_7.txt 1024 1455883313 1455883313
ibr-1_ibr-6_8.txt 1024 1455883943 1455883943
ibr-1_ibr-6_9.txt 1024 1455883993 1455883993
ibr-20_ibr-14_1.txt 1024 1455883198 1455883198
ibr-20_ibr-15_1.txt 1024 1455883578 1455883578
ibr-20_ibr-21_1.txt 1024 1455881898 1455881898
ibr-20_ibr-21_2.txt 1024 1455882278 1455882278
ibr-20_ibr-2_1.txt 1024 1455883988 1455883988
ibr-20_ibr-38_1.txt 1024 1455882928 1455882928
ibr-20_ibr-39_1.txt 1024 1455881658 1455881658
ibr-20_ibr-55_1.txt 1024 1455882118 1455882118
ibr-21_ibr-11_1.txt 1024 1455881993 1455881993
ibr-21_ibr-11_2.txt 1024 1455883213 1455883213
ibr-21_ibr-11_3.txt 1024 1455883433 1455883433
ibr-21_ibr-11_4.txt 1024 1455883583 1455883583
ibr-21_ibr-11_5.txt 1024 1455884053 1455884053
ibr-21_ibr-1_1.txt 1024 1455882573 1455882573
ibr-21_ibr-12_1.txt 1024 1455882418 1455882418
ibr-21_ibr-1_2.txt 1024 1455883203 1455883203
ibr-21_ibr-13_1.txt 1024 1455884278 1455884278
ibr-21_ibr-1_3.txt 1024 1455883983 1455883983
ibr-21_ibr-1_4.txt 1024 1455884203 1455884203
ibr-21_ibr-1_5.txt 1024 1455884503 1455884503
ibr-21_ibr-16_1.txt 1024 1455881723 1455881723
ibr-21_ibr-16_2.txt 1024 1455881763 1455881763
ibr-21_ibr-16_3.txt 1024 1455882393 1455882393
ibr-21_ibr-16_4.txt 1024 1455882723 1455882723
ibr-21_ibr-16_5.txt 1024 1455882843 1455882843
ibr-21_ibr-16_6.txt 1024 1455882993 1455882993
ibr-21_ibr-16_7.txt 1024 1455883603 1455883603
ibr-21_ibr-16_8.txt 1024 1455884253 1455884253
ibr-21_ibr-19_1.txt 1024 1455882948 1455882948
ibr-21_ibr-20_1.txt 1024 1455884008 1455884008
ibr-21_ibr-26_1.txt 1024 1455882853 1455882853
ibr-21_ibr-26_2.txt 1024 1455883923 1455883923
ibr-21_ibr-26_3.txt 1024 1455883963 1455883963
ibr-21_ibr-26_4.txt 1024 1455884553 1455884553
ibr-21_ibr-31_1.txt 1024 1455881823 1455881823
ibr-21_ibr-31_2.txt 1024 1455882073 1455882073
ibr-21_ibr-31_3.txt 1024 1455882793 1455882793
ibr-21_ibr-31_4.txt 1024 1455882813 1455882813
ibr-21_ibr-31_5.txt 1024 1455883003 1455883003
ibr-21_ibr-31_6.txt 1024 1455883743 1455883743
ibr-21_ibr-31_7.txt 1024 1455883763 1455883763
ibr-21_ibr-31_8.txt 1024 1455883773 1455883773
ibr-21_ibr-31_9.txt 1024 1455884523 1455884523
ibr-21_ibr-36_1.txt 1024 1455882593 1455882593
ibr-21_ibr-36_2.txt 1024 1455883473 1455883473
ibr-21_ibr-38_1.txt 1024 1455882358 1455882358
ibr-21_ibr-41_1.txt 1024 1455882003 1455882003
ibr-21_ibr-41_2.txt 1024 1455882453 1455882453
ibr-21_ibr-41_3.txt 1024 1455882933 1455882933
ibr-21_ibr-4_1.txt 1024 1455883408 1455883408
ibr-21_ibr-4_2.txt 1024 1455883478 1455883478
ibr-21_ibr-4_3.txt 1024 1455883938 1455883938
ibr-21_ibr-44_1.txt 1024 1455884288 1455884288
ibr-21_ibr-46_1.txt 1024 1455881813 1455881813
ibr-21_ibr-46_2.txt 1024 1455882773 1455882773
ibr-21_ibr-46_3.txt 1024 1455882803 1455882803
ibr-21_ibr-46_4.txt 1024 1455883563 1455883563
ibr-21_ibr-46_5.txt 1024 1455883663 1455883663
ibr-21_ibr-46_6.txt 1024 1455884063 1455884063
ibr-21_ibr-46_7.txt 1024 1455884263 1455884263
ibr-21_ibr-51_1.txt 1024 1455882223 1455882223
ibr-21_ibr-51_2.txt 1024 1455883653 1455883653
ibr-21_ibr-56_1.txt 1024 1455882433 1455882433
ibr-21_ibr-56_2.txt 1024 1455882553 1455882553
ibr-21_ibr-56_3.txt 1024 1455883483 1455883483
ibr-21_ibr-56_4.txt 1024 1455884313 1455884313
ibr-21_ibr-6_1.txt 1024 1455881673 1455881673
ibr-21_ibr-6_2.txt 1024 1455882173 1455882173
ibr-21_ibr-6_3.txt 1024 1455882283 1455882283
ibr-21_ibr-6_4.txt 1024 1455882373 1455882373
ibr-21_ibr-6_5.txt 1024 1455883163 1455883163
ibr-21_ibr-6_6.txt 1024 1455884023 1455884023
ibr-21_ibr-7_1.txt 1024 1455882148 1455882148
ibr-21_ibr-8_1.txt 1024 1455882218 1455882218
ibr-22_ibr-2_1.txt 1024 1455883738 1455883738
ibr-22_ibr-29_1.txt 1024 1455882608 1455882608
ibr-22_ibr-46_1.txt 1024 1455884248 1455884248
ibr-22_ibr-51_1.txt 1024 1455883718 1455883718
ibr-22_ibr-52_1.txt 1024 1455882828 1455882828
ibr-22_ibr-55_1.txt 1024 1455881638 1455881638
ibr-22_ibr-55_2.txt 1024 1455884548 1455884548
ibr-23_ibr-12_1.txt 1024 1455883448 1455883448
ibr-23_ibr-13_1.txt 1024 1455882868 1455882868
ibr-23_ibr-25_1.txt 1024 1455881618 1455881618
ibr-23_ibr-40_1.txt 1024 1455883278 1455883278
ibr-23_ibr-48_1.txt 1024 1455882998 1455882998
ibr-24_ibr-13_1.txt 1024 1455882988 1455882988
ibr-24_ibr-16_1.txt 1024 1455881728 1455881728
ibr-24_ibr-21_1.txt 1024 1455883828 1455883828
ibr-24_ibr-22_1.txt 1024 1455881878 1455881878
ibr-24_ibr-22_2.txt 1024 1455882358 1455882358
ibr-24_ibr-22_3.txt 1024 1455883188 1455883188
ibr-24_ibr-23_1.txt 1024 1455882258 1455882258
ibr-24_ibr-28_1.txt 1024 1455884358 1455884358
ibr-24_ibr-30_1.txt 1024 1455883278 1455883278
ibr-24_ibr-34_1.txt 1024 1455884158 1455884158
ibr-24_ibr-36_1.txt 1024 1455884408 1455884408
ibr-24_ibr-40_1.txt 1024 1455884348 1455884348
ibr-24_ibr-45_1.txt 1024 1455883418 1455883418
ibr-24_ibr-8_1.txt 1024 1455881868 1455881868
ibr-24_ibr-8_2.txt 1024 1455882558 1455882558
ibr-24_ibr-8_3.txt 1024 1455882638 1455882638
ibr-25_ibr-14_1.txt 1024 1455883928 1455883928
ibr-25_ibr-19_1.txt 1024 1455884198 1455884198
ibr-25_ibr-24_1.txt 1024 1455884468 1455884468
ibr-25_ibr-35_1.txt 1024 1455883538 1455883538
ibr-25_ibr-37_1.txt 1024 1455882518 1455882518
ibr-25_ibr-39_1.txt 1024 1455882268 1455882268
ibr-25_ibr-42_1.txt 1024 1455882668 1455882668
ibr-25_ibr-49_1.txt 1024 1455883858 1455883858
ibr-25_ibr-5_1.txt 1024 1455882698 1455882698
ibr-26_ibr-11_1.txt 1024 1455881943 1455881943
ibr-26_ibr-11_2.txt 1024 1455883133 1455883133
ibr-26_ibr-11_3.txt 1024 1455883403 1455883403
ibr-26_ibr-1_1.txt 1024 1455881683 1455881683
ibr-26_ibr-1_2.txt 1024 1455881703 1455881703
ibr-26_ibr-13_1.txt 1024 1455883338 1455883338
ibr-26_ibr-1_3.txt 1024 1455882543 1455882543
ibr-26_ibr-1_4.txt 1024 1455883153 1455883153
ibr-26_ibr-1_5.txt 1024 1455883783 1455883783
ibr-26_ibr-16_1.txt 1024 1455881723 1455881723
ibr-26_ibr-16_2.txt 1024 1455883323 1455883323
ibr-26_ibr-16_3.txt 1024 1455884493 1455884493
ibr-26_ibr-21_10.txt 1024 1455884043 1455884043
ibr-26_ibr-21_11.txt 1024 1455884243 1455884243
ibr-26_ibr-21_1.txt 1024 1455882343 1455882343
ibr-26_ibr-21_2.txt 1024 1455882383 1455882383
ibr-26_ibr-21_3.txt 1024 1455882683 1455882683
ibr-26_ibr-21_4.txt 1024 1455882703 1455882703
ibr-26_ibr-21_5.txt 1024 1455882923 1455882923
ibr-26_ibr-21_6.txt 1024 1455883213 1455883213
ibr-26_ibr-21_7.txt 1024 1455883413 1455883413
ibr-26_ibr-21_8.txt 1024 1455883703 1455883703
ibr-26_ibr-21_9.txt 1024 1455883843 1455883843
ibr-26_ibr-25_1.txt 1024 1455882048 1455882048
ibr-26_ibr-25_2.txt 1024 1455883168 1455883168
ibr-26_ibr-31_1.txt 1024 1455881883 1455881883
ibr-26_ibr-31_2.txt 1024 1455881983 1455881983
ibr-26_ibr-31_3.txt 1024 1455882163 1455882163
ibr-26_ibr-31_4.txt 1024 1455882603 1455882603
ibr-26_ibr-31_5.txt 1024 1455882663 1455882663
ibr-26_ibr-31_6.txt 1024 1455883283 1455883283
ibr-26_ibr-31_7.txt 1024 1455883363 1455883363
ibr-26_ibr-31_8.txt 1024 1455883383 1455883383
ibr-26_ibr-34_1.txt 1024 1455883718 1455883718
ibr-26_ibr-36_1.txt 1024 1455881628 1455881628
ibr-26_ibr-36_2.txt 1024 1455883183 1455883183
ibr-26_ibr-36_3.txt 1024 1455883693 1455883693
ibr-26_ibr-36_4.txt 1024 1455883733 1455883733
ibr-26_ibr-37_1.txt 1024 1455884168 1455884168
ibr-26_ibr-38_1.txt 1024 1455882038 1455882038
ibr-26_ibr-41_1.txt 1024 1455881973 1455881973
ibr-26_ibr-41_2.txt 1024 1455882633 1455882633
ibr-26_ibr-41_3.txt 1024 1455883723 1455883723
ibr-26_ibr-41_4.txt 1024 1455884423 1455884423
ibr-26_ibr-46_1.txt 1024 1455881733 1455881733
ibr-26_ibr-46_2.txt 1024 1455883253 1455883253
ibr-26_ibr-46_3.txt 1024 1455884373 1455884373
ibr-26_ibr-51_1.txt 1024 1455881858 1455881858
ibr-26_ibr-51_2.txt 1024 1455883423 1455883423
ibr-26_ibr-51_3.txt 1024 1455883563 1455883563
ibr-26_ibr-51_4.txt 1024 1455883643 1455883643
ibr-26_ibr-51_5.txt 1024 1455884453 1455884453
ibr-26_ibr-53_1.txt 1024 1455884398 1455884398
ibr-26_ibr-55_1.txt 1024 1455882828 1455882828
ibr-26_ibr-55_2.txt 1024 1455884508 1455884508
ibr-26_ibr-56_1.txt 1024 1455881803 1455881803
ibr-26_ibr-56_2.txt 1024 1455881843 1455881843
ibr-26_ibr-56_3.txt 1024 1455882023 1455882023
ibr-26_ibr-56_4.txt 1024 1455884003 1455884003
ibr-26_ibr-56_5.txt 1024 1455884123 1455884123
ibr-26_ibr-56_6.txt 1024 1455884133 1455884133
ibr-26_ibr-56_7.txt 1024 1455884403 1455884403
ibr-26_ibr-56_8.txt 1024 1455884433 1455884433
ibr-26_ibr-6_1.txt 1024 1455881753 1455881753
ibr-26_ibr-6_2.txt 1024 1455881923 1455881923
ibr-26_ibr-6_3.txt 1024 1455882833 1455882833
ibr-26_ibr-6_4.txt 1024 1455882863 1455882863
ibr-26_ibr-6_5.txt 1024 1455883178 1455883178
ibr-26_ibr-6_6.txt 1024 1455883203 1455883203
ibr-27_ibr-18_1.txt 1024 1455883228 1455883228
ibr-27_ibr-21_1.txt 1024 1455883658 1455883658
ibr-27_ibr-22_1.txt 1024 1455884238 1455884238
ibr-27_ibr-25_1.txt 1024 1455883108 1455883108
ibr-27_ibr-35_1.txt 1024 1455883758 1455883758
ibr-27_ibr-39_1.txt 1024 1455883058 1455883058
ibr-27_ibr-39_2.txt 1024 1455883068 1455883068
ibr-27_ibr-43_1.txt 1024 1455883418 1455883418
ibr-27_ibr-48_1.txt 1024 1455882148 1455882148
ibr-27_ibr-5_1.txt 1024 1455883568 1455883568
ibr-27_ibr-53_1.txt 1024 1455883948 1455883948
ibr-27_ibr-56_1.txt 1024 1455883298 1455883298
ibr-27_ibr-9_1.txt 1024 1455884218 1455884218
ibr-27_ibr-9_2.txt 1024 1455884408 1455884408
ibr-28_ibr-14_1.txt 1024 1455882278 1455882278
ibr-28_ibr-19_1.txt 1024 1455881838 1455881838
ibr-28_ibr-26_1.txt 1024 1455884138 1455884138
ibr-28_ibr-33_1.txt 1024 1455883178 1455883178
ibr-28_ibr-45_1.txt 1024 1455883088 1455883088
ibr-28_ibr-5_1.txt 1024 1455883808 1455883808
ibr-28_ibr-9_1.txt 1024 1455883258 1455883258
ibr-29_ibr-10_1.txt 1024 1455883158 1455883158
ibr-29_ibr-23_1.txt 1024 1455881718 1455881718
ibr-29_ibr-26_1.txt 1024 1455884318 1455884318
ibr-29_ibr-3_1.txt 1024 1455884258 1455884258
ibr-29_ibr-32_1.txt 1024 1455882068 1455882068
ibr-29_ibr-38_1.txt 1024 1455883098 1455883098
ibr-29_ibr-40_1.txt 1024 1455883908 1455883908
ibr-29_ibr-41_1.txt 1024 1455883658 1455883658
ibr-29_ibr-42_1.txt 1024 1455882558 1455882558
ibr-29_ibr-42_2.txt 1024 1455882788 1455882788
ibr-29_ibr-8_1.txt 1024 1455882248 1455882248
ibr-29_ibr-9_1.txt 1024 1455882988 1455882988
ibr-2_ibr-12_1.txt 1024 1455882128 1455882128
ibr-2_ibr-25_1.txt 1024 1455883248 1455883248
ibr-2_ibr-3_1.txt 1024 1455883358 1455883358
ibr-2_ibr-49_1.txt 1024 1455884298 1455884298
ibr-2_ibr-51_1.txt 1024 1455882238 1455882238
ibr-2_ibr-54_1.txt 1024 1455882928 1455882928
ibr-2_ibr-55_1.txt 1024 1455884038 1455884038
ibr-30_ibr-10_1.txt 1024 1455883708 1455883708
ibr-30_ibr-35_1.txt 1024 1455882628 1455882628
ibr-30_ibr-42_1.txt 1024 1455884188 1455884188
ibr-30_ibr-45_1.txt 1024 1455884518 1455884518
ibr-30_ibr-6_1.txt 1024 1455884048 1455884048
ibr-31_ibr-10_1.txt 1024 1455882748 1455882748
ibr-31_ibr-11_1.txt 1024 1455883173 1455883173
ibr-31_ibr-11_2.txt 1024 1455883803 1455883803
ibr-31_ibr-11_3.txt 1024 1455884333 1455884333
ibr-31_ibr-1_1.txt 1024 1455881953 1455881953
ibr-31_ibr-1_2.txt 1024 1455882863 1455882863
ibr-31_ibr-1_3.txt 1024 1455882923 1455882923
ibr-31_ibr-1_4.txt 1024 1455883113 1455883113
ibr-31_ibr-1_5.txt 1024 1455883683 1455883683
ibr-31_ibr-16_1.txt 1024 1455882143 1455882143
ibr-31_ibr-16_2.txt 1024 1455883013 1455883013
ibr-31_ibr-16_3.txt 1024 1455883138 1455883138
ibr-31_ibr-16_4.txt 1024 1455883353 1455883353
ibr-31_ibr-16_5.txt 1024 1455884483 1455884483
ibr-31_ibr-1_6.txt 1024 1455883763 1455883763
ibr-31_ibr-1_7.txt 1024 1455884113 1455884113
ibr-31_ibr-18_1.txt 1024 1455883078 1455883078
ibr-31_ibr-21_1.txt 1024 1455882243 1455882243
ibr-31_ibr-21_2.txt 1024 1455882293 1455882293
ibr-31_ibr-21_3.txt 1024 1455882913 1455882913
ibr-31_ibr-21_4.txt 1024 1455883093 1455883093
ibr-31_ibr-21_5.txt 1024 1455884343 1455884343
ibr-31_ibr-24_1.txt 1024 1455884318 1455884318
ibr-31_ibr-25_1.txt 1024 1455882108 1455882108
ibr-31_ibr-25_2.txt 1024 1455883298 1455883298
ibr-31_ibr-26_10.txt 1024 1455883813 1455883813
ibr-31_ibr-26_1.txt 1024 1455881623 1455881623
ibr-31_ibr-26_2.txt 1024 1455882063 1455882063
ibr-31_ibr-26_3.txt 1024 1455882553 1455882553
ibr-31_ibr-26_4.txt 1024 1455882643 1455882643
ibr-31_ibr-26_5.txt 1024 1455882673 1455882673
ibr-31_ibr-26_6.txt 1024 1455882903 1455882903
ibr-31_ibr-26_7.txt 1024 1455883533 1455883533
ibr-31_ibr-26_8.txt 1024 1455883723 1455883723
ibr-31_ibr-26_9.txt 1024 1455883783 1455883783
ibr-31_ibr-28_1.txt 1024 1455882888 1455882888
ibr-31_ibr-33_1.txt 1024 1455883248 1455883248
ibr-31_ibr-36_1.txt 1024 1455882053 1455882053
ibr-31_ibr-36_2.txt 1024 1455883443 1455883443
ibr-31_ibr-40_1.txt 1024 1455883468 1455883468
ibr-31_ibr-40_2.txt 1024 1455883768 1455883768
ibr-31_ibr-40_3.txt 1024 1455883798 1455883798
ibr-31_ibr-41_1.txt 1024 1455881853 1455881853
ibr-31_ibr-41_2.txt 1024 1455882033 1455882033
ibr-31_ibr-41_3.txt 1024 1455882113 1455882113
ibr-31_ibr-41_4.txt 1024 1455883053 1455883053
ibr-31_ibr-41_5.txt 1024 1455884233 1455884233
ibr-31_ibr-41_6.txt 1024 1455884563 1455884563
ibr-31_ibr-42_1.txt 1024 1455881668 1455881668
ibr-31_ibr-46_1.txt 1024 1455882043 1455882043
ibr-31_ibr-46_2.txt 1024 1455882163 1455882163
ibr-31_ibr-46_3.txt 1024 1455882713 1455882713
ibr-31_ibr-46_4.txt 1024 1455882973 1455882973
ibr-31_ibr-46_5.txt 1024 1455883513 1455883513
ibr-31_ibr-46_6.txt 1024 1455884123 1455884123
ibr-31_ibr-46_7.txt 1024 1455884393 1455884393
ibr-31_ibr-50_1.txt 1024 1455882718 1455882718
ibr-31_ibr-51_1.txt 1024 1455883953 1455883953
ibr-31_ibr-51_2.txt 1024 1455884043 1455884043
ibr-31_ibr-56_1.txt 1024 1455883133 1455883133
ibr-31_ibr-56_2.txt 1024 1455883343 1455883343
ibr-31_ibr-56_3.txt 1024 1455883883 1455883883
ibr-31_ibr-56_4.txt 1024 1455884173 1455884173
ibr-31_ibr-56_5.txt 1024 1455884363 1455884363
ibr-31_ibr-6_1.txt 1024 1455881713 1455881713
ibr-31_ibr-6_2.txt 1024 1455882743 1455882743
ibr-31_ibr-6_3.txt 1024 1455883283 1455883283
ibr-31_ibr-6_4.txt 1024 1455883453 1455883453
ibr-31_ibr-6_5.txt 1024 1455883733 1455883733
ibr-31_ibr-6_6.txt 1024 1455884293 1455884293
ibr-32_ibr-14_1.txt 1024 1455882608 1455882608
ibr-32_ibr-16_1.txt 1024 1455882028 1455882028
ibr-32_ibr-29_1.txt 1024 1455882658 1455882658
ibr-32_ibr-29_2.txt 1024 1455883998 1455883998
ibr-32_ibr-33_1.txt 1024 1455883838 1455883838
ibr-32_ibr-41_1.txt 1024 1455882168 1455882168
ibr-32_ibr-47_1.txt 1024 1455884098 1455884098
ibr-32_ibr-54_1.txt 1024 1455884388 1455884388
ibr-33_ibr-12_1.txt 1024 1455882738 1455882738
ibr-33_ibr-20_1.txt 1024 1455884418 1455884418
ibr-33_ibr-21_1.txt 1024 1455882488 1455882488
ibr-33_ibr-23_1.txt 1024 1455884038 1455884038
ibr-33_ibr-25_1.txt 1024 1455882188 1455882188
ibr-33_ibr-30_1.txt 1024 1455884028 1455884028
ibr-33_ibr-34_1.txt 1024 1455884278 1455884278
ibr-33_ibr-48_1.txt 1024 1455884498 1455884498
ibr-33_ibr-55_1.txt 1024 1455882898 1455882898
ibr-34_ibr-17_1.txt 1024 1455883898 1455883898
ibr-34_ibr-26_1.txt 1024 1455884508 1455884508
ibr-34_ibr-27_1.txt 1024 1455884478 1455884478
ibr-34_ibr-31_1.txt 1024 1455883508 1455883508
ibr-34_ibr-43_1.txt 1024 1455881808 1455881808
ibr-34_ibr-55_1.txt 1024 1455882698 1455882698
ibr-34_ibr-6_1.txt 1024 1455884308 1455884308
ibr-34_ibr-9_1.txt 1024 1455881618 1455881618
ibr-35_ibr-14_1.txt 1024 1455882428 1455882428
ibr-35_ibr-19_1.txt 1024 1455883078 1455883078
ibr-35_ibr-2_1.txt 1024 1455883118 1455883118
ibr-35_ibr-24_1.txt 1024 1455884208 1455884208
ibr-35_ibr-25_1.txt 1024 1455884558 1455884558
ibr-35_ibr-27_1.txt 1024 1455882908 1455882908
ibr-35_ibr-42_1.txt 1024 1455882588 1455882588
ibr-35_ibr-46_1.txt 1024 1455881798 1455881798
ibr-35_ibr-52_1.txt 1024 1455884338 1455884338
ibr-35_ibr-53_1.txt 1024 1455882918 1455882918
ibr-36_ibr-11_1.txt 1024 1455882213 1455882213
ibr-36_ibr-11_2.txt 1024 1455882313 1455882313
ibr-36_ibr-11_3.txt 1024 1455882493 1455882493
ibr-36_ibr-11_4.txt 1024 1455882503 1455882503
ibr-36_ibr-11_5.txt 1024 1455883713 1455883713
ibr-36_ibr-1_1.txt 1024 1455882453 1455882453
ibr-36_ibr-1_2.txt 1024 1455882623 1455882623
ibr-36_ibr-1_3.txt 1024 1455883633 1455883633
ibr-36_ibr-16_1.txt 1024 1455882183 1455882183
ibr-36_ibr-16_2.txt 1024 1455883083 1455883083
ibr-36_ibr-16_3.txt 1024 1455884513 1455884513
ibr-36_ibr-19_1.txt 1024 1455883878 1455883878
ibr-36_ibr-21_1.txt 1024 1455882008 1455882008
ibr-36_ibr-21_2.txt 1024 1455882533 1455882533
ibr-36_ibr-21_3.txt 1024 1455883243 1455883243
ibr-36_ibr-2_1.txt 1024 1455881908 1455881908
ibr-36_ibr-25_1.txt 1024 1455882648 1455882648
ibr-36_ibr-26_1.txt 1024 1455882603 1455882603
ibr-36_ibr-26_2.txt 1024 1455884133 1455884133
ibr-36_ibr-26_3.txt 1024 1455884263 1455884263
ibr-36_ibr-31_1.txt 1024 1455881783 1455881783
ibr-36_ibr-31_2.txt 1024 1455881873 1455881873
ibr-36_ibr-31_3.txt 1024 1455881983 1455881983
ibr-36_ibr-31_4.txt 1024 1455882813 1455882813
ibr-36_ibr-31_5.txt 1024 1455883473 1455883473
ibr-36_ibr-34_1.txt 1024 1455883728 1455883728
ibr-36_ibr-35_1.txt 1024 1455883028 1455883028
ibr-36_ibr-41_1.txt 1024 1455881973 1455881973
ibr-36_ibr-41_2.txt 1024 1455882333 1455882333
ibr-36_ibr-41_3.txt 1024 1455883583 1455883583
ibr-36_ibr-46_1.txt 1024 1455883593 1455883593
ibr-36_ibr-46_2.txt 1024 1455883703 1455883703
ibr-36_ibr-46_3.txt 1024 1455884303 1455884303
ibr-36_ibr-46_4.txt 1024 1455884443 1455884443
ibr-36_ibr-51_1.txt 1024 1455881863 1455881863
ibr-36_ibr-51_2.txt 1024 1455882003 1455882003
ibr-36_ibr-51_3.txt 1024 1455882733 1455882733
ibr-36_ibr-51_4.txt 1024 1455883553 1455883553
ibr-36_ibr-53_1.txt 1024 1455882968 1455882968
ibr-36_ibr-55_1.txt 1024 1455883528 1455883528
ibr-36_ibr-56_1.txt 1024 1455881913 1455881913
ibr-36_ibr-56_2.txt 1024 1455882133 1455882133
ibr-36_ibr-56_3.txt 1024 1455882593 1455882593
ibr-36_ibr-56_4.txt 1024 1455883123 1455883123
ibr-36_ibr-56_5.txt 1024 1455883773 1455883773
ibr-36_ibr-56_6.txt 1024 1455884063 1455884063
ibr-36_ibr-56_7.txt 1024 1455884573 1455884573
ibr-36_ibr-6_1.txt 1024 1455881613 1455881613
ibr-36_ibr-6_2.txt 1024 1455881643 1455881643
ibr-36_ibr-6_3.txt 1024 1455882193 1455882193
ibr-36_ibr-6_4.txt 1024 1455882323 1455882323
ibr-36_ibr-6_5.txt 1024 1455882783 1455882783
ibr-36_ibr-6_6.txt 1024 1455883233 1455883233
ibr-36_ibr-6_7.txt 1024 1455884143 1455884143
ibr-36_ibr-9_1.txt 1024 1455882038 1455882038
ibr-37_ibr-11_1.txt 1024 1455881968 1455881968
ibr-37_ibr-17_1.txt 1024 1455883448 1455883448
ibr-37_ibr-19_1.txt 1024 1455883048 1455883048
ibr-37_ibr-2_1.txt 1024 1455883138 1455883138
ibr-37_ibr-25_1.txt 1024 1455881958 1455881958
ibr-37_ibr-38_1.txt 1024 1455884198 1455884198
ibr-37_ibr-39_1.txt 1024 1455884488 1455884488
ibr-37_ibr-40_1.txt 1024 1455883668 1455883668
ibr-37_ibr-41_1.txt 1024 1455881818 1455881818
ibr-37_ibr-46_1.txt 1024 1455883068 1455883068
ibr-37_ibr-49_1.txt 1024 1455881708 1455881708
ibr-37_ibr-52_1.txt 1024 1455883428 1455883428
ibr-37_ibr-56_1.txt 1024 1455882978 1455882978
ibr-37_ibr-9_1.txt 1024 1455881928 1455881928
ibr-38_ibr-13_1.txt 1024 1455882068 1455882068
ibr-38_ibr-25_1.txt 1024 1455881858 1455881858
ibr-38_ibr-26_1.txt 1024 1455882708 1455882708
ibr-38_ibr-27_1.txt 1024 1455884148 1455884148
ibr-38_ibr-28_1.txt 1024 1455883328 1455883328
ibr-38_ibr-3_1.txt 1024 1455881848 1455881848
ibr-38_ibr-33_1.txt 1024 1455883198 1455883198
ibr-38_ibr-36_1.txt 1024 1455884578 1455884578
ibr-38_ibr-40_1.txt 1024 1455881908 1455881908
ibr-38_ibr-4_1.txt 1024 1455884088 1455884088
ibr-38_ibr-5_1.txt 1024 1455882398 1455882398
ibr-39_ibr-11_1.txt 1024 1455882108 1455882108
ibr-39_ibr-13_1.txt 1024 1455883828 1455883828
ibr-39_ibr-18_1.txt 1024 1455883758 1455883758
ibr-39_ibr-22_1.txt 1024 1455882118 1455882118
ibr-39_ibr-22_2.txt 1024 1455883608 1455883608
ibr-39_ibr-27_1.txt 1024 1455883348 1455883348
ibr-39_ibr-28_1.txt 1024 1455881608 1455881608
ibr-39_ibr-33_1.txt 1024 1455881638 1455881638
ibr-39_ibr-36_1.txt 1024 1455882648 1455882648
ibr-39_ibr-40_1.txt 1024 1455882688 1455882688
ibr-39_ibr-41_1.txt 1024 1455881948 1455881948
ibr-39_ibr-47_1.txt 1024 1455883018 1455883018
ibr-39_ibr-48_1.txt 1024 1455883698 1455883698
ibr-39_ibr-52_1.txt 1024 1455882538 1455882538
ibr-39_ibr-55_1.txt 1024 1455883508 1455883508
ibr-39_ibr-56_1.txt 1024 1455881888 1455881888
ibr-39_ibr-9_1.txt 1024 1455884518 1455884518
ibr-3_ibr-11_1.txt 1024 1455883978 1455883978
ibr-3_ibr-14_1.txt 1024 1455883378 1455883378
ibr-3_ibr-15_1.txt 1024 1455883388 1455883388
ibr-3_ibr-18_1.txt 1024 1455883038 1455883038
ibr-3_ibr-19_1.txt 1024 1455882318 1455882318
ibr-3_ibr-19_2.txt 1024 1455882548 1455882548
ibr-3_ibr-28_1.txt 1024 1455883518 1455883518
ibr-3_ibr-28_2.txt 1024 1455884438 1455884438
ibr-3_ibr-41_1.txt 1024 1455883988 1455883988
ibr-3_ibr-42_1.txt 1024 1455884268 1455884268
ibr-3_ibr-43_1.txt 1024 1455882138 1455882138
ibr-3_ibr-5_1.txt 1024 1455884458 1455884458
ibr-3_ibr-53_1.txt 1024 1455882468 1455882468
ibr-3_ibr-55_1.txt 1024 1455883878 1455883878
ibr-3_ibr-56_1.txt 1024 1455881768 1455881768
ibr-3_ibr-6_1.txt 1024 1455881828 1455881828
ibr-40_ibr-10_1.txt 1024 1455883118 1455883118
ibr-40_ibr-12_1.txt 1024 1455883368 1455883368
ibr-40_ibr-15_1.txt 1024 1455882308 1455882308
ibr-40_ibr-27_1.txt 1024 1455883408 1455883408
ibr-40_ibr-28_1.txt 1024 1455884178 1455884178
ibr-40_ibr-3_1.txt 1024 1455883428 1455883428
ibr-40_ibr-33_1.txt 1024 1455883798 1455883798
ibr-40_ibr-35_1.txt 1024 1455883268 1455883268
ibr-40_ibr-39_1.txt 1024 1455883898 1455883898
ibr-40_ibr-51_1.txt 1024 1455883438 1455883438
ibr-40_ibr-5_1.txt 1024 1455883318 1455883318
ibr-40_ibr-53_1.txt 1024 1455882598 1455882598
ibr-40_ibr-7_1.txt 1024 1455884208 1455884208
ibr-41_ibr-11_1.txt 1024 1455882393 1455882393
ibr-41_ibr-11_2.txt 1024 1455882583 1455882583
ibr-41_ibr-11_3.txt 1024 1455882623 1455882623
ibr-41_ibr-11_4.txt 1024 1455883393 1455883393
ibr-41_ibr-11_5.txt 1024 1455884473 1455884473
ibr-41_ibr-1_1.txt 1024 1455882103 1455882103
ibr-41_ibr-1_2.txt 1024 1455882843 1455882843
ibr-41_ibr-1_3.txt 1024 1455882943 1455882943
ibr-41_ibr-1_4.txt 1024 1455883523 1455883523
ibr-41_ibr-15_1.txt 1024 1455881918 1455881918
ibr-41_ibr-1_5.txt 1024 1455883973 1455883973
ibr-41_ibr-16_1.txt 1024 1455881963 1455881963
ibr-41_ibr-16_2.txt 1024 1455882343 1455882343
ibr-41_ibr-16_3.txt 1024 1455883263 1455883263
ibr-41_ibr-16_4.txt 1024 1455883313 1455883313
ibr-41_ibr-16_5.txt 1024 1455884543 1455884543
ibr-41_ibr-1_6.txt 1024 1455884153 1455884153
ibr-41_ibr-17_1.txt 1024 1455881868 1455881868
ibr-41_ibr-1_7.txt 1024 1455884273 1455884273
ibr-41_ibr-1_8.txt 1024 1455884393 1455884393
ibr-41_ibr-21_1.txt 1024 1455882753 1455882753
ibr-41_ibr-21_2.txt 1024 1455882883 1455882883
ibr-41_ibr-21_3.txt 1024 1455882973 1455882973
ibr-41_ibr-21_4.txt 1024 1455883333 1455883333
ibr-41_ibr-21_5.txt 1024 1455883613 1455883613
ibr-41_ibr-25_1.txt 1024 1455883638 1455883638
ibr-41_ibr-26_10.txt 1024 1455884253 1455884253
ibr-41_ibr-26_1.txt 1024 1455881653 1455881653
ibr-41_ibr-26_2.txt 1024 1455881793 1455881793
ibr-41_ibr-26_3.txt 1024 1455881853 1455881853
ibr-41_ibr-26_4.txt 1024 1455882223 1455882223
ibr-41_ibr-26_5.txt 1024 1455882353 1455882353
ibr-41_ibr-26_6.txt 1024 1455882683 1455882683
ibr-41_ibr-26_7.txt 1024 1455882893 1455882893
ibr-41_ibr-26_8.txt 1024 1455882953 1455882953
ibr-41_ibr-26_9.txt 1024 1455883643 1455883643
ibr-41_ibr-31_1.txt 1024 1455881873 1455881873
ibr-41_ibr-31_2.txt 1024 1455883123 1455883123
ibr-41_ibr-31_3.txt 1024 1455883253 1455883253
ibr-41_ibr-31_4.txt 1024 1455883893 1455883893
ibr-41_ibr-33_1.txt 1024 1455882158 1455882158
ibr-41_ibr-36_1.txt 1024 1455882473 1455882473
ibr-41_ibr-36_2.txt 1024 1455882513 1455882513
ibr-41_ibr-36_3.txt 1024 1455884193 1455884193
ibr-41_ibr-46_1.txt 1024 1455881623 1455881623
ibr-41_ibr-46_2.txt 1024 1455881663 1455881663
ibr-41_ibr-46_3.txt 1024 1455884383 1455884383
ibr-41_ibr-47_1.txt 1024 1455882918 1455882918
ibr-41_ibr-50_1.txt 1024 1455882178 1455882178
ibr-41_ibr-51_1.txt 1024 1455882173 1455882173
ibr-41_ibr-51_2.txt 1024 1455882653 1455882653
ibr-41_ibr-51_3.txt 1024 1455883023 1455883023
ibr-41_ibr-51_4.txt 1024 1455883373 1455883373
ibr-41_ibr-51_5.txt 1024 1455883693 1455883693
ibr-41_ibr-51_6.txt 1024 1455883933 1455883933
ibr-41_ibr-51_7.txt 1024 1455884303 1455884303
ibr-41_ibr-56_1.txt 1024 1455882273 1455882273
ibr-41_ibr-56_2.txt 1024 1455882483 1455882483
ibr-41_ibr-56_3.txt 1024 1455882673 1455882673
ibr-41_ibr-56_4.txt 1024 1455883033 1455883033
ibr-41_ibr-56_5.txt 1024 1455883223 1455883223
ibr-41_ibr-56_6.txt 1024 1455884213 1455884213
ibr-41_ibr-6_1.txt 1024 1455881643 1455881643
ibr-41_ibr-6_2.txt 1024 1455882213 1455882213
ibr-41_ibr-6_3.txt 1024 1455882333 1455882333
ibr-41_ibr-6_4.txt 1024 1455882363 1455882363
ibr-41_ibr-6_5.txt 1024 1455882563 1455882563
ibr-41_ibr-6_6.txt 1024 1455883128 1455883128
ibr-41_ibr-6_7.txt 1024 1455883673 1455883673
ibr-41_ibr-6_8.txt 1024 1455883793 1455883793
ibr-41_ibr-6_9.txt 1024 1455884423 1455884423
ibr-41_ibr-7_1.txt 1024 1455881778 1455881778
ibr-41_ibr-7_2.txt 1024 1455884128 1455884128
ibr-41_ibr-9_1.txt 1024 1455882508 1455882508
ibr-42_ibr-23_1.txt 1024 1455882718 1455882718
ibr-42_ibr-23_2.txt 1024 1455883918 1455883918
ibr-42_ibr-27_1.txt 1024 1455882958 1455882958
ibr-42_ibr-27_2.txt 1024 1455883048 1455883048
ibr-42_ibr-36_1.txt 1024 1455882938 1455882938
ibr-42_ibr-39_1.txt 1024 1455883698 1455883698
ibr-42_ibr-44_1.txt 1024 1455882008 1455882008
ibr-42_ibr-44_2.txt 1024 1455883218 1455883218
ibr-42_ibr-48_1.txt 1024 1455882968 1455882968
ibr-42_ibr-51_1.txt 1024 1455883888 1455883888
ibr-42_ibr-8_1.txt 1024 1455881668 1455881668
ibr-43_ibr-13_1.txt 1024 1455882998 1455882998
ibr-43_ibr-14_1.txt 1024 1455882778 1455882778
ibr-43_ibr-16_1.txt 1024 1455883688 1455883688
ibr-43_ibr-17_1.txt 1024 1455884528 1455884528
ibr-43_ibr-20_1.txt 1024 1455882048 1455882048
ibr-43_ibr-25_1.txt 1024 1455884268 1455884268
ibr-43_ibr-26_1.txt 1024 1455881898 1455881898
ibr-43_ibr-3_1.txt 1024 1455882578 1455882578
ibr-43_ibr-32_1.txt 1024 1455883618 1455883618
ibr-43_ibr-34_1.txt 1024 1455882348 1455882348
ibr-43_ibr-40_1.txt 1024 1455883038 1455883038
ibr-43_ibr-44_1.txt 1024 1455884378 1455884378
ibr-43_ibr-46_1.txt 1024 1455882798 1455882798
ibr-43_ibr-46_2.txt 1024 1455884548 1455884548
ibr-43_ibr-47_1.txt 1024 1455882198 1455882198
ibr-43_ibr-50_1.txt 1024 1455883888 1455883888
ibr-44_ibr-14_1.txt 1024 1455881918 1455881918
ibr-44_ibr-17_1.txt 1024 1455884068 1455884068
ibr-44_ibr-2_1.txt 1024 1455881978 1455881978
ibr-44_ibr-24_1.txt 1024 1455882188 1455882188
ibr-44_ibr-28_1.txt 1024 1455881728 1455881728
ibr-44_ibr-31_1.txt 1024 1455881788 1455881788
ibr-44_ibr-31_2.txt 1024 1455884178 1455884178
ibr-44_ibr-38_1.txt 1024 1455882808 1455882808
ibr-44_ibr-39_1.txt 1024 1455882908 1455882908
ibr-44_ibr-42_1.txt 1024 1455884568 1455884568
ibr-44_ibr-48_1.txt 1024 1455883848 1455883848
ibr-44_ibr-49_1.txt 1024 1455882588 1455882588
ibr-44_ibr-55_1.txt 1024 1455882378 1455882378
ibr-44_ibr-6_1.txt 1024 1455883738 1455883738
ibr-45_ibr-15_1.txt 1024 1455883498 1455883498
ibr-45_ibr-29_1.txt 1024 1455883848 1455883848
ibr-45_ibr-39_1.txt 1024 1455884018 1455884018
ibr-45_ibr-43_1.txt 1024 1455882058 1455882058
ibr-45_ibr-46_1.txt 1024 1455882168 1455882168
ibr-45_ibr-47_1.txt 1024 1455882848 1455882848
ibr-45_ibr-54_1.txt 1024 1455882498 1455882498
ibr-45_ibr-9_1.txt 1024 1455882818 1455882818
ibr-46_ibr-11_1.txt 1024 1455881703 1455881703
ibr-46_ibr-11_2.txt 1024 1455882433 1455882433
ibr-46_ibr-11_3.txt 1024 1455883293 1455883293
ibr-46_ibr-11_4.txt 1024 1455883343 1455883343
ibr-46_ibr-1_1.txt 1024 1455883543 1455883543
ibr-46_ibr-1_2.txt 1024 1455884163 1455884163
ibr-46_ibr-13_1.txt 1024 1455881658 1455881658
ibr-46_ibr-1_3.txt 1024 1455884333 1455884333
ibr-46_ibr-1_4.txt 1024 1455884413 1455884413
ibr-46_ibr-1_5.txt 1024 1455884533 1455884533
ibr-46_ibr-16_1.txt 1024 1455882523 1455882523
ibr-46_ibr-16_2.txt 1024 1455882823 1455882823
ibr-46_ibr-16_3.txt 1024 1455883863 1455883863
ibr-46_ibr-16_4.txt 1024 1455884083 1455884083
ibr-46_ibr-20_1.txt 1024 1455883618 1455883618
ibr-46_ibr-21_1.txt 1024 1455881843 1455881843
ibr-46_ibr-21_2.txt 1024 1455882543 1455882543
ibr-46_ibr-21_3.txt 1024 1455883223 1455883223
ibr-46_ibr-21_4.txt 1024 1455884443 1455884443
ibr-46_ibr-21_5.txt 1024 1455884493 1455884493
ibr-46_ibr-2_1.txt 1024 1455884418 1455884418
ibr-46_ibr-25_1.txt 1024 1455881938 1455881938
ibr-46_ibr-26_1.txt 1024 1455881903 1455881903
ibr-46_ibr-26_2.txt 1024 1455882143 1455882143
ibr-46_ibr-26_3.txt 1024 1455882443 1455882443
ibr-46_ibr-26_4.txt 1024 1455882963 1455882963
ibr-46_ibr-26_5.txt 1024 1455883903 1455883903
ibr-46_ibr-31_1.txt 1024 1455882123 1455882123
ibr-46_ibr-31_2.txt 1024 1455883023 1455883023
ibr-46_ibr-31_3.txt 1024 1455883143 1455883143
ibr-46_ibr-31_4.txt 1024 1455884033 1455884033
ibr-46_ibr-31_5.txt 1024 1455884353 1455884353
ibr-46_ibr-31_6.txt 1024 1455884363 1455884363
ibr-46_ibr-32_1.txt 1024 1455883088 1455883088
ibr-46_ibr-36_1.txt 1024 1455883053 1455883053
ibr-46_ibr-36_2.txt 1024 1455883173 1455883173
ibr-46_ibr-36_3.txt 1024 1455883463 1455883463
ibr-46_ibr-36_4.txt 1024 1455884073 1455884073
ibr-46_ibr-36_5.txt 1024 1455884583 1455884583
ibr-46_ibr-41_1.txt 1024 1455881933 1455881933
ibr-46_ibr-41_2.txt 1024 1455882093 1455882093
ibr-46_ibr-41_3.txt 1024 1455883803 1455883803
ibr-46_ibr-44_1.txt 1024 1455882738 1455882738
ibr-46_ibr-51_1.txt 1024 1455882203 1455882203
ibr-46_ibr-51_2.txt 1024 1455882233 1455882233
ibr-46_ibr-51_3.txt 1024 1455884193 1455884193
ibr-46_ibr-5_1.txt 1024 1455881738 1455881738
ibr-46_ibr-56_1.txt 1024 1455883673 1455883673
ibr-46_ibr-6_10.txt 1024 1455884473 1455884473
ibr-46_ibr-6_1.txt 1024 1455882373 1455882373
ibr-46_ibr-6_2.txt 1024 1455882613 1455882613
ibr-46_ibr-6_3.txt 1024 1455882753 1455882753
ibr-46_ibr-6_4.txt 1024 1455882783 1455882783
ibr-46_ibr-6_5.txt 1024 1455883043 1455883043
ibr-46_ibr-6_6.txt 1024 1455883633 1455883633
ibr-46_ibr-6_7.txt 1024 1455883753 1455883753
ibr-46_ibr-6_8.txt 1024 1455883833 1455883833
ibr-46_ibr-6_9.txt 1024 1455884463 1455884463
ibr-47_ibr-18_1.txt 1024 1455882538 1455882538
ibr-47_ibr-18_2.txt 1024 1455884148 1455884148
ibr-47_ibr-23_1.txt 1024 1455881748 1455881748
ibr-47_ibr-34_1.txt 1024 1455882678 1455882678
ibr-47_ibr-35_1.txt 1024 1455883228 1455883228
ibr-47_ibr-38_1.txt 1024 1455882198 1455882198
ibr-47_ibr-41_1.txt 1024 1455881998 1455881998
ibr-47_ibr-45_1.txt 1024 1455883648 1455883648
ibr-47_ibr-49_1.txt 1024 1455884158 1455884158
ibr-47_ibr-7_1.txt 1024 1455883868 1455883868
ibr-48_ibr-10_1.txt 1024 1455881808 1455881808
ibr-48_ibr-10_2.txt 1024 1455883438 1455883438
ibr-48_ibr-15_1.txt 1024 1455882638 1455882638
ibr-48_ibr-23_1.txt 1024 1455881598 1455881598
ibr-48_ibr-26_1.txt 1024 1455884118 1455884118
ibr-48_ibr-3_1.txt 1024 1455883748 1455883748
ibr-48_ibr-39_1.txt 1024 1455883938 1455883938
ibr-48_ibr-41_1.txt 1024 1455882018 1455882018
ibr-48_ibr-45_1.txt 1024 1455883818 1455883818
ibr-48_ibr-55_1.txt 1024 1455881788 1455881788
ibr-48_ibr-6_1.txt 1024 1455881648 1455881648
ibr-48_ibr-6_2.txt 1024 1455881798 1455881798
ibr-48_ibr-7_1.txt 1024 1455882668 1455882668
ibr-49_ibr-25_1.txt 1024 1455883858 1455883858
ibr-49_ibr-30_1.txt 1024 1455881848 1455881848
ibr-49_ibr-33_1.txt 1024 1455883388 1455883388
ibr-49_ibr-36_1.txt 1024 1455883768 1455883768
ibr-49_ibr-37_1.txt 1024 1455882438 1455882438
ibr-49_ibr-48_1.txt 1024 1455883778 1455883778
ibr-49_ibr-53_1.txt 1024 1455883018 1455883018
ibr-4_ibr-18_1.txt 1024 1455881998 1455881998
ibr-4_ibr-28_1.txt 1024 1455884128 1455884128
ibr-4_ibr-3_1.txt 1024 1455883708 1455883708
ibr-4_ibr-40_1.txt 1024 1455884428 1455884428
ibr-4_ibr-5_1.txt 1024 1455884388 1455884388
ibr-4_ibr-53_1.txt 1024 1455883208 1455883208
ibr-4_ibr-53_2.txt 1024 1455884168 1455884168
ibr-50_ibr-17_1.txt 1024 1455883008 1455883008
ibr-50_ibr-18_1.txt 1024 1455882978 1455882978
ibr-50_ibr-19_1.txt 1024 1455882078 1455882078
ibr-50_ibr-24_1.txt 1024 1455882758 1455882758
ibr-50_ibr-26_1.txt 1024 1455882938 1455882938
ibr-50_ibr-30_1.txt 1024 1455881988 1455881988
ibr-50_ibr-3_1.txt 1024 1455883678 1455883678
ibr-50_ibr-37_1.txt 1024 1455883548 1455883548
ibr-50_ibr-40_1.txt 1024 1455882818 1455882818
ibr-50_ibr-47_1.txt 1024 1455884338 1455884338
ibr-51_ibr-10_1.txt 1024 1455884428 1455884428
ibr-51_ibr-11_1.txt 1024 1455881633 1455881633
ibr-51_ibr-11_2.txt 1024 1455881673 1455881673
ibr-51_ibr-11_3.txt 1024 1455882903 1455882903
ibr-51_ibr-11_4.txt 1024 1455883523 1455883523
ibr-51_ibr-11_5.txt 1024 1455883553 1455883553
ibr-51_ibr-11_6.txt 1024 1455883793 1455883793
ibr-51_ibr-11_7.txt 1024 1455883923 1455883923
ibr-51_ibr-1_1.txt 1024 1455881693 1455881693
ibr-51_ibr-1_2.txt 1024 1455883353 1455883353
ibr-51_ibr-13_1.txt 1024 1455883778 1455883778
ibr-51_ibr-16_1.txt 1024 1455883463 1455883463
ibr-51_ibr-16_2.txt 1024 1455883853 1455883853
ibr-51_ibr-21_1.txt 1024 1455881603 1455881603
ibr-51_ibr-21_2.txt 1024 1455881793 1455881793
ibr-51_ibr-21_3.txt 1024 1455882013 1455882013
ibr-51_ibr-21_4.txt 1024 1455882893 1455882893
ibr-51_ibr-21_5.txt 1024 1455884103 1455884103
ibr-51_ibr-2_1.txt 1024 1455884258 1455884258
ibr-51_ibr-23_1.txt 1024 1455883978 1455883978
ibr-51_ibr-26_1.txt 1024 1455881613 1455881613
ibr-51_ibr-26_2.txt 1024 1455882303 1455882303
ibr-51_ibr-26_3.txt 1024 1455884213 1455884213
ibr-51_ibr-26_4.txt 1024 1455884343 1455884343
ibr-51_ibr-31_1.txt 1024 1455883743 1455883743
ibr-51_ibr-34_1.txt 1024 1455882098 1455882098
ibr-51_ibr-34_2.txt 1024 1455882178 1455882178
ibr-51_ibr-34_3.txt 1024 1455882618 1455882618
ibr-51_ibr-35_1.txt 1024 1455883998 1455883998
ibr-51_ibr-36_1.txt 1024 1455881823 1455881823
ibr-51_ibr-36_2.txt 1024 1455881863 1455881863
ibr-51_ibr-36_3.txt 1024 1455882323 1455882323
ibr-51_ibr-36_4.txt 1024 1455882353 1455882353
ibr-51_ibr-36_5.txt 1024 1455882793 1455882793
ibr-51_ibr-36_6.txt 1024 1455883003 1455883003
ibr-51_ibr-41_1.txt 1024 1455882203 1455882203
ibr-51_ibr-41_2.txt 1024 1455882463 1455882463
ibr-51_ibr-41_3.txt 1024 1455882763 1455882763
ibr-51_ibr-41_4.txt 1024 1455882913 1455882913
ibr-51_ibr-41_5.txt 1024 1455883453 1455883453
ibr-51_ibr-41_6.txt 1024 1455883623 1455883623
ibr-51_ibr-41_7.txt 1024 1455883873 1455883873
ibr-51_ibr-44_1.txt 1024 1455883868 1455883868
ibr-51_ibr-46_1.txt 1024 1455882733 1455882733
ibr-51_ibr-46_2.txt 1024 1455882883 1455882883
ibr-51_ibr-46_3.txt 1024 1455883153 1455883153
ibr-51_ibr-46_4.txt 1024 1455883493 1455883493
ibr-51_ibr-46_5.txt 1024 1455883833 1455883833
ibr-51_ibr-52_1.txt 1024 1455883648 1455883648
ibr-51_ibr-55_1.txt 1024 1455882948 1455882948
ibr-51_ibr-56_1.txt 1024 1455882153 1455882153
ibr-51_ibr-56_2.txt 1024 1455882443 1455882443
ibr-51_ibr-56_3.txt 1024 1455883953 1455883953
ibr-51_ibr-56_4.txt 1024 1455884143 1455884143
ibr-51_ibr-6_1.txt 1024 1455881713 1455881713
ibr-51_ibr-6_2.txt 1024 1455882243 1455882243
ibr-51_ibr-6_3.txt 1024 1455882493 1455882493
ibr-51_ibr-6_4.txt 1024 1455882653 1455882653
ibr-51_ibr-6_5.txt 1024 1455883113 1455883113
ibr-51_ibr-6_6.txt 1024 1455883753 1455883753
ibr-51_ibr-6_7.txt 1024 1455883863 1455883863
ibr-52_ibr-14_1.txt 1024 1455884238 1455884238
ibr-52_ibr-20_1.txt 1024 1455882448 1455882448
ibr-52_ibr-21_1.txt 1024 1455882808 1455882808
ibr-52_ibr-25_1.txt 1024 1455882088 1455882088
ibr-53_ibr-14_1.txt 1024 1455883558 1455883558
ibr-53_ibr-18_1.txt 1024 1455882878 1455882878
ibr-53_ibr-18_2.txt 1024 1455884498 1455884498
ibr-53_ibr-23_1.txt 1024 1455881958 1455881958
ibr-53_ibr-23_2.txt 1024 1455883158 1455883158
ibr-53_ibr-30_1.txt 1024 1455883008 1455883008
ibr-53_ibr-31_1.txt 1024 1455882348 1455882348
ibr-53_ibr-34_1.txt 1024 1455882408 1455882408
ibr-53_ibr-35_1.txt 1024 1455883318 1455883318
ibr-53_ibr-37_1.txt 1024 1455881698 1455881698
ibr-53_ibr-40_1.txt 1024 1455882478 1455882478
ibr-53_ibr-41_1.txt 1024 1455882228 1455882228
ibr-53_ibr-4_1.txt 1024 1455882868 1455882868
ibr-53_ibr-42_1.txt 1024 1455884368 1455884368
ibr-53_ibr-48_1.txt 1024 1455883588 1455883588
ibr-53_ibr-48_2.txt 1024 1455883948 1455883948
ibr-53_ibr-5_1.txt 1024 1455883918 1455883918
ibr-54_ibr-15_1.txt 1024 1455884308 1455884308
ibr-54_ibr-17_1.txt 1024 1455884228 1455884228
ibr-54_ibr-19_1.txt 1024 1455882468 1455882468
ibr-54_ibr-2_1.txt 1024 1455883668 1455883668
ibr-54_ibr-23_1.txt 1024 1455883188 1455883188
ibr-54_ibr-28_1.txt 1024 1455881628 1455881628
ibr-54_ibr-31_1.txt 1024 1455883358 1455883358
ibr-54_ibr-32_1.txt 1024 1455882568 1455882568
ibr-54_ibr-4_1.txt 1024 1455881828 1455881828
ibr-54_ibr-43_1.txt 1024 1455884068 1455884068
ibr-54_ibr-5_1.txt 1024 1455883148 1455883148
ibr-54_ibr-52_1.txt 1024 1455882418 1455882418
ibr-54_ibr-55_1.txt 1024 1455883208 1455883208
ibr-54_ibr-56_1.txt 1024 1455882858 1455882858
ibr-54_ibr-7_1.txt 1024 1455884488 1455884488
ibr-55_ibr-12_1.txt 1024 1455882028 1455882028
ibr-55_ibr-17_1.txt 1024 1455882458 1455882458
ibr-55_ibr-19_1.txt 1024 1455883728 1455883728
ibr-55_ibr-19_2.txt 1024 1455884328 1455884328
ibr-55_ibr-21_1.txt 1024 1455882748 1455882748
ibr-55_ibr-24_1.txt 1024 1455884248 1455884248
ibr-55_ibr-26_1.txt 1024 1455882388 1455882388
ibr-55_ibr-26_2.txt 1024 1455883788 1455883788
ibr-55_ibr-27_1.txt 1024 1455884058 1455884058
ibr-55_ibr-44_1.txt 1024 1455881818 1455881818
ibr-55_ibr-45_1.txt 1024 1455883308 1455883308
ibr-55_ibr-46_1.txt 1024 1455884298 1455884298
ibr-55_ibr-47_1.txt 1024 1455881748 1455881748
ibr-55_ibr-8_1.txt 1024 1455881608 1455881608
ibr-55_ibr-8_2.txt 1024 1455883058 1455883058
ibr-55_ibr-8_3.txt 1024 1455884378 1455884378
ibr-56_ibr-10_1.txt 1024 1455883108 1455883108
ibr-56_ibr-16_1.txt 1024 1455882498 1455882498
ibr-56_ibr-18_1.txt 1024 1455884088 1455884088
ibr-56_ibr-19_1.txt 1024 1455884048 1455884048
ibr-56_ibr-3_1.txt 1024 1455882448 1455882448
ibr-56_ibr-34_1.txt 1024 1455881758 1455881758
ibr-56_ibr-34_2.txt 1024 1455882298 1455882298
ibr-56_ibr-36_1.txt 1024 1455882138 1455882138
ibr-56_ibr-36_2.txt 1024 1455883288 1455883288
ibr-56_ibr-37_1.txt 1024 1455884348 1455884348
ibr-56_ibr-39_1.txt 1024 1455884108 1455884108
ibr-56_ibr-50_1.txt 1024 1455881768 1455881768
ibr-56_ibr-5_1.txt 1024 1455884288 1455884288
ibr-5_ibr-13_1.txt 1024 1455881928 1455881928
ibr-5_ibr-25_1.txt 1024 1455882708 1455882708
ibr-5_ibr-34_1.txt 1024 1455884448 1455884448
ibr-5_ibr-35_1.txt 1024 1455882478 1455882478
ibr-5_ibr-36_1.txt 1024 1455884078 1455884078
ibr-5_ibr-41_1.txt 1024 1455882058 1455882058
ibr-5_ibr-43_1.txt 1024 1455883928 1455883928
ibr-5_ibr-49_1.txt 1024 1455883808 1455883808
ibr-5_ibr-55_1.txt 1024 1455882838 1455882838
ibr-5_ibr-7_1.txt 1024 1455881838 1455881838
ibr-5_ibr-9_1.txt 1024 1455884018 1455884018
ibr-5_ibr-9_2.txt 1024 1455884438 1455884438
ibr-6_ibr-11_1.txt 1024 1455881743 1455881743
ibr-6_ibr-11_2.txt 1024 1455882113 1455882113
ibr-6_ibr-11_3.txt 1024 1455883193 1455883193
ibr-6_ibr-11_4.txt 1024 1455884153 1455884153
ibr-6_ibr-11_5.txt 1024 1455884173 1455884173
ibr-6_ibr-11_6.txt 1024 1455884463 1455884463
ibr-6_ibr-1_1.txt 1024 1455881923 1455881923
ibr-6_ibr-1_2.txt 1024 1455883273 1455883273
ibr-6_ibr-1_3.txt 1024 1455883973 1455883973
ibr-6_ibr-1_4.txt 1024 1455884583 1455884583
ibr-6_ibr-16_1.txt 1024 1455881893 1455881893
ibr-6_ibr-16_2.txt 1024 1455883073 1455883073
ibr-6_ibr-16_3.txt 1024 1455883873 1455883873
ibr-6_ibr-16_4.txt 1024 1455883993 1455883993
ibr-6_ibr-16_5.txt 1024 1455884223 1455884223
ibr-6_ibr-21_1.txt 1024 1455881883 1455881883
ibr-6_ibr-21_2.txt 1024 1455882513 1455882513
ibr-6_ibr-21_3.txt 1024 1455884183 1455884183
ibr-6_ibr-2_1.txt 1024 1455883958 1455883958
ibr-6_ibr-22_1.txt 1024 1455882958 1455882958
ibr-6_ibr-26_1.txt 1024 1455881603 1455881603
ibr-6_ibr-26_2.txt 1024 1455882363 1455882363
ibr-6_ibr-26_3.txt 1024 1455882713 1455882713
ibr-6_ibr-30_1.txt 1024 1455883098 1455883098
ibr-6_ibr-30_2.txt 1024 1455883568 1455883568
ibr-6_ibr-31_1.txt 1024 1455881933 1455881933
ibr-6_ibr-31_2.txt 1024 1455882853 1455882853
ibr-6_ibr-31_3.txt 1024 1455883503 1455883503
ibr-6_ibr-31_4.txt 1024 1455884403 1455884403
ibr-6_ibr-31_5.txt 1024 1455884433 1455884433
ibr-6_ibr-31_6.txt 1024 1455884523 1455884523
ibr-6_ibr-36_1.txt 1024 1455881903 1455881903
ibr-6_ibr-36_2.txt 1024 1455882123 1455882123
ibr-6_ibr-36_3.txt 1024 1455883333 1455883333
ibr-6_ibr-36_4.txt 1024 1455883533 1455883533
ibr-6_ibr-36_5.txt 1024 1455884293 1455884293
ibr-6_ibr-40_1.txt 1024 1455882568 1455882568
ibr-6_ibr-41_1.txt 1024 1455882483 1455882483
ibr-6_ibr-41_2.txt 1024 1455883183 1455883183
ibr-6_ibr-41_3.txt 1024 1455883403 1455883403
ibr-6_ibr-41_4.txt 1024 1455883823 1455883823
ibr-6_ibr-41_5.txt 1024 1455883913 1455883913
ibr-6_ibr-41_6.txt 1024 1455884013 1455884013
ibr-6_ibr-45_1.txt 1024 1455882218 1455882218
ibr-6_ibr-46_1.txt 1024 1455882963 1455882963
ibr-6_ibr-46_2.txt 1024 1455883613 1455883613
ibr-6_ibr-46_3.txt 1024 1455883653 1455883653
ibr-6_ibr-47_1.txt 1024 1455883498 1455883498
ibr-6_ibr-49_1.txt 1024 1455882598 1455882598
ibr-6_ibr-51_1.txt 1024 1455883363 1455883363
ibr-6_ibr-51_2.txt 1024 1455883433 1455883433
ibr-6_ibr-5_1.txt 1024 1455884138 1455884138
ibr-6_ibr-55_1.txt 1024 1455881708 1455881708
ibr-6_ibr-56_1.txt 1024 1455881833 1455881833
ibr-6_ibr-56_2.txt 1024 1455882063 1455882063
ibr-6_ibr-56_3.txt 1024 1455882283 1455882283
ibr-6_ibr-56_4.txt 1024 1455882413 1455882413
ibr-6_ibr-56_5.txt 1024 1455883893 1455883893
ibr-6_ibr-56_6.txt 1024 1455884113 1455884113
ibr-6_ibr-56_7.txt 1024 1455884243 1455884243
ibr-7_ibr-10_1.txt 1024 1455882018 1455882018
ibr-7_ibr-10_2.txt 1024 1455882508 1455882508
ibr-7_ibr-10_3.txt 1024 1455882628 1455882628
ibr-7_ibr-13_1.txt 1024 1455883838 1455883838
ibr-7_ibr-17_1.txt 1024 1455883788 1455883788
ibr-7_ibr-2_1.txt 1024 1455882328 1455882328
ibr-7_ibr-23_1.txt 1024 1455881988 1455881988
ibr-7_ibr-31_1.txt 1024 1455883128 1455883128
ibr-7_ibr-31_2.txt 1024 1455883398 1455883398
ibr-7_ibr-33_1.txt 1024 1455881948 1455881948
ibr-7_ibr-37_1.txt 1024 1455884118 1455884118
ibr-7_ibr-45_1.txt 1024 1455883528 1455883528
ibr-7_ibr-46_1.txt 1024 1455884228 1455884228
ibr-7_ibr-52_1.txt 1024 1455883558 1455883558
ibr-7_ibr-55_1.txt 1024 1455883288 1455883288
ibr-8_ibr-11_1.txt 1024 1455882548 1455882548
ibr-8_ibr-18_1.txt 1024 1455882248 1455882248
ibr-8_ibr-2_1.txt 1024 1455882088 1455882088
ibr-8_ibr-22_1.txt 1024 1455882678 1455882678
ibr-8_ibr-2_2.txt 1024 1455882728 1455882728
ibr-8_ibr-27_1.txt 1024 1455882338 1455882338
ibr-8_ibr-31_1.txt 1024 1455883368 1455883368
ibr-8_ibr-43_1.txt 1024 1455884398 1455884398
ibr-8_ibr-48_1.txt 1024 1455883258 1455883258
ibr-8_ibr-9_1.txt 1024 1455883538 1455883538
ibr-9_ibr-12_1.txt 1024 1455882688 1455882688
ibr-9_ibr-12_2.txt 1024 1455883398 1455883398
ibr-9_ibr-15_1.txt 1024 1455883628 1455883628
ibr-9_ibr-19_1.txt 1024 1455882788 1455882788
ibr-9_ibr-23_1.txt 1024 1455884218 1455884218
ibr-9_ibr-27_1.txt 1024 1455883468 1455883468
ibr-9_ibr-41_1.txt 1024 1455882228 1455882228
ibr-9_ibr-47_1.txt 1024 1455883488 1455883488
ibr-9_ibr-52_1.txt 1024 1455884538 1455884538
ibr-9_ibr-7_1.txt 1024 1455882318 1455882318
