# name size  create_time reach_time
ibr-10_ibr-22_1.txt 1024 1456277221 1456277221
ibr-10_ibr-23_1.txt 1024 1456277561 1456277561
ibr-10_ibr-24_1.txt 1024 1456279051 1456279051
ibr-10_ibr-28_1.txt 1024 1456277541 1456277541
ibr-10_ibr-33_1.txt 1024 1456278141 1456278141
ibr-10_ibr-40_1.txt 1024 1456278511 1456278511
ibr-10_ibr-41_1.txt 1024 1456277341 1456277341
ibr-10_ibr-41_2.txt 1024 1456278011 1456278011
ibr-10_ibr-42_1.txt 1024 1456278891 1456278891
ibr-10_ibr-49_1.txt 1024 1456277471 1456277471
ibr-10_ibr-49_2.txt 1024 1456278041 1456278041
ibr-10_ibr-49_3.txt 1024 1456278351 1456278351
ibr-10_ibr-50_1.txt 1024 1456278051 1456278051
ibr-10_ibr-50_2.txt 1024 1456278681 1456278681
ibr-10_ibr-53_1.txt 1024 1456277631 1456277631
ibr-11_ibr-1_1.txt 1024 1456277786 1456277786
ibr-11_ibr-12_1.txt 1024 1456279131 1456279131
ibr-11_ibr-1_2.txt 1024 1456278216 1456278216
ibr-11_ibr-1_3.txt 1024 1456278576 1456278576
ibr-11_ibr-14_1.txt 1024 1456277661 1456277661
ibr-11_ibr-1_4.txt 1024 1456279026 1456279026
ibr-11_ibr-1_5.txt 1024 1456279566 1456279566
ibr-11_ibr-16_1.txt 1024 1456277146 1456277146
ibr-11_ibr-16_2.txt 1024 1456277536 1456277536
ibr-11_ibr-16_3.txt 1024 1456277646 1456277646
ibr-11_ibr-16_4.txt 1024 1456278006 1456278006
ibr-11_ibr-16_5.txt 1024 1456278116 1456278116
ibr-11_ibr-16_6.txt 1024 1456278136 1456278136
ibr-11_ibr-1_6.txt 1024 1456279896 1456279896
ibr-11_ibr-1_7.txt 1024 1456279906 1456279906
ibr-11_ibr-21_1.txt 1024 1456277136 1456277136
ibr-11_ibr-21_2.txt 1024 1456277226 1456277226
ibr-11_ibr-21_3.txt 1024 1456278446 1456278446
ibr-11_ibr-21_4.txt 1024 1456278456 1456278456
ibr-11_ibr-21_5.txt 1024 1456278506 1456278506
ibr-11_ibr-21_6.txt 1024 1456279066 1456279066
ibr-11_ibr-21_7.txt 1024 1456279106 1456279106
ibr-11_ibr-21_8.txt 1024 1456279786 1456279786
ibr-11_ibr-26_1.txt 1024 1456276916 1456276916
ibr-11_ibr-26_2.txt 1024 1456277096 1456277096
ibr-11_ibr-26_3.txt 1024 1456277926 1456277926
ibr-11_ibr-26_4.txt 1024 1456277936 1456277936
ibr-11_ibr-26_5.txt 1024 1456278766 1456278766
ibr-11_ibr-26_6.txt 1024 1456279436 1456279436
ibr-11_ibr-26_7.txt 1024 1456279646 1456279646
ibr-11_ibr-28_1.txt 1024 1456279571 1456279571
ibr-11_ibr-29_1.txt 1024 1456277581 1456277581
ibr-11_ibr-30_1.txt 1024 1456279071 1456279071
ibr-11_ibr-31_1.txt 1024 1456277326 1456277326
ibr-11_ibr-31_2.txt 1024 1456277416 1456277416
ibr-11_ibr-31_3.txt 1024 1456278296 1456278296
ibr-11_ibr-31_4.txt 1024 1456278436 1456278436
ibr-11_ibr-36_1.txt 1024 1456277236 1456277236
ibr-11_ibr-36_2.txt 1024 1456277426 1456277426
ibr-11_ibr-36_3.txt 1024 1456277466 1456277466
ibr-11_ibr-36_4.txt 1024 1456278416 1456278416
ibr-11_ibr-36_5.txt 1024 1456279346 1456279346
ibr-11_ibr-40_1.txt 1024 1456277471 1456277471
ibr-11_ibr-41_1.txt 1024 1456276986 1456276986
ibr-11_ibr-41_2.txt 1024 1456277026 1456277026
ibr-11_ibr-41_3.txt 1024 1456277376 1456277376
ibr-11_ibr-41_4.txt 1024 1456277686 1456277686
ibr-11_ibr-41_5.txt 1024 1456277846 1456277846
ibr-11_ibr-41_6.txt 1024 1456278646 1456278646
ibr-11_ibr-41_7.txt 1024 1456279116 1456279116
ibr-11_ibr-44_1.txt 1024 1456277641 1456277641
ibr-11_ibr-51_1.txt 1024 1456277156 1456277156
ibr-11_ibr-51_2.txt 1024 1456277176 1456277176
ibr-11_ibr-51_3.txt 1024 1456277306 1456277306
ibr-11_ibr-51_4.txt 1024 1456277556 1456277556
ibr-11_ibr-51_5.txt 1024 1456279826 1456279826
ibr-11_ibr-53_1.txt 1024 1456277771 1456277771
ibr-11_ibr-55_1.txt 1024 1456277021 1456277021
ibr-11_ibr-56_1.txt 1024 1456277216 1456277216
ibr-11_ibr-56_2.txt 1024 1456278196 1456278196
ibr-11_ibr-56_3.txt 1024 1456278726 1456278726
ibr-11_ibr-56_4.txt 1024 1456278866 1456278866
ibr-11_ibr-56_5.txt 1024 1456279356 1456279356
ibr-11_ibr-56_6.txt 1024 1456279576 1456279576
ibr-11_ibr-56_7.txt 1024 1456279876 1456279876
ibr-11_ibr-6_1.txt 1024 1456278046 1456278046
ibr-11_ibr-6_2.txt 1024 1456278801 1456278801
ibr-11_ibr-6_3.txt 1024 1456279326 1456279326
ibr-11_ibr-6_4.txt 1024 1456279546 1456279546
ibr-12_ibr-17_1.txt 1024 1456278991 1456278991
ibr-12_ibr-19_1.txt 1024 1456279581 1456279581
ibr-12_ibr-21_1.txt 1024 1456279361 1456279361
ibr-12_ibr-23_1.txt 1024 1456278241 1456278241
ibr-12_ibr-24_1.txt 1024 1456277431 1456277431
ibr-12_ibr-25_1.txt 1024 1456278771 1456278771
ibr-12_ibr-26_1.txt 1024 1456279751 1456279751
ibr-12_ibr-56_1.txt 1024 1456277331 1456277331
ibr-13_ibr-14_1.txt 1024 1456279021 1456279021
ibr-13_ibr-22_1.txt 1024 1456277651 1456277651
ibr-13_ibr-28_1.txt 1024 1456277061 1456277061
ibr-13_ibr-29_1.txt 1024 1456279841 1456279841
ibr-13_ibr-30_1.txt 1024 1456279811 1456279811
ibr-13_ibr-36_1.txt 1024 1456278561 1456278561
ibr-13_ibr-38_1.txt 1024 1456277141 1456277141
ibr-13_ibr-40_1.txt 1024 1456277381 1456277381
ibr-13_ibr-47_1.txt 1024 1456279211 1456279211
ibr-13_ibr-47_2.txt 1024 1456279381 1456279381
ibr-13_ibr-48_1.txt 1024 1456278921 1456278921
ibr-13_ibr-8_1.txt 1024 1456278381 1456278381
ibr-14_ibr-16_1.txt 1024 1456277871 1456277871
ibr-14_ibr-29_1.txt 1024 1456278311 1456278311
ibr-14_ibr-29_2.txt 1024 1456279221 1456279221
ibr-14_ibr-3_1.txt 1024 1456277491 1456277491
ibr-15_ibr-24_1.txt 1024 1456278761 1456278761
ibr-15_ibr-38_1.txt 1024 1456279271 1456279271
ibr-15_ibr-39_1.txt 1024 1456277581 1456277581
ibr-15_ibr-43_1.txt 1024 1456278341 1456278341
ibr-15_ibr-49_1.txt 1024 1456279861 1456279861
ibr-15_ibr-5_1.txt 1024 1456279491 1456279491
ibr-15_ibr-55_1.txt 1024 1456277211 1456277211
ibr-15_ibr-6_1.txt 1024 1456278301 1456278301
ibr-16_ibr-11_1.txt 1024 1456278836 1456278836
ibr-16_ibr-11_2.txt 1024 1456279186 1456279186
ibr-16_ibr-1_1.txt 1024 1456276936 1456276936
ibr-16_ibr-12_1.txt 1024 1456279821 1456279821
ibr-16_ibr-1_2.txt 1024 1456277386 1456277386
ibr-16_ibr-1_3.txt 1024 1456278536 1456278536
ibr-16_ibr-1_4.txt 1024 1456278586 1456278586
ibr-16_ibr-15_1.txt 1024 1456278111 1456278111
ibr-16_ibr-15_2.txt 1024 1456279211 1456279211
ibr-16_ibr-1_5.txt 1024 1456278746 1456278746
ibr-16_ibr-1_6.txt 1024 1456279466 1456279466
ibr-16_ibr-1_7.txt 1024 1456279496 1456279496
ibr-16_ibr-20_1.txt 1024 1456277981 1456277981
ibr-16_ibr-21_1.txt 1024 1456277216 1456277216
ibr-16_ibr-21_2.txt 1024 1456277446 1456277446
ibr-16_ibr-21_3.txt 1024 1456278476 1456278476
ibr-16_ibr-23_1.txt 1024 1456277821 1456277821
ibr-16_ibr-26_1.txt 1024 1456278106 1456278106
ibr-16_ibr-26_2.txt 1024 1456279766 1456279766
ibr-16_ibr-31_1.txt 1024 1456279526 1456279526
ibr-16_ibr-37_1.txt 1024 1456278401 1456278401
ibr-16_ibr-40_1.txt 1024 1456276921 1456276921
ibr-16_ibr-41_10.txt 1024 1456279411 1456279411
ibr-16_ibr-41_11.txt 1024 1456279656 1456279656
ibr-16_ibr-41_1.txt 1024 1456276956 1456276956
ibr-16_ibr-41_2.txt 1024 1456277006 1456277006
ibr-16_ibr-41_3.txt 1024 1456277346 1456277346
ibr-16_ibr-41_4.txt 1024 1456277576 1456277576
ibr-16_ibr-41_5.txt 1024 1456277816 1456277816
ibr-16_ibr-41_6.txt 1024 1456278526 1456278526
ibr-16_ibr-41_7.txt 1024 1456278796 1456278796
ibr-16_ibr-41_8.txt 1024 1456279076 1456279076
ibr-16_ibr-41_9.txt 1024 1456279296 1456279296
ibr-16_ibr-44_1.txt 1024 1456277891 1456277891
ibr-16_ibr-46_1.txt 1024 1456276996 1456276996
ibr-16_ibr-46_2.txt 1024 1456277356 1456277356
ibr-16_ibr-46_3.txt 1024 1456278016 1456278016
ibr-16_ibr-46_4.txt 1024 1456278416 1456278416
ibr-16_ibr-46_5.txt 1024 1456278936 1456278936
ibr-16_ibr-46_6.txt 1024 1456278996 1456278996
ibr-16_ibr-46_7.txt 1024 1456279736 1456279736
ibr-16_ibr-51_1.txt 1024 1456277106 1456277106
ibr-16_ibr-51_2.txt 1024 1456278026 1456278026
ibr-16_ibr-51_3.txt 1024 1456278556 1456278556
ibr-16_ibr-51_4.txt 1024 1456278806 1456278806
ibr-16_ibr-51_5.txt 1024 1456279031 1456279031
ibr-16_ibr-51_6.txt 1024 1456279586 1456279586
ibr-16_ibr-51_7.txt 1024 1456279776 1456279776
ibr-16_ibr-54_1.txt 1024 1456278571 1456278571
ibr-16_ibr-56_1.txt 1024 1456277246 1456277246
ibr-16_ibr-56_2.txt 1024 1456277306 1456277306
ibr-16_ibr-56_3.txt 1024 1456277421 1456277421
ibr-16_ibr-56_4.txt 1024 1456277876 1456277876
ibr-16_ibr-56_5.txt 1024 1456278666 1456278666
ibr-16_ibr-6_10.txt 1024 1456279176 1456279176
ibr-16_ibr-6_11.txt 1024 1456279726 1456279726
ibr-16_ibr-6_12.txt 1024 1456279806 1456279806
ibr-16_ibr-6_1.txt 1024 1456276926 1456276926
ibr-16_ibr-6_2.txt 1024 1456277361 1456277361
ibr-16_ibr-6_3.txt 1024 1456277486 1456277486
ibr-16_ibr-6_4.txt 1024 1456277496 1456277496
ibr-16_ibr-6_5.txt 1024 1456277526 1456277526
ibr-16_ibr-6_6.txt 1024 1456278086 1456278086
ibr-16_ibr-6_7.txt 1024 1456278366 1456278366
ibr-16_ibr-6_8.txt 1024 1456278516 1456278516
ibr-16_ibr-6_9.txt 1024 1456279016 1456279016
ibr-16_ibr-7_1.txt 1024 1456279291 1456279291
ibr-16_ibr-7_2.txt 1024 1456279341 1456279341
ibr-16_ibr-8_1.txt 1024 1456278881 1456278881
ibr-17_ibr-10_1.txt 1024 1456277931 1456277931
ibr-17_ibr-11_1.txt 1024 1456278821 1456278821
ibr-17_ibr-12_1.txt 1024 1456278431 1456278431
ibr-17_ibr-19_1.txt 1024 1456279851 1456279851
ibr-17_ibr-2_1.txt 1024 1456279061 1456279061
ibr-17_ibr-26_1.txt 1024 1456279191 1456279191
ibr-17_ibr-28_1.txt 1024 1456278221 1456278221
ibr-17_ibr-30_1.txt 1024 1456278441 1456278441
ibr-17_ibr-3_1.txt 1024 1456277521 1456277521
ibr-17_ibr-50_1.txt 1024 1456277281 1456277281
ibr-17_ibr-50_2.txt 1024 1456277721 1456277721
ibr-17_ibr-7_1.txt 1024 1456279431 1456279431
ibr-18_ibr-15_1.txt 1024 1456278521 1456278521
ibr-18_ibr-19_1.txt 1024 1456278001 1456278001
ibr-18_ibr-21_1.txt 1024 1456277701 1456277701
ibr-18_ibr-2_1.txt 1024 1456278591 1456278591
ibr-18_ibr-24_1.txt 1024 1456279541 1456279541
ibr-18_ibr-36_1.txt 1024 1456277351 1456277351
ibr-18_ibr-39_1.txt 1024 1456279161 1456279161
ibr-18_ibr-4_1.txt 1024 1456279771 1456279771
ibr-18_ibr-51_1.txt 1024 1456278581 1456278581
ibr-18_ibr-53_1.txt 1024 1456278251 1456278251
ibr-18_ibr-54_1.txt 1024 1456279111 1456279111
ibr-18_ibr-7_1.txt 1024 1456278851 1456278851
ibr-19_ibr-12_1.txt 1024 1456278811 1456278811
ibr-19_ibr-18_1.txt 1024 1456277691 1456277691
ibr-19_ibr-22_1.txt 1024 1456277501 1456277501
ibr-19_ibr-30_1.txt 1024 1456278921 1456278921
ibr-19_ibr-35_1.txt 1024 1456279721 1456279721
ibr-19_ibr-40_1.txt 1024 1456278831 1456278831
ibr-19_ibr-44_1.txt 1024 1456279301 1456279301
ibr-19_ibr-44_2.txt 1024 1456279351 1456279351
ibr-19_ibr-46_1.txt 1024 1456277671 1456277671
ibr-19_ibr-47_1.txt 1024 1456278871 1456278871
ibr-19_ibr-55_1.txt 1024 1456278321 1456278321
ibr-19_ibr-9_1.txt 1024 1456278481 1456278481
ibr-1_ibr-11_1.txt 1024 1456276966 1456276966
ibr-1_ibr-11_2.txt 1024 1456277086 1456277086
ibr-1_ibr-11_3.txt 1024 1456277686 1456277686
ibr-1_ibr-11_4.txt 1024 1456278236 1456278236
ibr-1_ibr-11_5.txt 1024 1456278926 1456278926
ibr-1_ibr-11_6.txt 1024 1456279126 1456279126
ibr-1_ibr-11_7.txt 1024 1456279706 1456279706
ibr-1_ibr-16_1.txt 1024 1456277176 1456277176
ibr-1_ibr-16_2.txt 1024 1456277676 1456277676
ibr-1_ibr-16_3.txt 1024 1456277736 1456277736
ibr-1_ibr-16_4.txt 1024 1456278186 1456278186
ibr-1_ibr-16_5.txt 1024 1456279236 1456279236
ibr-1_ibr-21_1.txt 1024 1456277256 1456277256
ibr-1_ibr-21_2.txt 1024 1456278006 1456278006
ibr-1_ibr-21_3.txt 1024 1456278406 1456278406
ibr-1_ibr-26_1.txt 1024 1456278386 1456278386
ibr-1_ibr-26_2.txt 1024 1456278526 1456278526
ibr-1_ibr-26_3.txt 1024 1456278846 1456278846
ibr-1_ibr-26_4.txt 1024 1456279196 1456279196
ibr-1_ibr-31_1.txt 1024 1456278506 1456278506
ibr-1_ibr-31_2.txt 1024 1456278586 1456278586
ibr-1_ibr-36_1.txt 1024 1456276916 1456276916
ibr-1_ibr-36_2.txt 1024 1456277746 1456277746
ibr-1_ibr-36_3.txt 1024 1456277776 1456277776
ibr-1_ibr-36_4.txt 1024 1456279036 1456279036
ibr-1_ibr-41_1.txt 1024 1456278156 1456278156
ibr-1_ibr-41_2.txt 1024 1456278716 1456278716
ibr-1_ibr-41_3.txt 1024 1456279256 1456279256
ibr-1_ibr-46_1.txt 1024 1456277666 1456277666
ibr-1_ibr-46_2.txt 1024 1456278456 1456278456
ibr-1_ibr-46_3.txt 1024 1456278516 1456278516
ibr-1_ibr-46_4.txt 1024 1456279816 1456279816
ibr-1_ibr-51_1.txt 1024 1456278656 1456278656
ibr-1_ibr-51_2.txt 1024 1456278666 1456278666
ibr-1_ibr-56_1.txt 1024 1456277596 1456277596
ibr-1_ibr-56_2.txt 1024 1456278096 1456278096
ibr-1_ibr-56_3.txt 1024 1456278166 1456278166
ibr-1_ibr-56_4.txt 1024 1456278176 1456278176
ibr-1_ibr-56_5.txt 1024 1456278346 1456278346
ibr-1_ibr-56_6.txt 1024 1456278906 1456278906
ibr-1_ibr-56_7.txt 1024 1456279166 1456279166
ibr-1_ibr-6_1.txt 1024 1456277376 1456277376
ibr-1_ibr-6_2.txt 1024 1456277756 1456277756
ibr-1_ibr-6_3.txt 1024 1456277876 1456277876
ibr-1_ibr-6_4.txt 1024 1456278036 1456278036
ibr-1_ibr-6_5.txt 1024 1456278356 1456278356
ibr-1_ibr-6_6.txt 1024 1456279536 1456279536
ibr-1_ibr-6_7.txt 1024 1456279886 1456279886
ibr-20_ibr-10_1.txt 1024 1456279421 1456279421
ibr-20_ibr-15_1.txt 1024 1456277601 1456277601
ibr-20_ibr-17_1.txt 1024 1456277621 1456277621
ibr-20_ibr-17_2.txt 1024 1456279591 1456279591
ibr-20_ibr-23_1.txt 1024 1456278591 1456278591
ibr-20_ibr-28_1.txt 1024 1456279091 1456279091
ibr-20_ibr-31_1.txt 1024 1456278361 1456278361
ibr-20_ibr-3_1.txt 1024 1456279481 1456279481
ibr-20_ibr-34_1.txt 1024 1456277331 1456277331
ibr-20_ibr-4_1.txt 1024 1456277111 1456277111
ibr-20_ibr-47_1.txt 1024 1456277721 1456277721
ibr-20_ibr-47_2.txt 1024 1456277941 1456277941
ibr-20_ibr-50_1.txt 1024 1456277261 1456277261
ibr-20_ibr-52_1.txt 1024 1456277651 1456277651
ibr-20_ibr-55_1.txt 1024 1456277351 1456277351
ibr-20_ibr-56_1.txt 1024 1456278151 1456278151
ibr-21_ibr-11_1.txt 1024 1456277416 1456277416
ibr-21_ibr-11_2.txt 1024 1456277896 1456277896
ibr-21_ibr-11_3.txt 1024 1456278986 1456278986
ibr-21_ibr-11_4.txt 1024 1456279206 1456279206
ibr-21_ibr-1_1.txt 1024 1456277196 1456277196
ibr-21_ibr-1_2.txt 1024 1456278466 1456278466
ibr-21_ibr-1_3.txt 1024 1456278816 1456278816
ibr-21_ibr-14_1.txt 1024 1456278751 1456278751
ibr-21_ibr-1_4.txt 1024 1456279046 1456279046
ibr-21_ibr-1_5.txt 1024 1456279156 1456279156
ibr-21_ibr-16_1.txt 1024 1456277626 1456277626
ibr-21_ibr-16_2.txt 1024 1456277766 1456277766
ibr-21_ibr-16_3.txt 1024 1456278126 1456278126
ibr-21_ibr-16_4.txt 1024 1456278226 1456278226
ibr-21_ibr-16_5.txt 1024 1456278396 1456278396
ibr-21_ibr-16_6.txt 1024 1456278476 1456278476
ibr-21_ibr-16_7.txt 1024 1456278706 1456278706
ibr-21_ibr-16_8.txt 1024 1456279321 1456279321
ibr-21_ibr-16_9.txt 1024 1456279426 1456279426
ibr-21_ibr-1_6.txt 1024 1456279326 1456279326
ibr-21_ibr-18_1.txt 1024 1456278731 1456278731
ibr-21_ibr-26_1.txt 1024 1456277446 1456277446
ibr-21_ibr-26_2.txt 1024 1456278956 1456278956
ibr-21_ibr-26_3.txt 1024 1456279026 1456279026
ibr-21_ibr-26_4.txt 1024 1456279186 1456279186
ibr-21_ibr-31_1.txt 1024 1456277056 1456277056
ibr-21_ibr-31_2.txt 1024 1456277311 1456277311
ibr-21_ibr-31_3.txt 1024 1456277566 1456277566
ibr-21_ibr-31_4.txt 1024 1456277656 1456277656
ibr-21_ibr-31_5.txt 1024 1456279056 1456279056
ibr-21_ibr-31_6.txt 1024 1456279276 1456279276
ibr-21_ibr-31_7.txt 1024 1456279666 1456279666
ibr-21_ibr-34_1.txt 1024 1456278631 1456278631
ibr-21_ibr-36_1.txt 1024 1456277476 1456277476
ibr-21_ibr-36_2.txt 1024 1456277596 1456277596
ibr-21_ibr-36_3.txt 1024 1456278166 1456278166
ibr-21_ibr-36_4.txt 1024 1456278376 1456278376
ibr-21_ibr-36_5.txt 1024 1456278406 1456278406
ibr-21_ibr-36_6.txt 1024 1456278696 1456278696
ibr-21_ibr-36_7.txt 1024 1456279101 1456279101
ibr-21_ibr-39_1.txt 1024 1456278711 1456278711
ibr-21_ibr-41_1.txt 1024 1456277366 1456277366
ibr-21_ibr-41_2.txt 1024 1456277576 1456277576
ibr-21_ibr-41_3.txt 1024 1456277886 1456277886
ibr-21_ibr-41_4.txt 1024 1456279596 1456279596
ibr-21_ibr-41_5.txt 1024 1456279636 1456279636
ibr-21_ibr-46_1.txt 1024 1456277116 1456277116
ibr-21_ibr-46_2.txt 1024 1456277396 1456277396
ibr-21_ibr-46_3.txt 1024 1456277506 1456277506
ibr-21_ibr-46_4.txt 1024 1456279216 1456279216
ibr-21_ibr-46_5.txt 1024 1456279376 1456279376
ibr-21_ibr-46_6.txt 1024 1456279386 1456279386
ibr-21_ibr-46_7.txt 1024 1456279631 1456279631
ibr-21_ibr-47_1.txt 1024 1456276981 1456276981
ibr-21_ibr-51_1.txt 1024 1456277456 1456277456
ibr-21_ibr-51_2.txt 1024 1456278086 1456278086
ibr-21_ibr-51_3.txt 1024 1456278106 1456278106
ibr-21_ibr-5_1.txt 1024 1456278281 1456278281
ibr-21_ibr-55_1.txt 1024 1456277641 1456277641
ibr-21_ibr-56_1.txt 1024 1456276926 1456276926
ibr-21_ibr-56_2.txt 1024 1456277146 1456277146
ibr-21_ibr-56_3.txt 1024 1456278216 1456278216
ibr-21_ibr-56_4.txt 1024 1456278756 1456278756
ibr-21_ibr-56_5.txt 1024 1456279176 1456279176
ibr-21_ibr-56_6.txt 1024 1456279756 1456279756
ibr-21_ibr-6_1.txt 1024 1456276976 1456276976
ibr-21_ibr-6_2.txt 1024 1456276996 1456276996
ibr-21_ibr-6_3.txt 1024 1456277966 1456277966
ibr-21_ibr-6_4.txt 1024 1456278326 1456278326
ibr-21_ibr-6_5.txt 1024 1456279556 1456279556
ibr-21_ibr-8_1.txt 1024 1456276941 1456276941
ibr-22_ibr-15_1.txt 1024 1456278951 1456278951
ibr-22_ibr-19_1.txt 1024 1456279651 1456279651
ibr-22_ibr-2_1.txt 1024 1456278401 1456278401
ibr-22_ibr-24_1.txt 1024 1456278891 1456278891
ibr-22_ibr-25_1.txt 1024 1456279761 1456279761
ibr-22_ibr-35_1.txt 1024 1456279081 1456279081
ibr-22_ibr-40_1.txt 1024 1456277261 1456277261
ibr-22_ibr-40_2.txt 1024 1456279301 1456279301
ibr-22_ibr-4_1.txt 1024 1456279611 1456279611
ibr-22_ibr-47_1.txt 1024 1456279541 1456279541
ibr-22_ibr-49_1.txt 1024 1456279241 1456279241
ibr-22_ibr-52_1.txt 1024 1456279751 1456279751
ibr-22_ibr-9_1.txt 1024 1456276951 1456276951
ibr-23_ibr-16_1.txt 1024 1456276961 1456276961
ibr-23_ibr-19_1.txt 1024 1456278031 1456278031
ibr-23_ibr-21_1.txt 1024 1456279031 1456279031
ibr-23_ibr-25_1.txt 1024 1456278151 1456278151
ibr-23_ibr-30_1.txt 1024 1456279261 1456279261
ibr-23_ibr-31_1.txt 1024 1456278021 1456278021
ibr-23_ibr-31_2.txt 1024 1456279901 1456279901
ibr-23_ibr-34_1.txt 1024 1456277071 1456277071
ibr-23_ibr-44_1.txt 1024 1456278411 1456278411
ibr-23_ibr-47_1.txt 1024 1456278011 1456278011
ibr-23_ibr-49_1.txt 1024 1456279451 1456279451
ibr-23_ibr-51_1.txt 1024 1456278661 1456278661
ibr-23_ibr-52_1.txt 1024 1456277311 1456277311
ibr-24_ibr-16_1.txt 1024 1456278621 1456278621
ibr-24_ibr-22_1.txt 1024 1456277691 1456277691
ibr-24_ibr-26_1.txt 1024 1456277081 1456277081
ibr-24_ibr-32_1.txt 1024 1456278681 1456278681
ibr-24_ibr-36_1.txt 1024 1456277191 1456277191
ibr-24_ibr-38_1.txt 1024 1456278611 1456278611
ibr-24_ibr-41_1.txt 1024 1456277941 1456277941
ibr-24_ibr-41_2.txt 1024 1456278161 1456278161
ibr-24_ibr-4_1.txt 1024 1456277341 1456277341
ibr-24_ibr-9_1.txt 1024 1456277881 1456277881
ibr-25_ibr-13_1.txt 1024 1456279791 1456279791
ibr-25_ibr-23_1.txt 1024 1456279041 1456279041
ibr-25_ibr-24_1.txt 1024 1456278461 1456278461
ibr-25_ibr-29_1.txt 1024 1456277081 1456277081
ibr-25_ibr-29_2.txt 1024 1456277281 1456277281
ibr-25_ibr-40_1.txt 1024 1456278951 1456278951
ibr-25_ibr-42_1.txt 1024 1456278631 1456278631
ibr-25_ibr-53_1.txt 1024 1456277231 1456277231
ibr-25_ibr-53_2.txt 1024 1456278261 1456278261
ibr-25_ibr-53_3.txt 1024 1456278661 1456278661
ibr-25_ibr-54_1.txt 1024 1456278271 1456278271
ibr-25_ibr-55_1.txt 1024 1456277881 1456277881
ibr-25_ibr-55_2.txt 1024 1456278551 1456278551
ibr-25_ibr-56_1.txt 1024 1456277131 1456277131
ibr-25_ibr-56_2.txt 1024 1456277151 1456277151
ibr-25_ibr-6_1.txt 1024 1456278181 1456278181
ibr-25_ibr-7_1.txt 1024 1456278331 1456278331
ibr-26_ibr-11_1.txt 1024 1456277086 1456277086
ibr-26_ibr-11_2.txt 1024 1456277976 1456277976
ibr-26_ibr-11_3.txt 1024 1456278876 1456278876
ibr-26_ibr-11_4.txt 1024 1456278936 1456278936
ibr-26_ibr-11_5.txt 1024 1456279006 1456279006
ibr-26_ibr-1_1.txt 1024 1456279726 1456279726
ibr-26_ibr-16_1.txt 1024 1456277606 1456277606
ibr-26_ibr-16_2.txt 1024 1456277946 1456277946
ibr-26_ibr-16_3.txt 1024 1456277956 1456277956
ibr-26_ibr-16_4.txt 1024 1456278096 1456278096
ibr-26_ibr-16_5.txt 1024 1456278736 1456278736
ibr-26_ibr-16_6.txt 1024 1456279236 1456279236
ibr-26_ibr-16_7.txt 1024 1456279416 1456279416
ibr-26_ibr-16_8.txt 1024 1456279626 1456279626
ibr-26_ibr-17_1.txt 1024 1456277961 1456277961
ibr-26_ibr-19_1.txt 1024 1456278231 1456278231
ibr-26_ibr-20_1.txt 1024 1456278101 1456278101
ibr-26_ibr-21_1.txt 1024 1456277256 1456277256
ibr-26_ibr-21_2.txt 1024 1456277586 1456277586
ibr-26_ibr-21_3.txt 1024 1456277806 1456277806
ibr-26_ibr-21_4.txt 1024 1456277966 1456277966
ibr-26_ibr-21_5.txt 1024 1456278446 1456278446
ibr-26_ibr-21_6.txt 1024 1456279276 1456279276
ibr-26_ibr-21_7.txt 1024 1456279736 1456279736
ibr-26_ibr-23_1.txt 1024 1456279891 1456279891
ibr-26_ibr-31_1.txt 1024 1456277236 1456277236
ibr-26_ibr-31_2.txt 1024 1456277656 1456277656
ibr-26_ibr-31_3.txt 1024 1456277801 1456277801
ibr-26_ibr-31_4.txt 1024 1456277826 1456277826
ibr-26_ibr-31_5.txt 1024 1456278266 1456278266
ibr-26_ibr-31_6.txt 1024 1456279696 1456279696
ibr-26_ibr-35_1.txt 1024 1456277011 1456277011
ibr-26_ibr-36_1.txt 1024 1456277496 1456277496
ibr-26_ibr-36_2.txt 1024 1456278986 1456278986
ibr-26_ibr-36_3.txt 1024 1456279396 1456279396
ibr-26_ibr-36_4.txt 1024 1456279536 1456279536
ibr-26_ibr-37_1.txt 1024 1456277451 1456277451
ibr-26_ibr-41_1.txt 1024 1456277036 1456277036
ibr-26_ibr-41_2.txt 1024 1456277046 1456277046
ibr-26_ibr-41_3.txt 1024 1456277286 1456277286
ibr-26_ibr-41_4.txt 1024 1456277476 1456277476
ibr-26_ibr-41_5.txt 1024 1456278286 1456278286
ibr-26_ibr-41_6.txt 1024 1456279086 1456279086
ibr-26_ibr-41_7.txt 1024 1456279121 1456279121
ibr-26_ibr-41_8.txt 1024 1456279156 1456279156
ibr-26_ibr-42_1.txt 1024 1456278061 1456278061
ibr-26_ibr-46_1.txt 1024 1456277156 1456277156
ibr-26_ibr-46_2.txt 1024 1456277506 1456277506
ibr-26_ibr-46_3.txt 1024 1456278246 1456278246
ibr-26_ibr-46_4.txt 1024 1456279096 1456279096
ibr-26_ibr-47_1.txt 1024 1456278621 1456278621
ibr-26_ibr-48_1.txt 1024 1456277481 1456277481
ibr-26_ibr-51_1.txt 1024 1456277706 1456277706
ibr-26_ibr-51_2.txt 1024 1456278376 1456278376
ibr-26_ibr-51_3.txt 1024 1456278786 1456278786
ibr-26_ibr-51_4.txt 1024 1456279366 1456279366
ibr-26_ibr-51_5.txt 1024 1456279456 1456279456
ibr-26_ibr-51_6.txt 1024 1456279596 1456279596
ibr-26_ibr-52_1.txt 1024 1456277521 1456277521
ibr-26_ibr-52_2.txt 1024 1456278391 1456278391
ibr-26_ibr-53_1.txt 1024 1456279201 1456279201
ibr-26_ibr-56_1.txt 1024 1456277276 1456277276
ibr-26_ibr-56_2.txt 1024 1456278826 1456278826
ibr-26_ibr-56_3.txt 1024 1456279266 1456279266
ibr-26_ibr-6_1.txt 1024 1456278276 1456278276
ibr-26_ibr-6_2.txt 1024 1456278686 1456278686
ibr-26_ibr-6_3.txt 1024 1456279256 1456279256
ibr-26_ibr-6_4.txt 1024 1456279686 1456279686
ibr-26_ibr-6_5.txt 1024 1456279856 1456279856
ibr-26_ibr-6_6.txt 1024 1456279906 1456279906
ibr-26_ibr-8_1.txt 1024 1456276991 1456276991
ibr-27_ibr-16_1.txt 1024 1456278071 1456278071
ibr-27_ibr-33_1.txt 1024 1456277611 1456277611
ibr-27_ibr-33_2.txt 1024 1456278821 1456278821
ibr-27_ibr-37_1.txt 1024 1456279241 1456279241
ibr-27_ibr-47_1.txt 1024 1456278091 1456278091
ibr-27_ibr-51_1.txt 1024 1456279621 1456279621
ibr-28_ibr-10_1.txt 1024 1456279881 1456279881
ibr-28_ibr-17_1.txt 1024 1456277991 1456277991
ibr-28_ibr-18_1.txt 1024 1456279391 1456279391
ibr-28_ibr-27_1.txt 1024 1456279711 1456279711
ibr-28_ibr-3_1.txt 1024 1456278321 1456278321
ibr-28_ibr-34_1.txt 1024 1456279901 1456279901
ibr-28_ibr-4_1.txt 1024 1456278871 1456278871
ibr-28_ibr-42_1.txt 1024 1456277461 1456277461
ibr-28_ibr-42_2.txt 1024 1456278741 1456278741
ibr-28_ibr-48_1.txt 1024 1456279671 1456279671
ibr-28_ibr-51_1.txt 1024 1456278391 1456278391
ibr-28_ibr-56_1.txt 1024 1456279501 1456279501
ibr-28_ibr-9_1.txt 1024 1456279801 1456279801
ibr-29_ibr-20_1.txt 1024 1456279721 1456279721
ibr-29_ibr-2_1.txt 1024 1456277601 1456277601
ibr-29_ibr-39_1.txt 1024 1456278811 1456278811
ibr-29_ibr-47_1.txt 1024 1456278771 1456278771
ibr-29_ibr-5_1.txt 1024 1456277511 1456277511
ibr-29_ibr-52_1.txt 1024 1456277801 1456277801
ibr-29_ibr-52_2.txt 1024 1456278241 1456278241
ibr-2_ibr-14_1.txt 1024 1456277811 1456277811
ibr-2_ibr-29_1.txt 1024 1456277451 1456277451
ibr-2_ibr-30_1.txt 1024 1456277541 1456277541
ibr-2_ibr-42_1.txt 1024 1456277861 1456277861
ibr-2_ibr-48_1.txt 1024 1456277951 1456277951
ibr-2_ibr-48_2.txt 1024 1456278171 1456278171
ibr-2_ibr-50_1.txt 1024 1456277431 1456277431
ibr-2_ibr-53_1.txt 1024 1456277531 1456277531
ibr-2_ibr-54_1.txt 1024 1456277771 1456277771
ibr-2_ibr-7_1.txt 1024 1456278671 1456278671
ibr-2_ibr-7_2.txt 1024 1456279491 1456279491
ibr-30_ibr-17_1.txt 1024 1456277591 1456277591
ibr-30_ibr-18_1.txt 1024 1456277021 1456277021
ibr-30_ibr-24_1.txt 1024 1456279791 1456279791
ibr-30_ibr-36_1.txt 1024 1456278451 1456278451
ibr-30_ibr-40_1.txt 1024 1456277551 1456277551
ibr-30_ibr-41_1.txt 1024 1456278731 1456278731
ibr-30_ibr-44_1.txt 1024 1456278141 1456278141
ibr-30_ibr-45_1.txt 1024 1456278541 1456278541
ibr-30_ibr-50_1.txt 1024 1456278501 1456278501
ibr-30_ibr-50_2.txt 1024 1456279851 1456279851
ibr-31_ibr-11_1.txt 1024 1456277726 1456277726
ibr-31_ibr-11_2.txt 1024 1456278546 1456278546
ibr-31_ibr-11_3.txt 1024 1456279506 1456279506
ibr-31_ibr-11_4.txt 1024 1456279876 1456279876
ibr-31_ibr-1_1.txt 1024 1456276986 1456276986
ibr-31_ibr-1_2.txt 1024 1456277936 1456277936
ibr-31_ibr-1_3.txt 1024 1456278396 1456278396
ibr-31_ibr-1_4.txt 1024 1456278996 1456278996
ibr-31_ibr-1_5.txt 1024 1456279226 1456279226
ibr-31_ibr-16_1.txt 1024 1456278126 1456278126
ibr-31_ibr-16_2.txt 1024 1456278426 1456278426
ibr-31_ibr-16_3.txt 1024 1456279676 1456279676
ibr-31_ibr-20_1.txt 1024 1456277121 1456277121
ibr-31_ibr-20_2.txt 1024 1456278411 1456278411
ibr-31_ibr-21_1.txt 1024 1456277606 1456277606
ibr-31_ibr-21_2.txt 1024 1456278556 1456278556
ibr-31_ibr-21_3.txt 1024 1456278606 1456278606
ibr-31_ibr-21_4.txt 1024 1456279856 1456279856
ibr-31_ibr-26_1.txt 1024 1456277286 1456277286
ibr-31_ibr-26_2.txt 1024 1456277436 1456277436
ibr-31_ibr-26_3.txt 1024 1456277731 1456277731
ibr-31_ibr-26_4.txt 1024 1456277846 1456277846
ibr-31_ibr-26_5.txt 1024 1456278016 1456278016
ibr-31_ibr-26_6.txt 1024 1456278976 1456278976
ibr-31_ibr-26_7.txt 1024 1456279066 1456279066
ibr-31_ibr-26_8.txt 1024 1456279626 1456279626
ibr-31_ibr-26_9.txt 1024 1456279786 1456279786
ibr-31_ibr-33_1.txt 1024 1456277071 1456277071
ibr-31_ibr-34_1.txt 1024 1456277381 1456277381
ibr-31_ibr-35_1.txt 1024 1456279331 1456279331
ibr-31_ibr-36_1.txt 1024 1456277266 1456277266
ibr-31_ibr-36_2.txt 1024 1456277396 1456277396
ibr-31_ibr-36_3.txt 1024 1456277636 1456277636
ibr-31_ibr-36_4.txt 1024 1456278896 1456278896
ibr-31_ibr-36_5.txt 1024 1456279436 1456279436
ibr-31_ibr-36_6.txt 1024 1456279866 1456279866
ibr-31_ibr-38_1.txt 1024 1456279311 1456279311
ibr-31_ibr-41_10.txt 1024 1456279846 1456279846
ibr-31_ibr-41_1.txt 1024 1456276961 1456276961
ibr-31_ibr-41_2.txt 1024 1456277006 1456277006
ibr-31_ibr-41_3.txt 1024 1456277556 1456277556
ibr-31_ibr-41_4.txt 1024 1456277836 1456277836
ibr-31_ibr-41_5.txt 1024 1456278076 1456278076
ibr-31_ibr-41_6.txt 1024 1456278636 1456278636
ibr-31_ibr-41_7.txt 1024 1456279166 1456279166
ibr-31_ibr-41_8.txt 1024 1456279376 1456279376
ibr-31_ibr-41_9.txt 1024 1456279516 1456279516
ibr-31_ibr-46_1.txt 1024 1456277246 1456277246
ibr-31_ibr-46_2.txt 1024 1456277406 1456277406
ibr-31_ibr-46_3.txt 1024 1456277866 1456277866
ibr-31_ibr-46_4.txt 1024 1456277916 1456277916
ibr-31_ibr-46_5.txt 1024 1456277976 1456277976
ibr-31_ibr-46_6.txt 1024 1456278056 1456278056
ibr-31_ibr-46_7.txt 1024 1456278486 1456278486
ibr-31_ibr-46_8.txt 1024 1456278856 1456278856
ibr-31_ibr-46_9.txt 1024 1456279126 1456279126
ibr-31_ibr-51_1.txt 1024 1456279046 1456279046
ibr-31_ibr-54_1.txt 1024 1456277741 1456277741
ibr-31_ibr-56_1.txt 1024 1456277366 1456277366
ibr-31_ibr-56_2.txt 1024 1456277826 1456277826
ibr-31_ibr-56_3.txt 1024 1456278121 1456278121
ibr-31_ibr-56_4.txt 1024 1456278746 1456278746
ibr-31_ibr-6_1.txt 1024 1456277126 1456277126
ibr-31_ibr-6_2.txt 1024 1456277186 1456277186
ibr-31_ibr-6_3.txt 1024 1456277896 1456277896
ibr-31_ibr-6_4.txt 1024 1456278066 1456278066
ibr-31_ibr-6_5.txt 1024 1456278646 1456278646
ibr-31_ibr-6_6.txt 1024 1456279776 1456279776
ibr-32_ibr-12_1.txt 1024 1456279081 1456279081
ibr-32_ibr-16_1.txt 1024 1456278331 1456278331
ibr-32_ibr-19_1.txt 1024 1456278451 1456278451
ibr-32_ibr-21_1.txt 1024 1456277441 1456277441
ibr-32_ibr-40_1.txt 1024 1456276931 1456276931
ibr-32_ibr-50_1.txt 1024 1456278531 1456278531
ibr-32_ibr-54_1.txt 1024 1456278271 1456278271
ibr-33_ibr-13_1.txt 1024 1456279671 1456279671
ibr-33_ibr-14_1.txt 1024 1456278641 1456278641
ibr-33_ibr-19_1.txt 1024 1456278251 1456278251
ibr-33_ibr-20_1.txt 1024 1456277491 1456277491
ibr-33_ibr-22_1.txt 1024 1456277241 1456277241
ibr-33_ibr-31_1.txt 1024 1456278311 1456278311
ibr-33_ibr-34_1.txt 1024 1456279591 1456279591
ibr-33_ibr-39_1.txt 1024 1456279131 1456279131
ibr-33_ibr-4_1.txt 1024 1456278711 1456278711
ibr-33_ibr-43_1.txt 1024 1456277091 1456277091
ibr-33_ibr-46_1.txt 1024 1456279051 1456279051
ibr-33_ibr-47_1.txt 1024 1456279781 1456279781
ibr-33_ibr-48_1.txt 1024 1456279001 1456279001
ibr-33_ibr-49_1.txt 1024 1456279321 1456279321
ibr-33_ibr-53_1.txt 1024 1456277301 1456277301
ibr-33_ibr-56_1.txt 1024 1456277001 1456277001
ibr-34_ibr-18_1.txt 1024 1456279881 1456279881
ibr-34_ibr-20_1.txt 1024 1456277241 1456277241
ibr-34_ibr-20_2.txt 1024 1456279441 1456279441
ibr-34_ibr-22_1.txt 1024 1456278291 1456278291
ibr-34_ibr-23_1.txt 1024 1456278111 1456278111
ibr-34_ibr-25_1.txt 1024 1456278961 1456278961
ibr-34_ibr-26_1.txt 1024 1456277121 1456277121
ibr-34_ibr-38_1.txt 1024 1456278831 1456278831
ibr-34_ibr-39_1.txt 1024 1456278511 1456278511
ibr-34_ibr-4_1.txt 1024 1456279111 1456279111
ibr-34_ibr-48_1.txt 1024 1456278191 1456278191
ibr-34_ibr-50_1.txt 1024 1456278601 1456278601
ibr-34_ibr-9_1.txt 1024 1456278641 1456278641
ibr-35_ibr-10_1.txt 1024 1456277171 1456277171
ibr-35_ibr-17_1.txt 1024 1456279771 1456279771
ibr-35_ibr-23_1.txt 1024 1456277091 1456277091
ibr-35_ibr-29_1.txt 1024 1456278471 1456278471
ibr-35_ibr-33_1.txt 1024 1456276921 1456276921
ibr-35_ibr-8_1.txt 1024 1456279011 1456279011
ibr-36_ibr-10_1.txt 1024 1456277291 1456277291
ibr-36_ibr-11_1.txt 1024 1456277736 1456277736
ibr-36_ibr-11_2.txt 1024 1456278346 1456278346
ibr-36_ibr-11_3.txt 1024 1456278536 1456278536
ibr-36_ibr-11_4.txt 1024 1456278781 1456278781
ibr-36_ibr-11_5.txt 1024 1456279286 1456279286
ibr-36_ibr-1_1.txt 1024 1456277716 1456277716
ibr-36_ibr-1_2.txt 1024 1456278596 1456278596
ibr-36_ibr-1_3.txt 1024 1456279116 1456279116
ibr-36_ibr-1_4.txt 1024 1456279806 1456279806
ibr-36_ibr-16_1.txt 1024 1456277636 1456277636
ibr-36_ibr-16_2.txt 1024 1456277776 1456277776
ibr-36_ibr-16_3.txt 1024 1456278236 1456278236
ibr-36_ibr-16_4.txt 1024 1456279316 1456279316
ibr-36_ibr-16_5.txt 1024 1456279336 1456279336
ibr-36_ibr-16_6.txt 1024 1456279511 1456279511
ibr-36_ibr-16_7.txt 1024 1456279676 1456279676
ibr-36_ibr-21_1.txt 1024 1456277901 1456277901
ibr-36_ibr-21_2.txt 1024 1456279556 1456279556
ibr-36_ibr-21_3.txt 1024 1456279696 1456279696
ibr-36_ibr-25_1.txt 1024 1456279521 1456279521
ibr-36_ibr-26_1.txt 1024 1456277016 1456277016
ibr-36_ibr-26_2.txt 1024 1456277386 1456277386
ibr-36_ibr-26_3.txt 1024 1456277436 1456277436
ibr-36_ibr-26_4.txt 1024 1456279466 1456279466
ibr-36_ibr-31_1.txt 1024 1456277726 1456277726
ibr-36_ibr-31_2.txt 1024 1456278026 1456278026
ibr-36_ibr-31_3.txt 1024 1456278336 1456278336
ibr-36_ibr-31_4.txt 1024 1456278716 1456278716
ibr-36_ibr-31_5.txt 1024 1456278976 1456278976
ibr-36_ibr-31_6.txt 1024 1456279826 1456279826
ibr-36_ibr-41_1.txt 1024 1456277076 1456277076
ibr-36_ibr-41_2.txt 1024 1456277696 1456277696
ibr-36_ibr-41_3.txt 1024 1456277806 1456277806
ibr-36_ibr-41_4.txt 1024 1456279196 1456279196
ibr-36_ibr-42_1.txt 1024 1456277271 1456277271
ibr-36_ibr-46_1.txt 1024 1456277296 1456277296
ibr-36_ibr-46_2.txt 1024 1456278566 1456278566
ibr-36_ibr-46_3.txt 1024 1456279221 1456279221
ibr-36_ibr-46_4.txt 1024 1456279306 1456279306
ibr-36_ibr-46_5.txt 1024 1456279396 1456279396
ibr-36_ibr-46_6.txt 1024 1456279406 1456279406
ibr-36_ibr-50_1.txt 1024 1456279531 1456279531
ibr-36_ibr-51_1.txt 1024 1456277786 1456277786
ibr-36_ibr-51_2.txt 1024 1456277996 1456277996
ibr-36_ibr-51_3.txt 1024 1456278146 1456278146
ibr-36_ibr-51_4.txt 1024 1456278756 1456278756
ibr-36_ibr-51_5.txt 1024 1456279006 1456279006
ibr-36_ibr-51_6.txt 1024 1456279446 1456279446
ibr-36_ibr-51_7.txt 1024 1456279476 1456279476
ibr-36_ibr-51_8.txt 1024 1456279836 1456279836
ibr-36_ibr-53_1.txt 1024 1456277191 1456277191
ibr-36_ibr-56_1.txt 1024 1456277166 1456277166
ibr-36_ibr-56_2.txt 1024 1456277276 1456277276
ibr-36_ibr-56_3.txt 1024 1456277356 1456277356
ibr-36_ibr-56_4.txt 1024 1456277456 1456277456
ibr-36_ibr-56_5.txt 1024 1456277516 1456277516
ibr-36_ibr-56_6.txt 1024 1456277856 1456277856
ibr-36_ibr-56_7.txt 1024 1456278206 1456278206
ibr-36_ibr-56_8.txt 1024 1456278306 1456278306
ibr-36_ibr-56_9.txt 1024 1456279576 1456279576
ibr-36_ibr-6_1.txt 1024 1456276936 1456276936
ibr-36_ibr-6_2.txt 1024 1456278916 1456278916
ibr-36_ibr-6_3.txt 1024 1456279606 1456279606
ibr-37_ibr-11_1.txt 1024 1456278221 1456278221
ibr-37_ibr-19_1.txt 1024 1456277561 1456277561
ibr-37_ibr-23_1.txt 1024 1456278501 1456278501
ibr-37_ibr-41_1.txt 1024 1456278701 1456278701
ibr-37_ibr-4_1.txt 1024 1456278371 1456278371
ibr-37_ibr-42_1.txt 1024 1456277891 1456277891
ibr-37_ibr-7_1.txt 1024 1456278471 1456278471
ibr-38_ibr-12_1.txt 1024 1456278901 1456278901
ibr-38_ibr-20_1.txt 1024 1456278071 1456278071
ibr-38_ibr-32_1.txt 1024 1456277761 1456277761
ibr-38_ibr-39_1.txt 1024 1456277051 1456277051
ibr-38_ibr-42_1.txt 1024 1456278491 1456278491
ibr-38_ibr-45_1.txt 1024 1456277661 1456277661
ibr-38_ibr-45_2.txt 1024 1456279141 1456279141
ibr-38_ibr-46_1.txt 1024 1456277611 1456277611
ibr-38_ibr-47_1.txt 1024 1456278701 1456278701
ibr-38_ibr-48_1.txt 1024 1456277791 1456277791
ibr-38_ibr-51_1.txt 1024 1456279461 1456279461
ibr-38_ibr-55_1.txt 1024 1456279371 1456279371
ibr-39_ibr-13_1.txt 1024 1456279471 1456279471
ibr-39_ibr-15_1.txt 1024 1456277631 1456277631
ibr-39_ibr-23_1.txt 1024 1456278181 1456278181
ibr-39_ibr-29_1.txt 1024 1456279681 1456279681
ibr-39_ibr-41_1.txt 1024 1456277981 1456277981
ibr-39_ibr-50_1.txt 1024 1456279351 1456279351
ibr-39_ibr-52_1.txt 1024 1456277761 1456277761
ibr-39_ibr-54_1.txt 1024 1456278161 1456278161
ibr-39_ibr-6_1.txt 1024 1456279021 1456279021
ibr-39_ibr-6_2.txt 1024 1456279101 1456279101
ibr-3_ibr-10_1.txt 1024 1456279251 1456279251
ibr-3_ibr-12_1.txt 1024 1456277131 1456277131
ibr-3_ibr-18_1.txt 1024 1456279611 1456279611
ibr-3_ibr-39_1.txt 1024 1456278931 1456278931
ibr-3_ibr-4_1.txt 1024 1456277621 1456277621
ibr-3_ibr-45_1.txt 1024 1456279641 1456279641
ibr-3_ibr-49_1.txt 1024 1456279121 1456279121
ibr-3_ibr-5_1.txt 1024 1456278131 1456278131
ibr-40_ibr-14_1.txt 1024 1456277141 1456277141
ibr-40_ibr-26_1.txt 1024 1456277011 1456277011
ibr-40_ibr-27_1.txt 1024 1456278201 1456278201
ibr-40_ibr-31_1.txt 1024 1456278861 1456278861
ibr-40_ibr-3_1.txt 1024 1456277551 1456277551
ibr-40_ibr-32_1.txt 1024 1456279461 1456279461
ibr-40_ibr-34_1.txt 1024 1456278961 1456278961
ibr-40_ibr-35_1.txt 1024 1456277321 1456277321
ibr-40_ibr-37_1.txt 1024 1456278971 1456278971
ibr-40_ibr-38_1.txt 1024 1456278791 1456278791
ibr-40_ibr-39_1.txt 1024 1456278931 1456278931
ibr-40_ibr-4_1.txt 1024 1456278381 1456278381
ibr-40_ibr-42_1.txt 1024 1456279371 1456279371
ibr-40_ibr-48_1.txt 1024 1456277421 1456277421
ibr-41_ibr-10_1.txt 1024 1456277161 1456277161
ibr-41_ibr-10_2.txt 1024 1456279601 1456279601
ibr-41_ibr-11_1.txt 1024 1456277206 1456277206
ibr-41_ibr-11_2.txt 1024 1456278336 1456278336
ibr-41_ibr-11_3.txt 1024 1456279546 1456279546
ibr-41_ibr-11_4.txt 1024 1456279656 1456279656
ibr-41_ibr-1_1.txt 1024 1456277746 1456277746
ibr-41_ibr-1_2.txt 1024 1456278036 1456278036
ibr-41_ibr-1_3.txt 1024 1456279486 1456279486
ibr-41_ibr-1_4.txt 1024 1456279586 1456279586
ibr-41_ibr-16_1.txt 1024 1456278566 1456278566
ibr-41_ibr-16_2.txt 1024 1456278636 1456278636
ibr-41_ibr-16_3.txt 1024 1456278696 1456278696
ibr-41_ibr-16_4.txt 1024 1456279756 1456279756
ibr-41_ibr-16_5.txt 1024 1456279896 1456279896
ibr-41_ibr-19_1.txt 1024 1456277671 1456277671
ibr-41_ibr-21_1.txt 1024 1456277026 1456277026
ibr-41_ibr-21_2.txt 1024 1456277266 1456277266
ibr-41_ibr-21_3.txt 1024 1456277316 1456277316
ibr-41_ibr-21_4.txt 1024 1456278366 1456278366
ibr-41_ibr-21_5.txt 1024 1456278676 1456278676
ibr-41_ibr-21_6.txt 1024 1456278776 1456278776
ibr-41_ibr-21_7.txt 1024 1456279246 1456279246
ibr-41_ibr-21_8.txt 1024 1456279406 1456279406
ibr-41_ibr-25_1.txt 1024 1456279831 1456279831
ibr-41_ibr-30_1.txt 1024 1456279171 1456279171
ibr-41_ibr-31_1.txt 1024 1456278136 1456278136
ibr-41_ibr-31_2.txt 1024 1456278266 1456278266
ibr-41_ibr-31_3.txt 1024 1456278296 1456278296
ibr-41_ibr-36_1.txt 1024 1456277856 1456277856
ibr-41_ibr-36_2.txt 1024 1456278056 1456278056
ibr-41_ibr-36_3.txt 1024 1456279516 1456279516
ibr-41_ibr-37_1.txt 1024 1456278441 1456278441
ibr-41_ibr-43_1.txt 1024 1456277811 1456277811
ibr-41_ibr-46_1.txt 1024 1456276966 1456276966
ibr-41_ibr-46_2.txt 1024 1456277046 1456277046
ibr-41_ibr-46_3.txt 1024 1456277906 1456277906
ibr-41_ibr-46_4.txt 1024 1456278066 1456278066
ibr-41_ibr-46_5.txt 1024 1456278606 1456278606
ibr-41_ibr-46_6.txt 1024 1456279146 1456279146
ibr-41_ibr-51_1.txt 1024 1456277766 1456277766
ibr-41_ibr-51_2.txt 1024 1456278626 1456278626
ibr-41_ibr-51_3.txt 1024 1456278926 1456278926
ibr-41_ibr-51_4.txt 1024 1456278946 1456278946
ibr-41_ibr-51_5.txt 1024 1456279886 1456279886
ibr-41_ibr-56_1.txt 1024 1456277096 1456277096
ibr-41_ibr-56_2.txt 1024 1456277186 1456277186
ibr-41_ibr-56_3.txt 1024 1456277796 1456277796
ibr-41_ibr-56_4.txt 1024 1456278836 1456278836
ibr-41_ibr-56_5.txt 1024 1456278906 1456278906
ibr-41_ibr-56_6.txt 1024 1456279136 1456279136
ibr-41_ibr-56_7.txt 1024 1456279561 1456279561
ibr-41_ibr-56_8.txt 1024 1456279616 1456279616
ibr-41_ibr-6_1.txt 1024 1456277816 1456277816
ibr-41_ibr-6_2.txt 1024 1456277926 1456277926
ibr-41_ibr-6_3.txt 1024 1456279266 1456279266
ibr-41_ibr-6_4.txt 1024 1456279746 1456279746
ibr-42_ibr-14_1.txt 1024 1456277271 1456277271
ibr-42_ibr-24_1.txt 1024 1456278101 1456278101
ibr-42_ibr-25_1.txt 1024 1456278291 1456278291
ibr-42_ibr-26_1.txt 1024 1456279711 1456279711
ibr-42_ibr-29_1.txt 1024 1456278911 1456278911
ibr-42_ibr-33_1.txt 1024 1456278751 1456278751
ibr-42_ibr-35_1.txt 1024 1456278031 1456278031
ibr-42_ibr-37_1.txt 1024 1456279501 1456279501
ibr-42_ibr-44_1.txt 1024 1456276991 1456276991
ibr-42_ibr-44_2.txt 1024 1456277681 1456277681
ibr-42_ibr-50_1.txt 1024 1456279341 1456279341
ibr-42_ibr-5_1.txt 1024 1456278191 1456278191
ibr-43_ibr-12_1.txt 1024 1456279761 1456279761
ibr-43_ibr-19_1.txt 1024 1456277401 1456277401
ibr-43_ibr-28_1.txt 1024 1456278431 1456278431
ibr-43_ibr-4_1.txt 1024 1456278781 1456278781
ibr-43_ibr-42_1.txt 1024 1456279191 1456279191
ibr-43_ibr-48_1.txt 1024 1456279411 1456279411
ibr-43_ibr-55_1.txt 1024 1456277711 1456277711
ibr-43_ibr-7_1.txt 1024 1456279821 1456279821
ibr-44_ibr-12_1.txt 1024 1456277171 1456277171
ibr-44_ibr-15_1.txt 1024 1456279801 1456279801
ibr-44_ibr-19_1.txt 1024 1456277571 1456277571
ibr-44_ibr-21_1.txt 1024 1456279661 1456279661
ibr-44_ibr-23_1.txt 1024 1456277251 1456277251
ibr-44_ibr-27_1.txt 1024 1456277951 1456277951
ibr-44_ibr-35_1.txt 1024 1456278171 1456278171
ibr-44_ibr-36_1.txt 1024 1456277851 1456277851
ibr-44_ibr-39_1.txt 1024 1456277971 1456277971
ibr-44_ibr-4_1.txt 1024 1456278841 1456278841
ibr-44_ibr-4_2.txt 1024 1456279201 1456279201
ibr-44_ibr-51_1.txt 1024 1456279891 1456279891
ibr-44_ibr-53_1.txt 1024 1456279531 1456279531
ibr-45_ibr-17_1.txt 1024 1456279691 1456279691
ibr-45_ibr-22_1.txt 1024 1456279421 1456279421
ibr-45_ibr-31_1.txt 1024 1456277211 1456277211
ibr-45_ibr-32_1.txt 1024 1456277961 1456277961
ibr-45_ibr-32_2.txt 1024 1456278791 1456278791
ibr-45_ibr-35_1.txt 1024 1456277911 1456277911
ibr-45_ibr-44_1.txt 1024 1456278461 1456278461
ibr-45_ibr-47_1.txt 1024 1456278971 1456278971
ibr-45_ibr-8_1.txt 1024 1456277831 1456277831
ibr-46_ibr-11_1.txt 1024 1456277516 1456277516
ibr-46_ibr-11_2.txt 1024 1456278326 1456278326
ibr-46_ibr-11_3.txt 1024 1456278616 1456278616
ibr-46_ibr-11_4.txt 1024 1456278786 1456278786
ibr-46_ibr-11_5.txt 1024 1456279506 1456279506
ibr-46_ibr-1_1.txt 1024 1456277946 1456277946
ibr-46_ibr-1_2.txt 1024 1456278286 1456278286
ibr-46_ibr-1_3.txt 1024 1456278886 1456278886
ibr-46_ibr-1_4.txt 1024 1456279666 1456279666
ibr-46_ibr-16_1.txt 1024 1456277196 1456277196
ibr-46_ibr-16_2.txt 1024 1456277716 1456277716
ibr-46_ibr-21_1.txt 1024 1456277666 1456277666
ibr-46_ibr-21_2.txt 1024 1456277756 1456277756
ibr-46_ibr-21_3.txt 1024 1456278256 1456278256
ibr-46_ibr-21_4.txt 1024 1456278626 1456278626
ibr-46_ibr-21_5.txt 1024 1456278916 1456278916
ibr-46_ibr-21_6.txt 1024 1456278956 1456278956
ibr-46_ibr-21_7.txt 1024 1456279476 1456279476
ibr-46_ibr-26_1.txt 1024 1456277041 1456277041
ibr-46_ibr-26_2.txt 1024 1456277066 1456277066
ibr-46_ibr-26_3.txt 1024 1456277546 1456277546
ibr-46_ibr-26_4.txt 1024 1456277696 1456277696
ibr-46_ibr-26_5.txt 1024 1456277886 1456277886
ibr-46_ibr-26_6.txt 1024 1456279366 1456279366
ibr-46_ibr-26_7.txt 1024 1456279846 1456279846
ibr-46_ibr-30_1.txt 1024 1456276981 1456276981
ibr-46_ibr-31_1.txt 1024 1456277626 1456277626
ibr-46_ibr-31_2.txt 1024 1456277676 1456277676
ibr-46_ibr-31_3.txt 1024 1456278946 1456278946
ibr-46_ibr-31_4.txt 1024 1456279636 1456279636
ibr-46_ibr-31_5.txt 1024 1456279686 1456279686
ibr-46_ibr-36_10.txt 1024 1456279746 1456279746
ibr-46_ibr-36_1.txt 1024 1456277206 1456277206
ibr-46_ibr-36_2.txt 1024 1456277326 1456277326
ibr-46_ibr-36_3.txt 1024 1456277536 1456277536
ibr-46_ibr-36_4.txt 1024 1456277646 1456277646
ibr-46_ibr-36_5.txt 1024 1456278156 1456278156
ibr-46_ibr-36_6.txt 1024 1456278276 1456278276
ibr-46_ibr-36_7.txt 1024 1456278726 1456278726
ibr-46_ibr-36_8.txt 1024 1456279286 1456279286
ibr-46_ibr-36_9.txt 1024 1456279706 1456279706
ibr-46_ibr-39_1.txt 1024 1456276971 1456276971
ibr-46_ibr-41_1.txt 1024 1456277616 1456277616
ibr-46_ibr-41_2.txt 1024 1456277906 1456277906
ibr-46_ibr-41_3.txt 1024 1456278046 1456278046
ibr-46_ibr-41_4.txt 1024 1456278306 1456278306
ibr-46_ibr-41_5.txt 1024 1456278496 1456278496
ibr-46_ibr-43_1.txt 1024 1456279871 1456279871
ibr-46_ibr-48_1.txt 1024 1456277101 1456277101
ibr-46_ibr-51_1.txt 1024 1456276976 1456276976
ibr-46_ibr-51_2.txt 1024 1456277036 1456277036
ibr-46_ibr-51_3.txt 1024 1456277586 1456277586
ibr-46_ibr-51_4.txt 1024 1456278796 1456278796
ibr-46_ibr-51_5.txt 1024 1456278966 1456278966
ibr-46_ibr-55_1.txt 1024 1456277841 1456277841
ibr-46_ibr-56_1.txt 1024 1456278196 1456278196
ibr-46_ibr-56_2.txt 1024 1456279096 1456279096
ibr-46_ibr-6_1.txt 1024 1456277346 1456277346
ibr-46_ibr-6_2.txt 1024 1456278301 1456278301
ibr-46_ibr-6_3.txt 1024 1456278846 1456278846
ibr-46_ibr-6_4.txt 1024 1456279136 1456279136
ibr-46_ibr-6_5.txt 1024 1456279486 1456279486
ibr-46_ibr-6_6.txt 1024 1456279716 1456279716
ibr-47_ibr-13_1.txt 1024 1456279281 1456279281
ibr-47_ibr-16_1.txt 1024 1456278041 1456278041
ibr-47_ibr-17_1.txt 1024 1456277751 1456277751
ibr-47_ibr-20_1.txt 1024 1456276971 1456276971
ibr-47_ibr-27_1.txt 1024 1456277531 1456277531
ibr-47_ibr-27_2.txt 1024 1456278981 1456278981
ibr-47_ibr-4_1.txt 1024 1456278651 1456278651
ibr-47_ibr-46_1.txt 1024 1456278061 1456278061
ibr-47_ibr-46_2.txt 1024 1456279681 1456279681
ibr-48_ibr-13_1.txt 1024 1456277571 1456277571
ibr-48_ibr-19_1.txt 1024 1456278671 1456278671
ibr-48_ibr-2_1.txt 1024 1456277821 1456277821
ibr-48_ibr-27_1.txt 1024 1456278721 1456278721
ibr-48_ibr-3_1.txt 1024 1456279651 1456279651
ibr-48_ibr-32_1.txt 1024 1456279231 1456279231
ibr-48_ibr-34_1.txt 1024 1456279811 1456279811
ibr-48_ibr-37_1.txt 1024 1456277411 1456277411
ibr-48_ibr-38_1.txt 1024 1456277781 1456277781
ibr-48_ibr-45_1.txt 1024 1456279841 1456279841
ibr-48_ibr-47_1.txt 1024 1456278481 1456278481
ibr-48_ibr-8_1.txt 1024 1456279601 1456279601
ibr-49_ibr-16_1.txt 1024 1456279701 1456279701
ibr-49_ibr-22_1.txt 1024 1456277031 1456277031
ibr-49_ibr-29_1.txt 1024 1456278081 1456278081
ibr-49_ibr-34_1.txt 1024 1456279561 1456279561
ibr-49_ibr-35_1.txt 1024 1456279091 1456279091
ibr-49_ibr-37_1.txt 1024 1456277501 1456277501
ibr-49_ibr-40_1.txt 1024 1456279061 1456279061
ibr-49_ibr-5_1.txt 1024 1456278051 1456278051
ibr-49_ibr-52_1.txt 1024 1456277201 1456277201
ibr-49_ibr-53_1.txt 1024 1456278531 1456278531
ibr-49_ibr-54_1.txt 1024 1456279181 1456279181
ibr-4_ibr-15_1.txt 1024 1456279361 1456279361
ibr-4_ibr-26_1.txt 1024 1456278571 1456278571
ibr-4_ibr-38_1.txt 1024 1456279731 1456279731
ibr-4_ibr-40_1.txt 1024 1456277831 1456277831
ibr-4_ibr-42_1.txt 1024 1456278491 1456278491
ibr-4_ibr-56_1.txt 1024 1456278901 1456278901
ibr-4_ibr-9_1.txt 1024 1456277871 1456277871
ibr-50_ibr-11_1.txt 1024 1456277591 1456277591
ibr-50_ibr-16_1.txt 1024 1456279551 1456279551
ibr-50_ibr-20_1.txt 1024 1456278521 1456278521
ibr-50_ibr-24_1.txt 1024 1456278691 1456278691
ibr-50_ibr-25_1.txt 1024 1456277851 1456277851
ibr-50_ibr-30_1.txt 1024 1456279661 1456279661
ibr-50_ibr-31_1.txt 1024 1456278261 1456278261
ibr-50_ibr-31_2.txt 1024 1456278801 1456278801
ibr-50_ibr-3_1.txt 1024 1456277911 1456277911
ibr-50_ibr-32_1.txt 1024 1456279511 1456279511
ibr-50_ibr-34_1.txt 1024 1456279861 1456279861
ibr-50_ibr-37_1.txt 1024 1456278851 1456278851
ibr-50_ibr-4_1.txt 1024 1456278091 1456278091
ibr-50_ibr-42_1.txt 1024 1456277361 1456277361
ibr-50_ibr-43_1.txt 1024 1456278601 1456278601
ibr-50_ibr-47_1.txt 1024 1456277441 1456277441
ibr-50_ibr-49_1.txt 1024 1456279621 1456279621
ibr-50_ibr-5_1.txt 1024 1456279261 1456279261
ibr-50_ibr-8_1.txt 1024 1456278371 1456278371
ibr-51_ibr-11_1.txt 1024 1456276946 1456276946
ibr-51_ibr-11_2.txt 1024 1456278116 1456278116
ibr-51_ibr-11_3.txt 1024 1456278186 1456278186
ibr-51_ibr-11_4.txt 1024 1456278546 1456278546
ibr-51_ibr-11_5.txt 1024 1456278676 1456278676
ibr-51_ibr-11_6.txt 1024 1456279316 1456279316
ibr-51_ibr-11_7.txt 1024 1456279356 1456279356
ibr-51_ibr-1_1.txt 1024 1456278966 1456278966
ibr-51_ibr-1_2.txt 1024 1456279306 1456279306
ibr-51_ibr-1_3.txt 1024 1456279386 1456279386
ibr-51_ibr-1_4.txt 1024 1456279616 1456279616
ibr-51_ibr-1_5.txt 1024 1456279836 1456279836
ibr-51_ibr-16_1.txt 1024 1456277076 1456277076
ibr-51_ibr-16_2.txt 1024 1456277546 1456277546
ibr-51_ibr-16_3.txt 1024 1456277956 1456277956
ibr-51_ibr-16_4.txt 1024 1456278176 1456278176
ibr-51_ibr-16_5.txt 1024 1456278386 1456278386
ibr-51_ibr-16_6.txt 1024 1456279076 1456279076
ibr-51_ibr-16_7.txt 1024 1456279606 1456279606
ibr-51_ibr-16_8.txt 1024 1456279816 1456279816
ibr-51_ibr-17_1.txt 1024 1456278991 1456278991
ibr-51_ibr-21_1.txt 1024 1456277296 1456277296
ibr-51_ibr-21_2.txt 1024 1456277426 1456277426
ibr-51_ibr-21_3.txt 1024 1456277566 1456277566
ibr-51_ibr-21_4.txt 1024 1456277706 1456277706
ibr-51_ibr-21_5.txt 1024 1456278316 1456278316
ibr-51_ibr-21_6.txt 1024 1456279416 1456279416
ibr-51_ibr-26_1.txt 1024 1456277916 1456277916
ibr-51_ibr-26_2.txt 1024 1456278466 1456278466
ibr-51_ibr-31_1.txt 1024 1456277016 1456277016
ibr-51_ibr-31_2.txt 1024 1456277136 1456277136
ibr-51_ibr-31_3.txt 1024 1456277226 1456277226
ibr-51_ibr-31_4.txt 1024 1456277316 1456277316
ibr-51_ibr-31_5.txt 1024 1456278426 1456278426
ibr-51_ibr-31_6.txt 1024 1456278496 1456278496
ibr-51_ibr-31_7.txt 1024 1456279036 1456279036
ibr-51_ibr-31_8.txt 1024 1456279086 1456279086
ibr-51_ibr-31_9.txt 1024 1456279336 1456279336
ibr-51_ibr-33_1.txt 1024 1456279631 1456279631
ibr-51_ibr-36_1.txt 1024 1456278806 1456278806
ibr-51_ibr-36_2.txt 1024 1456279441 1456279441
ibr-51_ibr-36_3.txt 1024 1456279566 1456279566
ibr-51_ibr-41_1.txt 1024 1456276956 1456276956
ibr-51_ibr-41_2.txt 1024 1456277866 1456277866
ibr-51_ibr-41_3.txt 1024 1456279446 1456279446
ibr-51_ibr-46_1.txt 1024 1456277336 1456277336
ibr-51_ibr-46_2.txt 1024 1456279796 1456279796
ibr-51_ibr-56_1.txt 1024 1456277986 1456277986
ibr-51_ibr-56_2.txt 1024 1456278226 1456278226
ibr-51_ibr-56_3.txt 1024 1456278256 1456278256
ibr-51_ibr-56_4.txt 1024 1456279056 1456279056
ibr-51_ibr-56_5.txt 1024 1456279866 1456279866
ibr-51_ibr-6_1.txt 1024 1456277406 1456277406
ibr-51_ibr-6_2.txt 1024 1456277796 1456277796
ibr-51_ibr-6_3.txt 1024 1456278206 1456278206
ibr-51_ibr-6_4.txt 1024 1456278246 1456278246
ibr-51_ibr-6_5.txt 1024 1456278656 1456278656
ibr-51_ibr-6_6.txt 1024 1456278886 1456278886
ibr-51_ibr-6_7.txt 1024 1456278896 1456278896
ibr-51_ibr-7_1.txt 1024 1456279001 1456279001
ibr-52_ibr-14_1.txt 1024 1456277201 1456277201
ibr-52_ibr-19_1.txt 1024 1456278211 1456278211
ibr-52_ibr-24_1.txt 1024 1456279741 1456279741
ibr-52_ibr-36_1.txt 1024 1456279041 1456279041
ibr-52_ibr-51_1.txt 1024 1456277461 1456277461
ibr-52_ibr-54_1.txt 1024 1456277041 1456277041
ibr-53_ibr-15_1.txt 1024 1456277681 1456277681
ibr-53_ibr-2_1.txt 1024 1456279141 1456279141
ibr-53_ibr-24_1.txt 1024 1456279741 1456279741
ibr-53_ibr-26_1.txt 1024 1456277291 1456277291
ibr-53_ibr-35_1.txt 1024 1456278361 1456278361
ibr-53_ibr-36_1.txt 1024 1456279871 1456279871
ibr-53_ibr-43_1.txt 1024 1456277231 1456277231
ibr-53_ibr-45_1.txt 1024 1456277151 1456277151
ibr-53_ibr-47_1.txt 1024 1456279521 1456279521
ibr-53_ibr-51_1.txt 1024 1456279181 1456279181
ibr-53_ibr-6_1.txt 1024 1456279731 1456279731
ibr-54_ibr-10_1.txt 1024 1456277401 1456277401
ibr-54_ibr-12_1.txt 1024 1456279151 1456279151
ibr-54_ibr-25_1.txt 1024 1456278351 1456278351
ibr-54_ibr-25_2.txt 1024 1456279231 1456279231
ibr-54_ibr-30_1.txt 1024 1456279551 1456279551
ibr-54_ibr-3_1.txt 1024 1456278021 1456278021
ibr-54_ibr-32_1.txt 1024 1456278081 1456278081
ibr-54_ibr-40_1.txt 1024 1456278981 1456278981
ibr-54_ibr-47_1.txt 1024 1456279431 1456279431
ibr-54_ibr-52_1.txt 1024 1456278341 1456278341
ibr-54_ibr-53_1.txt 1024 1456278211 1456278211
ibr-55_ibr-28_1.txt 1024 1456277321 1456277321
ibr-55_ibr-29_1.txt 1024 1456279251 1456279251
ibr-55_ibr-30_1.txt 1024 1456279011 1456279011
ibr-55_ibr-36_1.txt 1024 1456277701 1456277701
ibr-55_ibr-37_1.txt 1024 1456277251 1456277251
ibr-55_ibr-41_1.txt 1024 1456278131 1456278131
ibr-55_ibr-52_1.txt 1024 1456278841 1456278841
ibr-55_ibr-54_1.txt 1024 1456278421 1456278421
ibr-56_ibr-13_1.txt 1024 1456278741 1456278741
ibr-56_ibr-16_1.txt 1024 1456278121 1456278121
ibr-56_ibr-16_2.txt 1024 1456279071 1456279071
ibr-56_ibr-17_1.txt 1024 1456277221 1456277221
ibr-56_ibr-25_1.txt 1024 1456279401 1456279401
ibr-56_ibr-33_1.txt 1024 1456276931 1456276931
ibr-56_ibr-41_1.txt 1024 1456279291 1456279291
ibr-56_ibr-43_1.txt 1024 1456278941 1456278941
ibr-56_ibr-46_1.txt 1024 1456277481 1456277481
ibr-56_ibr-48_1.txt 1024 1456277391 1456277391
ibr-56_ibr-51_1.txt 1024 1456279381 1456279381
ibr-56_ibr-54_1.txt 1024 1456277921 1456277921
ibr-5_ibr-13_1.txt 1024 1456279281 1456279281
ibr-5_ibr-14_1.txt 1024 1456279171 1456279171
ibr-5_ibr-19_1.txt 1024 1456276941 1456276941
ibr-5_ibr-23_1.txt 1024 1456278881 1456278881
ibr-5_ibr-23_2.txt 1024 1456278911 1456278911
ibr-5_ibr-32_1.txt 1024 1456278581 1456278581
ibr-5_ibr-36_1.txt 1024 1456277001 1456277001
ibr-5_ibr-36_2.txt 1024 1456278421 1456278421
ibr-5_ibr-42_1.txt 1024 1456277751 1456277751
ibr-5_ibr-43_1.txt 1024 1456277061 1456277061
ibr-5_ibr-49_1.txt 1024 1456277181 1456277181
ibr-5_ibr-49_2.txt 1024 1456277921 1456277921
ibr-6_ibr-11_1.txt 1024 1456278541 1456278541
ibr-6_ibr-11_2.txt 1024 1456278596 1456278596
ibr-6_ibr-11_3.txt 1024 1456278616 1456278616
ibr-6_ibr-11_4.txt 1024 1456278826 1456278826
ibr-6_ibr-1_1.txt 1024 1456277526 1456277526
ibr-6_ibr-1_2.txt 1024 1456278686 1456278686
ibr-6_ibr-1_3.txt 1024 1456279206 1456279206
ibr-6_ibr-15_1.txt 1024 1456277031 1456277031
ibr-6_ibr-16_1.txt 1024 1456277116 1456277116
ibr-6_ibr-16_2.txt 1024 1456277166 1456277166
ibr-6_ibr-16_3.txt 1024 1456277511 1456277511
ibr-6_ibr-16_4.txt 1024 1456277711 1456277711
ibr-6_ibr-16_5.txt 1024 1456277986 1456277986
ibr-6_ibr-16_6.txt 1024 1456278356 1456278356
ibr-6_ibr-16_7.txt 1024 1456278486 1456278486
ibr-6_ibr-16_8.txt 1024 1456278856 1456278856
ibr-6_ibr-21_10.txt 1024 1456279831 1456279831
ibr-6_ibr-21_1.txt 1024 1456277066 1456277066
ibr-6_ibr-21_2.txt 1024 1456277486 1456277486
ibr-6_ibr-21_3.txt 1024 1456277841 1456277841
ibr-6_ibr-21_4.txt 1024 1456277861 1456277861
ibr-6_ibr-21_5.txt 1024 1456278076 1456278076
ibr-6_ibr-21_6.txt 1024 1456278146 1456278146
ibr-6_ibr-21_7.txt 1024 1456279016 1456279016
ibr-6_ibr-21_8.txt 1024 1456279456 1456279456
ibr-6_ibr-21_9.txt 1024 1456279766 1456279766
ibr-6_ibr-26_1.txt 1024 1456277836 1456277836
ibr-6_ibr-26_2.txt 1024 1456277996 1456277996
ibr-6_ibr-26_3.txt 1024 1456278876 1456278876
ibr-6_ibr-26_4.txt 1024 1456279346 1456279346
ibr-6_ibr-26_5.txt 1024 1456279391 1456279391
ibr-6_ibr-26_6.txt 1024 1456279426 1456279426
ibr-6_ibr-26_7.txt 1024 1456279716 1456279716
ibr-6_ibr-28_1.txt 1024 1456277781 1456277781
ibr-6_ibr-31_1.txt 1024 1456277616 1456277616
ibr-6_ibr-31_2.txt 1024 1456278436 1456278436
ibr-6_ibr-31_3.txt 1024 1456278706 1456278706
ibr-6_ibr-31_4.txt 1024 1456278776 1456278776
ibr-6_ibr-31_5.txt 1024 1456279146 1456279146
ibr-6_ibr-31_6.txt 1024 1456279246 1456279246
ibr-6_ibr-32_1.txt 1024 1456277741 1456277741
ibr-6_ibr-33_1.txt 1024 1456277111 1456277111
ibr-6_ibr-36_1.txt 1024 1456277336 1456277336
ibr-6_ibr-36_2.txt 1024 1456279226 1456279226
ibr-6_ibr-36_3.txt 1024 1456279296 1456279296
ibr-6_ibr-36_4.txt 1024 1456279496 1456279496
ibr-6_ibr-41_1.txt 1024 1456277056 1456277056
ibr-6_ibr-41_2.txt 1024 1456277466 1456277466
ibr-6_ibr-41_3.txt 1024 1456278576 1456278576
ibr-6_ibr-41_4.txt 1024 1456278611 1456278611
ibr-6_ibr-41_5.txt 1024 1456278766 1456278766
ibr-6_ibr-41_6.txt 1024 1456279216 1456279216
ibr-6_ibr-4_1.txt 1024 1456277791 1456277791
ibr-6_ibr-46_1.txt 1024 1456276946 1456276946
ibr-6_ibr-46_2.txt 1024 1456278736 1456278736
ibr-6_ibr-46_3.txt 1024 1456278816 1456278816
ibr-6_ibr-50_1.txt 1024 1456277731 1456277731
ibr-6_ibr-51_1.txt 1024 1456277106 1456277106
ibr-6_ibr-51_2.txt 1024 1456277126 1456277126
ibr-6_ibr-51_3.txt 1024 1456278866 1456278866
ibr-6_ibr-51_4.txt 1024 1456279106 1456279106
ibr-6_ibr-51_5.txt 1024 1456279526 1456279526
ibr-6_ibr-51_6.txt 1024 1456279571 1456279571
ibr-6_ibr-56_1.txt 1024 1456278316 1456278316
ibr-6_ibr-56_2.txt 1024 1456279646 1456279646
ibr-6_ibr-56_3.txt 1024 1456279796 1456279796
ibr-6_ibr-7_1.txt 1024 1456279471 1456279471
ibr-7_ibr-11_1.txt 1024 1456278231 1456278231
ibr-7_ibr-11_2.txt 1024 1456279641 1456279641
ibr-7_ibr-13_1.txt 1024 1456277931 1456277931
ibr-7_ibr-24_1.txt 1024 1456277391 1456277391
ibr-7_ibr-24_2.txt 1024 1456278201 1456278201
ibr-7_ibr-24_3.txt 1024 1456279271 1456279271
ibr-7_ibr-27_1.txt 1024 1456277371 1456277371
ibr-7_ibr-36_1.txt 1024 1456277301 1456277301
ibr-7_ibr-37_1.txt 1024 1456279161 1456279161
ibr-7_ibr-38_1.txt 1024 1456277971 1456277971
ibr-7_ibr-48_1.txt 1024 1456277101 1456277101
ibr-7_ibr-56_1.txt 1024 1456278561 1456278561
ibr-7_ibr-6_1.txt 1024 1456277991 1456277991
ibr-7_ibr-8_1.txt 1024 1456278721 1456278721
ibr-8_ibr-10_1.txt 1024 1456276951 1456276951
ibr-8_ibr-13_1.txt 1024 1456279581 1456279581
ibr-8_ibr-20_1.txt 1024 1456277181 1456277181
ibr-8_ibr-30_1.txt 1024 1456277901 1456277901
ibr-8_ibr-30_2.txt 1024 1456278941 1456278941
ibr-8_ibr-31_1.txt 1024 1456278651 1456278651
ibr-8_ibr-36_1.txt 1024 1456278861 1456278861
ibr-8_ibr-47_1.txt 1024 1456277411 1456277411
ibr-8_ibr-48_1.txt 1024 1456279701 1456279701
ibr-8_ibr-53_1.txt 1024 1456277051 1456277051
ibr-8_ibr-7_1.txt 1024 1456279401 1456279401
ibr-8_ibr-7_2.txt 1024 1456279451 1456279451
ibr-9_ibr-10_1.txt 1024 1456279331 1456279331
ibr-9_ibr-15_1.txt 1024 1456278001 1456278001
ibr-9_ibr-16_1.txt 1024 1456277161 1456277161
ibr-9_ibr-18_1.txt 1024 1456279311 1456279311
ibr-9_ibr-22_1.txt 1024 1456279691 1456279691
ibr-9_ibr-25_1.txt 1024 1456278551 1456278551
ibr-9_ibr-33_1.txt 1024 1456279151 1456279151
ibr-9_ibr-37_1.txt 1024 1456279481 1456279481
ibr-9_ibr-43_1.txt 1024 1456279781 1456279781
ibr-9_ibr-45_1.txt 1024 1456278691 1456278691
ibr-9_ibr-49_1.txt 1024 1456277371 1456277371
ibr-9_ibr-49_2.txt 1024 1456278281 1456278281
ibr-9_ibr-56_1.txt 1024 1456278761 1456278761
