# name size  create_time reach_time
ibr-10_ibr-22_1.txt 1024 1456143355 1456143355
ibr-10_ibr-23_1.txt 1024 1456143696 1456143696
ibr-10_ibr-24_1.txt 1024 1456145185 1456145185
ibr-10_ibr-28_1.txt 1024 1456143676 1456143676
ibr-10_ibr-33_1.txt 1024 1456144276 1456144276
ibr-10_ibr-40_1.txt 1024 1456144646 1456144646
ibr-10_ibr-41_1.txt 1024 1456143475 1456143475
ibr-10_ibr-41_2.txt 1024 1456144145 1456144145
ibr-10_ibr-42_1.txt 1024 1456145025 1456145025
ibr-10_ibr-49_1.txt 1024 1456143605 1456143605
ibr-10_ibr-49_2.txt 1024 1456144175 1456144175
ibr-10_ibr-49_3.txt 1024 1456144486 1456144486
ibr-10_ibr-50_1.txt 1024 1456144185 1456144185
ibr-10_ibr-50_2.txt 1024 1456144815 1456144815
ibr-10_ibr-53_1.txt 1024 1456143765 1456143765
ibr-11_ibr-1_1.txt 1024 1456143920 1456143920
ibr-11_ibr-12_1.txt 1024 1456145265 1456145265
ibr-11_ibr-1_2.txt 1024 1456144350 1456144350
ibr-11_ibr-1_3.txt 1024 1456144710 1456144710
ibr-11_ibr-14_1.txt 1024 1456143795 1456143795
ibr-11_ibr-1_4.txt 1024 1456145161 1456145161
ibr-11_ibr-1_5.txt 1024 1456145700 1456145700
ibr-11_ibr-16_1.txt 1024 1456143280 1456143281
ibr-11_ibr-16_2.txt 1024 1456143670 1456143670
ibr-11_ibr-16_3.txt 1024 1456143781 1456143781
ibr-11_ibr-16_4.txt 1024 1456144141 1456144141
ibr-11_ibr-16_5.txt 1024 1456144250 1456144250
ibr-11_ibr-16_6.txt 1024 1456144270 1456144270
ibr-11_ibr-1_6.txt 1024 1456146031 1456146031
ibr-11_ibr-1_7.txt 1024 1456146040 1456146040
ibr-11_ibr-21_1.txt 1024 1456143271 1456143271
ibr-11_ibr-21_2.txt 1024 1456143360 1456143360
ibr-11_ibr-21_3.txt 1024 1456144580 1456144580
ibr-11_ibr-21_4.txt 1024 1456144590 1456144590
ibr-11_ibr-21_5.txt 1024 1456144640 1456144640
ibr-11_ibr-21_6.txt 1024 1456145200 1456145200
ibr-11_ibr-21_7.txt 1024 1456145240 1456145240
ibr-11_ibr-21_8.txt 1024 1456145920 1456145921
ibr-11_ibr-26_1.txt 1024 1456143050 1456143050
ibr-11_ibr-26_2.txt 1024 1456143231 1456143231
ibr-11_ibr-26_3.txt 1024 1456144061 1456144061
ibr-11_ibr-26_4.txt 1024 1456144070 1456144070
ibr-11_ibr-26_5.txt 1024 1456144900 1456144900
ibr-11_ibr-26_6.txt 1024 1456145570 1456145570
ibr-11_ibr-26_7.txt 1024 1456145780 1456145780
ibr-11_ibr-28_1.txt 1024 1456145705 1456145705
ibr-11_ibr-29_1.txt 1024 1456143715 1456143715
ibr-11_ibr-30_1.txt 1024 1456145205 1456145205
ibr-11_ibr-31_1.txt 1024 1456143461 1456143461
ibr-11_ibr-31_2.txt 1024 1456143551 1456143551
ibr-11_ibr-31_3.txt 1024 1456144431 1456144431
ibr-11_ibr-31_4.txt 1024 1456144571 1456144571
ibr-11_ibr-36_1.txt 1024 1456143370 1456143370
ibr-11_ibr-36_2.txt 1024 1456143560 1456143560
ibr-11_ibr-36_3.txt 1024 1456143600 1456143600
ibr-11_ibr-36_4.txt 1024 1456144551 1456144551
ibr-11_ibr-36_5.txt 1024 1456145480 1456145480
ibr-11_ibr-40_1.txt 1024 1456143605 1456143605
ibr-11_ibr-41_1.txt 1024 1456143120 1456143120
ibr-11_ibr-41_2.txt 1024 1456143161 1456143161
ibr-11_ibr-41_3.txt 1024 1456143510 1456143510
ibr-11_ibr-41_4.txt 1024 1456143820 1456143820
ibr-11_ibr-41_5.txt 1024 1456143980 1456143981
ibr-11_ibr-41_6.txt 1024 1456144781 1456144781
ibr-11_ibr-41_7.txt 1024 1456145250 1456145250
ibr-11_ibr-44_1.txt 1024 1456143775 1456143775
ibr-11_ibr-51_1.txt 1024 1456143290 1456143290
ibr-11_ibr-51_2.txt 1024 1456143311 1456143311
ibr-11_ibr-51_3.txt 1024 1456143440 1456143440
ibr-11_ibr-51_4.txt 1024 1456143690 1456143691
ibr-11_ibr-51_5.txt 1024 1456145960 1456145960
ibr-11_ibr-53_1.txt 1024 1456143905 1456143905
ibr-11_ibr-55_1.txt 1024 1456143155 1456143155
ibr-11_ibr-56_1.txt 1024 1456143358 1456143358
ibr-11_ibr-56_2.txt 1024 1456144331 1456144331
ibr-11_ibr-56_3.txt 1024 1456144860 1456144860
ibr-11_ibr-56_4.txt 1024 1456145000 1456145000
ibr-11_ibr-56_5.txt 1024 1456145490 1456145490
ibr-11_ibr-56_6.txt 1024 1456145710 1456145710
ibr-11_ibr-56_7.txt 1024 1456146010 1456146010
ibr-11_ibr-6_1.txt 1024 1456144180 1456144180
ibr-11_ibr-6_2.txt 1024 1456144936 1456144936
ibr-11_ibr-6_3.txt 1024 1456145460 1456145460
ibr-11_ibr-6_4.txt 1024 1456145680 1456145680
ibr-12_ibr-17_1.txt 1024 1456145125 1456145125
ibr-12_ibr-19_1.txt 1024 1456145715 1456145715
ibr-12_ibr-21_1.txt 1024 1456145495 1456145495
ibr-12_ibr-23_1.txt 1024 1456144375 1456144375
ibr-12_ibr-24_1.txt 1024 1456143565 1456143565
ibr-12_ibr-25_1.txt 1024 1456144905 1456144905
ibr-12_ibr-26_1.txt 1024 1456145885 1456145885
ibr-12_ibr-56_1.txt 1024 1456143465 1456143465
ibr-13_ibr-14_1.txt 1024 1456145155 1456145155
ibr-13_ibr-22_1.txt 1024 1456143785 1456143785
ibr-13_ibr-28_1.txt 1024 1456143195 1456143195
ibr-13_ibr-29_1.txt 1024 1456145976 1456145976
ibr-13_ibr-30_1.txt 1024 1456145946 1456145946
ibr-13_ibr-36_1.txt 1024 1456144695 1456144695
ibr-13_ibr-38_1.txt 1024 1456143275 1456143275
ibr-13_ibr-40_1.txt 1024 1456143515 1456143515
ibr-13_ibr-47_1.txt 1024 1456145346 1456145346
ibr-13_ibr-47_2.txt 1024 1456145515 1456145515
ibr-13_ibr-48_1.txt 1024 1456145055 1456145055
ibr-13_ibr-8_1.txt 1024 1456144515 1456144515
ibr-14_ibr-16_1.txt 1024 1456144005 1456144005
ibr-14_ibr-29_1.txt 1024 1456144446 1456144446
ibr-14_ibr-29_2.txt 1024 1456145356 1456145356
ibr-14_ibr-3_1.txt 1024 1456143625 1456143625
ibr-15_ibr-24_1.txt 1024 1456144895 1456144895
ibr-15_ibr-38_1.txt 1024 1456145405 1456145405
ibr-15_ibr-39_1.txt 1024 1456143716 1456143716
ibr-15_ibr-43_1.txt 1024 1456144475 1456144475
ibr-15_ibr-49_1.txt 1024 1456145995 1456145995
ibr-15_ibr-5_1.txt 1024 1456145625 1456145625
ibr-15_ibr-55_1.txt 1024 1456143345 1456143345
ibr-15_ibr-6_1.txt 1024 1456144436 1456144436
ibr-16_ibr-11_1.txt 1024 1456144970 1456144970
ibr-16_ibr-11_2.txt 1024 1456145320 1456145320
ibr-16_ibr-1_1.txt 1024 1456143070 1456143070
ibr-16_ibr-12_1.txt 1024 1456145955 1456145955
ibr-16_ibr-1_2.txt 1024 1456143520 1456143520
ibr-16_ibr-1_3.txt 1024 1456144671 1456144671
ibr-16_ibr-1_4.txt 1024 1456144721 1456144721
ibr-16_ibr-15_1.txt 1024 1456144245 1456144245
ibr-16_ibr-15_2.txt 1024 1456145346 1456145346
ibr-16_ibr-1_5.txt 1024 1456144880 1456144880
ibr-16_ibr-1_6.txt 1024 1456145600 1456145600
ibr-16_ibr-1_7.txt 1024 1456145630 1456145630
ibr-16_ibr-20_1.txt 1024 1456144116 1456144116
ibr-16_ibr-21_1.txt 1024 1456143356 1456143356
ibr-16_ibr-21_2.txt 1024 1456143580 1456143580
ibr-16_ibr-21_3.txt 1024 1456144610 1456144610
ibr-16_ibr-23_1.txt 1024 1456143955 1456143955
ibr-16_ibr-26_1.txt 1024 1456144240 1456144240
ibr-16_ibr-26_2.txt 1024 1456145900 1456145900
ibr-16_ibr-31_1.txt 1024 1456145661 1456145661
ibr-16_ibr-37_1.txt 1024 1456144536 1456144536
ibr-16_ibr-40_1.txt 1024 1456143055 1456143055
ibr-16_ibr-41_10.txt 1024 1456145545 1456145545
ibr-16_ibr-41_11.txt 1024 1456145790 1456145790
ibr-16_ibr-41_1.txt 1024 1456143091 1456143091
ibr-16_ibr-41_2.txt 1024 1456143140 1456143140
ibr-16_ibr-41_3.txt 1024 1456143480 1456143480
ibr-16_ibr-41_4.txt 1024 1456143710 1456143710
ibr-16_ibr-41_5.txt 1024 1456143950 1456143950
ibr-16_ibr-41_6.txt 1024 1456144660 1456144660
ibr-16_ibr-41_7.txt 1024 1456144931 1456144931
ibr-16_ibr-41_8.txt 1024 1456145211 1456145211
ibr-16_ibr-41_9.txt 1024 1456145430 1456145430
ibr-16_ibr-44_1.txt 1024 1456144025 1456144026
ibr-16_ibr-46_1.txt 1024 1456143130 1456143130
ibr-16_ibr-46_2.txt 1024 1456143491 1456143491
ibr-16_ibr-46_3.txt 1024 1456144150 1456144150
ibr-16_ibr-46_4.txt 1024 1456144550 1456144550
ibr-16_ibr-46_5.txt 1024 1456145071 1456145071
ibr-16_ibr-46_6.txt 1024 1456145131 1456145131
ibr-16_ibr-46_7.txt 1024 1456145870 1456145870
ibr-16_ibr-51_1.txt 1024 1456143240 1456143240
ibr-16_ibr-51_2.txt 1024 1456144160 1456144160
ibr-16_ibr-51_3.txt 1024 1456144690 1456144690
ibr-16_ibr-51_4.txt 1024 1456144940 1456144940
ibr-16_ibr-51_5.txt 1024 1456145165 1456145165
ibr-16_ibr-51_6.txt 1024 1456145721 1456145721
ibr-16_ibr-51_7.txt 1024 1456145910 1456145910
ibr-16_ibr-54_1.txt 1024 1456144705 1456144705
ibr-16_ibr-56_1.txt 1024 1456143381 1456143381
ibr-16_ibr-56_2.txt 1024 1456143440 1456143440
ibr-16_ibr-56_3.txt 1024 1456143555 1456143555
ibr-16_ibr-56_4.txt 1024 1456144011 1456144011
ibr-16_ibr-56_5.txt 1024 1456144800 1456144800
ibr-16_ibr-6_10.txt 1024 1456145310 1456145310
ibr-16_ibr-6_11.txt 1024 1456145860 1456145860
ibr-16_ibr-6_12.txt 1024 1456145940 1456145940
ibr-16_ibr-6_1.txt 1024 1456143061 1456143061
ibr-16_ibr-6_2.txt 1024 1456143495 1456143495
ibr-16_ibr-6_3.txt 1024 1456143620 1456143620
ibr-16_ibr-6_4.txt 1024 1456143630 1456143630
ibr-16_ibr-6_5.txt 1024 1456143661 1456143661
ibr-16_ibr-6_6.txt 1024 1456144220 1456144220
ibr-16_ibr-6_7.txt 1024 1456144500 1456144500
ibr-16_ibr-6_8.txt 1024 1456144650 1456144650
ibr-16_ibr-6_9.txt 1024 1456145150 1456145150
ibr-16_ibr-7_1.txt 1024 1456145426 1456145426
ibr-16_ibr-7_2.txt 1024 1456145476 1456145476
ibr-16_ibr-8_1.txt 1024 1456145016 1456145016
ibr-17_ibr-10_1.txt 1024 1456144066 1456144066
ibr-17_ibr-11_1.txt 1024 1456144955 1456144955
ibr-17_ibr-12_1.txt 1024 1456144566 1456144566
ibr-17_ibr-19_1.txt 1024 1456145985 1456145985
ibr-17_ibr-2_1.txt 1024 1456145195 1456145195
ibr-17_ibr-26_1.txt 1024 1456145325 1456145325
ibr-17_ibr-28_1.txt 1024 1456144355 1456144355
ibr-17_ibr-30_1.txt 1024 1456144575 1456144575
ibr-17_ibr-3_1.txt 1024 1456143655 1456143655
ibr-17_ibr-50_1.txt 1024 1456143415 1456143415
ibr-17_ibr-50_2.txt 1024 1456143855 1456143855
ibr-17_ibr-7_1.txt 1024 1456145565 1456145565
ibr-18_ibr-15_1.txt 1024 1456144656 1456144656
ibr-18_ibr-19_1.txt 1024 1456144136 1456144136
ibr-18_ibr-21_1.txt 1024 1456143835 1456143835
ibr-18_ibr-2_1.txt 1024 1456144725 1456144725
ibr-18_ibr-24_1.txt 1024 1456145675 1456145675
ibr-18_ibr-36_1.txt 1024 1456143485 1456143485
ibr-18_ibr-39_1.txt 1024 1456145295 1456145295
ibr-18_ibr-4_1.txt 1024 1456145906 1456145906
ibr-18_ibr-51_1.txt 1024 1456144715 1456144715
ibr-18_ibr-53_1.txt 1024 1456144386 1456144386
ibr-18_ibr-54_1.txt 1024 1456145246 1456145246
ibr-18_ibr-7_1.txt 1024 1456144985 1456144985
ibr-19_ibr-12_1.txt 1024 1456144945 1456144945
ibr-19_ibr-18_1.txt 1024 1456143825 1456143825
ibr-19_ibr-22_1.txt 1024 1456143635 1456143635
ibr-19_ibr-30_1.txt 1024 1456145055 1456145055
ibr-19_ibr-35_1.txt 1024 1456145855 1456145855
ibr-19_ibr-40_1.txt 1024 1456144966 1456144966
ibr-19_ibr-44_1.txt 1024 1456145435 1456145435
ibr-19_ibr-44_2.txt 1024 1456145485 1456145485
ibr-19_ibr-46_1.txt 1024 1456143805 1456143805
ibr-19_ibr-47_1.txt 1024 1456145005 1456145005
ibr-19_ibr-55_1.txt 1024 1456144455 1456144455
ibr-19_ibr-9_1.txt 1024 1456144616 1456144616
ibr-1_ibr-11_1.txt 1024 1456143100 1456143100
ibr-1_ibr-11_2.txt 1024 1456143220 1456143220
ibr-1_ibr-11_3.txt 1024 1456143820 1456143820
ibr-1_ibr-11_4.txt 1024 1456144371 1456144371
ibr-1_ibr-11_5.txt 1024 1456145060 1456145060
ibr-1_ibr-11_6.txt 1024 1456145260 1456145260
ibr-1_ibr-11_7.txt 1024 1456145841 1456145841
ibr-1_ibr-16_1.txt 1024 1456143310 1456143310
ibr-1_ibr-16_2.txt 1024 1456143810 1456143810
ibr-1_ibr-16_3.txt 1024 1456143870 1456143870
ibr-1_ibr-16_4.txt 1024 1456144320 1456144320
ibr-1_ibr-16_5.txt 1024 1456145370 1456145370
ibr-1_ibr-21_1.txt 1024 1456143390 1456143390
ibr-1_ibr-21_2.txt 1024 1456144140 1456144140
ibr-1_ibr-21_3.txt 1024 1456144541 1456144541
ibr-1_ibr-26_1.txt 1024 1456144520 1456144520
ibr-1_ibr-26_2.txt 1024 1456144660 1456144660
ibr-1_ibr-26_3.txt 1024 1456144980 1456144980
ibr-1_ibr-26_4.txt 1024 1456145330 1456145330
ibr-1_ibr-31_1.txt 1024 1456144641 1456144641
ibr-1_ibr-31_2.txt 1024 1456144720 1456144720
ibr-1_ibr-36_1.txt 1024 1456143050 1456143050
ibr-1_ibr-36_2.txt 1024 1456143880 1456143880
ibr-1_ibr-36_3.txt 1024 1456143911 1456143911
ibr-1_ibr-36_4.txt 1024 1456145170 1456145170
ibr-1_ibr-41_1.txt 1024 1456144291 1456144291
ibr-1_ibr-41_2.txt 1024 1456144851 1456144851
ibr-1_ibr-41_3.txt 1024 1456145390 1456145390
ibr-1_ibr-46_1.txt 1024 1456143800 1456143801
ibr-1_ibr-46_2.txt 1024 1456144591 1456144591
ibr-1_ibr-46_3.txt 1024 1456144650 1456144650
ibr-1_ibr-46_4.txt 1024 1456145950 1456145950
ibr-1_ibr-51_1.txt 1024 1456144790 1456144790
ibr-1_ibr-51_2.txt 1024 1456144800 1456144800
ibr-1_ibr-56_1.txt 1024 1456143730 1456143730
ibr-1_ibr-56_2.txt 1024 1456144231 1456144231
ibr-1_ibr-56_3.txt 1024 1456144300 1456144300
ibr-1_ibr-56_4.txt 1024 1456144311 1456144311
ibr-1_ibr-56_5.txt 1024 1456144481 1456144481
ibr-1_ibr-56_6.txt 1024 1456145040 1456145040
ibr-1_ibr-56_7.txt 1024 1456145300 1456145300
ibr-1_ibr-6_1.txt 1024 1456143511 1456143511
ibr-1_ibr-6_2.txt 1024 1456143891 1456143891
ibr-1_ibr-6_3.txt 1024 1456144011 1456144011
ibr-1_ibr-6_4.txt 1024 1456144170 1456144170
ibr-1_ibr-6_5.txt 1024 1456144490 1456144490
ibr-1_ibr-6_6.txt 1024 1456145671 1456145671
ibr-1_ibr-6_7.txt 1024 1456146020 1456146020
ibr-20_ibr-10_1.txt 1024 1456145555 1456145555
ibr-20_ibr-15_1.txt 1024 1456143735 1456143735
ibr-20_ibr-17_1.txt 1024 1456143755 1456143755
ibr-20_ibr-17_2.txt 1024 1456145725 1456145725
ibr-20_ibr-23_1.txt 1024 1456144725 1456144725
ibr-20_ibr-28_1.txt 1024 1456145225 1456145225
ibr-20_ibr-31_1.txt 1024 1456144495 1456144495
ibr-20_ibr-3_1.txt 1024 1456145615 1456145615
ibr-20_ibr-34_1.txt 1024 1456143466 1456143466
ibr-20_ibr-4_1.txt 1024 1456143246 1456143246
ibr-20_ibr-47_1.txt 1024 1456143855 1456143855
ibr-20_ibr-47_2.txt 1024 1456144075 1456144075
ibr-20_ibr-50_1.txt 1024 1456143395 1456143395
ibr-20_ibr-52_1.txt 1024 1456143785 1456143785
ibr-20_ibr-55_1.txt 1024 1456143486 1456143486
ibr-20_ibr-56_1.txt 1024 1456144286 1456144286
ibr-21_ibr-11_1.txt 1024 1456143550 1456143550
ibr-21_ibr-11_2.txt 1024 1456144030 1456144030
ibr-21_ibr-11_3.txt 1024 1456145121 1456145121
ibr-21_ibr-11_4.txt 1024 1456145341 1456145341
ibr-21_ibr-1_1.txt 1024 1456143331 1456143331
ibr-21_ibr-1_2.txt 1024 1456144600 1456144600
ibr-21_ibr-1_3.txt 1024 1456144951 1456144951
ibr-21_ibr-14_1.txt 1024 1456144886 1456144886
ibr-21_ibr-1_4.txt 1024 1456145181 1456145181
ibr-21_ibr-1_5.txt 1024 1456145291 1456145291
ibr-21_ibr-16_1.txt 1024 1456143760 1456143760
ibr-21_ibr-16_2.txt 1024 1456143900 1456143900
ibr-21_ibr-16_3.txt 1024 1456144260 1456144260
ibr-21_ibr-16_4.txt 1024 1456144360 1456144360
ibr-21_ibr-16_5.txt 1024 1456144530 1456144530
ibr-21_ibr-16_6.txt 1024 1456144611 1456144611
ibr-21_ibr-16_7.txt 1024 1456144841 1456144841
ibr-21_ibr-16_8.txt 1024 1456145456 1456145456
ibr-21_ibr-16_9.txt 1024 1456145560 1456145560
ibr-21_ibr-1_6.txt 1024 1456145460 1456145460
ibr-21_ibr-18_1.txt 1024 1456144866 1456144866
ibr-21_ibr-26_1.txt 1024 1456143580 1456143580
ibr-21_ibr-26_2.txt 1024 1456145091 1456145091
ibr-21_ibr-26_3.txt 1024 1456145160 1456145160
ibr-21_ibr-26_4.txt 1024 1456145321 1456145321
ibr-21_ibr-31_1.txt 1024 1456143191 1456143191
ibr-21_ibr-31_2.txt 1024 1456143445 1456143445
ibr-21_ibr-31_3.txt 1024 1456143700 1456143700
ibr-21_ibr-31_4.txt 1024 1456143791 1456143791
ibr-21_ibr-31_5.txt 1024 1456145190 1456145190
ibr-21_ibr-31_6.txt 1024 1456145410 1456145410
ibr-21_ibr-31_7.txt 1024 1456145800 1456145800
ibr-21_ibr-34_1.txt 1024 1456144766 1456144766
ibr-21_ibr-36_1.txt 1024 1456143610 1456143610
ibr-21_ibr-36_2.txt 1024 1456143730 1456143730
ibr-21_ibr-36_3.txt 1024 1456144301 1456144301
ibr-21_ibr-36_4.txt 1024 1456144510 1456144510
ibr-21_ibr-36_5.txt 1024 1456144541 1456144541
ibr-21_ibr-36_6.txt 1024 1456144830 1456144830
ibr-21_ibr-36_7.txt 1024 1456145235 1456145235
ibr-21_ibr-39_1.txt 1024 1456144845 1456144845
ibr-21_ibr-41_1.txt 1024 1456143500 1456143500
ibr-21_ibr-41_2.txt 1024 1456143711 1456143711
ibr-21_ibr-41_3.txt 1024 1456144021 1456144021
ibr-21_ibr-41_4.txt 1024 1456145730 1456145730
ibr-21_ibr-41_5.txt 1024 1456145770 1456145770
ibr-21_ibr-46_1.txt 1024 1456143250 1456143250
ibr-21_ibr-46_2.txt 1024 1456143530 1456143530
ibr-21_ibr-46_3.txt 1024 1456143640 1456143640
ibr-21_ibr-46_4.txt 1024 1456145350 1456145350
ibr-21_ibr-46_5.txt 1024 1456145511 1456145511
ibr-21_ibr-46_6.txt 1024 1456145520 1456145520
ibr-21_ibr-46_7.txt 1024 1456145766 1456145766
ibr-21_ibr-47_1.txt 1024 1456143115 1456143115
ibr-21_ibr-51_1.txt 1024 1456143590 1456143590
ibr-21_ibr-51_2.txt 1024 1456144220 1456144220
ibr-21_ibr-51_3.txt 1024 1456144240 1456144240
ibr-21_ibr-5_1.txt 1024 1456144415 1456144415
ibr-21_ibr-55_1.txt 1024 1456143775 1456143775
ibr-21_ibr-56_1.txt 1024 1456143060 1456143060
ibr-21_ibr-56_2.txt 1024 1456143280 1456143280
ibr-21_ibr-56_3.txt 1024 1456144350 1456144350
ibr-21_ibr-56_4.txt 1024 1456144891 1456144891
ibr-21_ibr-56_5.txt 1024 1456145310 1456145310
ibr-21_ibr-56_6.txt 1024 1456145891 1456145891
ibr-21_ibr-6_1.txt 1024 1456143110 1456143110
ibr-21_ibr-6_2.txt 1024 1456143131 1456143131
ibr-21_ibr-6_3.txt 1024 1456144100 1456144100
ibr-21_ibr-6_4.txt 1024 1456144460 1456144460
ibr-21_ibr-6_5.txt 1024 1456145690 1456145690
ibr-21_ibr-8_1.txt 1024 1456143075 1456143075
ibr-22_ibr-15_1.txt 1024 1456145085 1456145085
ibr-22_ibr-19_1.txt 1024 1456145785 1456145785
ibr-22_ibr-2_1.txt 1024 1456144536 1456144536
ibr-22_ibr-24_1.txt 1024 1456145026 1456145026
ibr-22_ibr-25_1.txt 1024 1456145895 1456145895
ibr-22_ibr-35_1.txt 1024 1456145215 1456145215
ibr-22_ibr-40_1.txt 1024 1456143395 1456143395
ibr-22_ibr-40_2.txt 1024 1456145435 1456145436
ibr-22_ibr-4_1.txt 1024 1456145745 1456145745
ibr-22_ibr-47_1.txt 1024 1456145675 1456145675
ibr-22_ibr-49_1.txt 1024 1456145375 1456145375
ibr-22_ibr-52_1.txt 1024 1456145886 1456145886
ibr-22_ibr-9_1.txt 1024 1456143085 1456143085
ibr-23_ibr-16_1.txt 1024 1456143096 1456143096
ibr-23_ibr-19_1.txt 1024 1456144166 1456144166
ibr-23_ibr-21_1.txt 1024 1456145165 1456145165
ibr-23_ibr-25_1.txt 1024 1456144285 1456144285
ibr-23_ibr-30_1.txt 1024 1456145396 1456145396
ibr-23_ibr-31_1.txt 1024 1456144155 1456144155
ibr-23_ibr-31_2.txt 1024 1456146035 1456146035
ibr-23_ibr-34_1.txt 1024 1456143205 1456143205
ibr-23_ibr-44_1.txt 1024 1456144545 1456144545
ibr-23_ibr-47_1.txt 1024 1456144146 1456144146
ibr-23_ibr-49_1.txt 1024 1456145586 1456145586
ibr-23_ibr-51_1.txt 1024 1456144795 1456144795
ibr-23_ibr-52_1.txt 1024 1456143446 1456143446
ibr-24_ibr-16_1.txt 1024 1456144755 1456144755
ibr-24_ibr-22_1.txt 1024 1456143825 1456143825
ibr-24_ibr-26_1.txt 1024 1456143215 1456143215
ibr-24_ibr-32_1.txt 1024 1456144815 1456144815
ibr-24_ibr-36_1.txt 1024 1456143325 1456143325
ibr-24_ibr-38_1.txt 1024 1456144745 1456144745
ibr-24_ibr-41_1.txt 1024 1456144075 1456144075
ibr-24_ibr-41_2.txt 1024 1456144295 1456144295
ibr-24_ibr-4_1.txt 1024 1456143475 1456143475
ibr-24_ibr-9_1.txt 1024 1456144016 1456144016
ibr-25_ibr-13_1.txt 1024 1456145925 1456145925
ibr-25_ibr-23_1.txt 1024 1456145175 1456145175
ibr-25_ibr-24_1.txt 1024 1456144595 1456144595
ibr-25_ibr-29_1.txt 1024 1456143215 1456143215
ibr-25_ibr-29_2.txt 1024 1456143416 1456143416
ibr-25_ibr-40_1.txt 1024 1456145086 1456145086
ibr-25_ibr-42_1.txt 1024 1456144765 1456144765
ibr-25_ibr-53_1.txt 1024 1456143365 1456143365
ibr-25_ibr-53_2.txt 1024 1456144395 1456144395
ibr-25_ibr-53_3.txt 1024 1456144796 1456144796
ibr-25_ibr-54_1.txt 1024 1456144405 1456144405
ibr-25_ibr-55_1.txt 1024 1456144015 1456144015
ibr-25_ibr-55_2.txt 1024 1456144685 1456144685
ibr-25_ibr-56_1.txt 1024 1456143265 1456143265
ibr-25_ibr-56_2.txt 1024 1456143286 1456143286
ibr-25_ibr-6_1.txt 1024 1456144315 1456144315
ibr-25_ibr-7_1.txt 1024 1456144465 1456144465
ibr-26_ibr-11_1.txt 1024 1456143220 1456143220
ibr-26_ibr-11_2.txt 1024 1456144110 1456144110
ibr-26_ibr-11_3.txt 1024 1456145011 1456145011
ibr-26_ibr-11_4.txt 1024 1456145071 1456145071
ibr-26_ibr-11_5.txt 1024 1456145140 1456145140
ibr-26_ibr-1_1.txt 1024 1456145860 1456145860
ibr-26_ibr-16_1.txt 1024 1456143740 1456143740
ibr-26_ibr-16_2.txt 1024 1456144080 1456144080
ibr-26_ibr-16_3.txt 1024 1456144090 1456144090
ibr-26_ibr-16_4.txt 1024 1456144230 1456144230
ibr-26_ibr-16_5.txt 1024 1456144870 1456144870
ibr-26_ibr-16_6.txt 1024 1456145370 1456145370
ibr-26_ibr-16_7.txt 1024 1456145550 1456145550
ibr-26_ibr-16_8.txt 1024 1456145761 1456145761
ibr-26_ibr-17_1.txt 1024 1456144095 1456144095
ibr-26_ibr-19_1.txt 1024 1456144365 1456144365
ibr-26_ibr-20_1.txt 1024 1456144235 1456144235
ibr-26_ibr-21_1.txt 1024 1456143390 1456143390
ibr-26_ibr-21_2.txt 1024 1456143720 1456143720
ibr-26_ibr-21_3.txt 1024 1456143940 1456143940
ibr-26_ibr-21_4.txt 1024 1456144100 1456144100
ibr-26_ibr-21_5.txt 1024 1456144580 1456144580
ibr-26_ibr-21_6.txt 1024 1456145410 1456145410
ibr-26_ibr-21_7.txt 1024 1456145871 1456145871
ibr-26_ibr-23_1.txt 1024 1456146025 1456146025
ibr-26_ibr-31_1.txt 1024 1456143370 1456143370
ibr-26_ibr-31_2.txt 1024 1456143790 1456143790
ibr-26_ibr-31_3.txt 1024 1456143935 1456143935
ibr-26_ibr-31_4.txt 1024 1456143960 1456143960
ibr-26_ibr-31_5.txt 1024 1456144400 1456144400
ibr-26_ibr-31_6.txt 1024 1456145830 1456145830
ibr-26_ibr-35_1.txt 1024 1456143145 1456143145
ibr-26_ibr-36_1.txt 1024 1456143630 1456143630
ibr-26_ibr-36_2.txt 1024 1456145121 1456145121
ibr-26_ibr-36_3.txt 1024 1456145530 1456145530
ibr-26_ibr-36_4.txt 1024 1456145670 1456145670
ibr-26_ibr-37_1.txt 1024 1456143586 1456143586
ibr-26_ibr-41_1.txt 1024 1456143170 1456143170
ibr-26_ibr-41_2.txt 1024 1456143180 1456143180
ibr-26_ibr-41_3.txt 1024 1456143420 1456143420
ibr-26_ibr-41_4.txt 1024 1456143611 1456143611
ibr-26_ibr-41_5.txt 1024 1456144421 1456144421
ibr-26_ibr-41_6.txt 1024 1456145220 1456145220
ibr-26_ibr-41_7.txt 1024 1456145256 1456145256
ibr-26_ibr-41_8.txt 1024 1456145290 1456145290
ibr-26_ibr-42_1.txt 1024 1456144195 1456144195
ibr-26_ibr-46_1.txt 1024 1456143290 1456143290
ibr-26_ibr-46_2.txt 1024 1456143640 1456143640
ibr-26_ibr-46_3.txt 1024 1456144380 1456144380
ibr-26_ibr-46_4.txt 1024 1456145231 1456145231
ibr-26_ibr-47_1.txt 1024 1456144755 1456144755
ibr-26_ibr-48_1.txt 1024 1456143615 1456143615
ibr-26_ibr-51_1.txt 1024 1456143840 1456143840
ibr-26_ibr-51_2.txt 1024 1456144510 1456144510
ibr-26_ibr-51_3.txt 1024 1456144920 1456144920
ibr-26_ibr-51_4.txt 1024 1456145500 1456145500
ibr-26_ibr-51_5.txt 1024 1456145590 1456145590
ibr-26_ibr-51_6.txt 1024 1456145731 1456145731
ibr-26_ibr-52_1.txt 1024 1456143656 1456143656
ibr-26_ibr-52_2.txt 1024 1456144526 1456144526
ibr-26_ibr-53_1.txt 1024 1456145335 1456145335
ibr-26_ibr-56_1.txt 1024 1456143411 1456143411
ibr-26_ibr-56_2.txt 1024 1456144960 1456144960
ibr-26_ibr-56_3.txt 1024 1456145400 1456145400
ibr-26_ibr-6_1.txt 1024 1456144410 1456144410
ibr-26_ibr-6_2.txt 1024 1456144820 1456144820
ibr-26_ibr-6_3.txt 1024 1456145391 1456145391
ibr-26_ibr-6_4.txt 1024 1456145820 1456145820
ibr-26_ibr-6_5.txt 1024 1456145990 1456145990
ibr-26_ibr-6_6.txt 1024 1456146040 1456146040
ibr-26_ibr-8_1.txt 1024 1456143126 1456143126
ibr-27_ibr-16_1.txt 1024 1456144205 1456144205
ibr-27_ibr-33_1.txt 1024 1456143745 1456143745
ibr-27_ibr-33_2.txt 1024 1456144955 1456144955
ibr-27_ibr-37_1.txt 1024 1456145375 1456145375
ibr-27_ibr-47_1.txt 1024 1456144225 1456144225
ibr-27_ibr-51_1.txt 1024 1456145756 1456145756
ibr-28_ibr-10_1.txt 1024 1456146015 1456146015
ibr-28_ibr-17_1.txt 1024 1456144125 1456144125
ibr-28_ibr-18_1.txt 1024 1456145525 1456145525
ibr-28_ibr-27_1.txt 1024 1456145845 1456145845
ibr-28_ibr-3_1.txt 1024 1456144455 1456144455
ibr-28_ibr-34_1.txt 1024 1456146035 1456146035
ibr-28_ibr-4_1.txt 1024 1456145005 1456145005
ibr-28_ibr-42_1.txt 1024 1456143596 1456143596
ibr-28_ibr-42_2.txt 1024 1456144875 1456144875
ibr-28_ibr-48_1.txt 1024 1456145806 1456145806
ibr-28_ibr-51_1.txt 1024 1456144526 1456144526
ibr-28_ibr-56_1.txt 1024 1456145636 1456145636
ibr-28_ibr-9_1.txt 1024 1456145935 1456145935
ibr-29_ibr-20_1.txt 1024 1456145855 1456145855
ibr-29_ibr-2_1.txt 1024 1456143735 1456143735
ibr-29_ibr-39_1.txt 1024 1456144945 1456144945
ibr-29_ibr-47_1.txt 1024 1456144906 1456144906
ibr-29_ibr-5_1.txt 1024 1456143645 1456143645
ibr-29_ibr-52_1.txt 1024 1456143936 1456143936
ibr-29_ibr-52_2.txt 1024 1456144375 1456144375
ibr-2_ibr-14_1.txt 1024 1456143945 1456143945
ibr-2_ibr-29_1.txt 1024 1456143585 1456143586
ibr-2_ibr-30_1.txt 1024 1456143675 1456143675
ibr-2_ibr-42_1.txt 1024 1456143996 1456143996
ibr-2_ibr-48_1.txt 1024 1456144086 1456144086
ibr-2_ibr-48_2.txt 1024 1456144305 1456144305
ibr-2_ibr-50_1.txt 1024 1456143566 1456143566
ibr-2_ibr-53_1.txt 1024 1456143666 1456143666
ibr-2_ibr-54_1.txt 1024 1456143906 1456143906
ibr-2_ibr-7_1.txt 1024 1456144805 1456144805
ibr-2_ibr-7_2.txt 1024 1456145625 1456145625
ibr-30_ibr-17_1.txt 1024 1456143725 1456143725
ibr-30_ibr-18_1.txt 1024 1456143155 1456143155
ibr-30_ibr-24_1.txt 1024 1456145925 1456145925
ibr-30_ibr-36_1.txt 1024 1456144586 1456144586
ibr-30_ibr-40_1.txt 1024 1456143685 1456143685
ibr-30_ibr-41_1.txt 1024 1456144865 1456144865
ibr-30_ibr-44_1.txt 1024 1456144275 1456144275
ibr-30_ibr-45_1.txt 1024 1456144675 1456144675
ibr-30_ibr-50_1.txt 1024 1456144636 1456144636
ibr-30_ibr-50_2.txt 1024 1456145985 1456145985
ibr-31_ibr-11_1.txt 1024 1456143861 1456143861
ibr-31_ibr-11_2.txt 1024 1456144680 1456144680
ibr-31_ibr-11_3.txt 1024 1456145640 1456145640
ibr-31_ibr-11_4.txt 1024 1456146011 1456146011
ibr-31_ibr-1_1.txt 1024 1456143120 1456143120
ibr-31_ibr-1_2.txt 1024 1456144070 1456144070
ibr-31_ibr-1_3.txt 1024 1456144531 1456144531
ibr-31_ibr-1_4.txt 1024 1456145130 1456145130
ibr-31_ibr-1_5.txt 1024 1456145360 1456145360
ibr-31_ibr-16_1.txt 1024 1456144260 1456144260
ibr-31_ibr-16_2.txt 1024 1456144560 1456144560
ibr-31_ibr-16_3.txt 1024 1456145811 1456145811
ibr-31_ibr-20_1.txt 1024 1456143255 1456143255
ibr-31_ibr-20_2.txt 1024 1456144545 1456144545
ibr-31_ibr-21_1.txt 1024 1456143740 1456143740
ibr-31_ibr-21_2.txt 1024 1456144691 1456144691
ibr-31_ibr-21_3.txt 1024 1456144740 1456144740
ibr-31_ibr-21_4.txt 1024 1456145990 1456145990
ibr-31_ibr-26_1.txt 1024 1456143420 1456143420
ibr-31_ibr-26_2.txt 1024 1456143570 1456143570
ibr-31_ibr-26_3.txt 1024 1456143865 1456143865
ibr-31_ibr-26_4.txt 1024 1456143980 1456143980
ibr-31_ibr-26_5.txt 1024 1456144150 1456144150
ibr-31_ibr-26_6.txt 1024 1456145110 1456145110
ibr-31_ibr-26_7.txt 1024 1456145201 1456145201
ibr-31_ibr-26_8.txt 1024 1456145761 1456145761
ibr-31_ibr-26_9.txt 1024 1456145920 1456145920
ibr-31_ibr-33_1.txt 1024 1456143206 1456143206
ibr-31_ibr-34_1.txt 1024 1456143515 1456143515
ibr-31_ibr-35_1.txt 1024 1456145465 1456145465
ibr-31_ibr-36_1.txt 1024 1456143401 1456143401
ibr-31_ibr-36_2.txt 1024 1456143531 1456143531
ibr-31_ibr-36_3.txt 1024 1456143770 1456143770
ibr-31_ibr-36_4.txt 1024 1456145031 1456145031
ibr-31_ibr-36_5.txt 1024 1456145570 1456145570
ibr-31_ibr-36_6.txt 1024 1456146000 1456146000
ibr-31_ibr-38_1.txt 1024 1456145446 1456145446
ibr-31_ibr-41_10.txt 1024 1456145981 1456145981
ibr-31_ibr-41_1.txt 1024 1456143095 1456143095
ibr-31_ibr-41_2.txt 1024 1456143140 1456143140
ibr-31_ibr-41_3.txt 1024 1456143691 1456143691
ibr-31_ibr-41_4.txt 1024 1456143970 1456143970
ibr-31_ibr-41_5.txt 1024 1456144210 1456144210
ibr-31_ibr-41_6.txt 1024 1456144770 1456144770
ibr-31_ibr-41_7.txt 1024 1456145300 1456145300
ibr-31_ibr-41_8.txt 1024 1456145510 1456145510
ibr-31_ibr-41_9.txt 1024 1456145651 1456145651
ibr-31_ibr-46_1.txt 1024 1456143380 1456143380
ibr-31_ibr-46_2.txt 1024 1456143540 1456143540
ibr-31_ibr-46_3.txt 1024 1456144000 1456144000
ibr-31_ibr-46_4.txt 1024 1456144050 1456144050
ibr-31_ibr-46_5.txt 1024 1456144110 1456144110
ibr-31_ibr-46_6.txt 1024 1456144190 1456144190
ibr-31_ibr-46_7.txt 1024 1456144621 1456144621
ibr-31_ibr-46_8.txt 1024 1456144990 1456144990
ibr-31_ibr-46_9.txt 1024 1456145260 1456145260
ibr-31_ibr-51_1.txt 1024 1456145181 1456145181
ibr-31_ibr-54_1.txt 1024 1456143875 1456143875
ibr-31_ibr-56_1.txt 1024 1456143500 1456143500
ibr-31_ibr-56_2.txt 1024 1456143960 1456143960
ibr-31_ibr-56_3.txt 1024 1456144256 1456144256
ibr-31_ibr-56_4.txt 1024 1456144881 1456144881
ibr-31_ibr-6_1.txt 1024 1456143261 1456143261
ibr-31_ibr-6_2.txt 1024 1456143320 1456143321
ibr-31_ibr-6_3.txt 1024 1456144030 1456144030
ibr-31_ibr-6_4.txt 1024 1456144200 1456144200
ibr-31_ibr-6_5.txt 1024 1456144781 1456144781
ibr-31_ibr-6_6.txt 1024 1456145910 1456145910
ibr-32_ibr-12_1.txt 1024 1456145215 1456145215
ibr-32_ibr-16_1.txt 1024 1456144466 1456144466
ibr-32_ibr-19_1.txt 1024 1456144586 1456144586
ibr-32_ibr-21_1.txt 1024 1456143576 1456143576
ibr-32_ibr-40_1.txt 1024 1456143065 1456143065
ibr-32_ibr-50_1.txt 1024 1456144665 1456144665
ibr-32_ibr-54_1.txt 1024 1456144405 1456144405
ibr-33_ibr-13_1.txt 1024 1456145806 1456145806
ibr-33_ibr-14_1.txt 1024 1456144775 1456144775
ibr-33_ibr-19_1.txt 1024 1456144385 1456144385
ibr-33_ibr-20_1.txt 1024 1456143625 1456143625
ibr-33_ibr-22_1.txt 1024 1456143375 1456143375
ibr-33_ibr-31_1.txt 1024 1456144445 1456144445
ibr-33_ibr-34_1.txt 1024 1456145726 1456145726
ibr-33_ibr-39_1.txt 1024 1456145266 1456145266
ibr-33_ibr-4_1.txt 1024 1456144846 1456144846
ibr-33_ibr-43_1.txt 1024 1456143226 1456143226
ibr-33_ibr-46_1.txt 1024 1456145185 1456145185
ibr-33_ibr-47_1.txt 1024 1456145915 1456145915
ibr-33_ibr-48_1.txt 1024 1456145135 1456145135
ibr-33_ibr-49_1.txt 1024 1456145456 1456145456
ibr-33_ibr-53_1.txt 1024 1456143435 1456143435
ibr-33_ibr-56_1.txt 1024 1456143136 1456143136
ibr-34_ibr-18_1.txt 1024 1456146015 1456146015
ibr-34_ibr-20_1.txt 1024 1456143376 1456143376
ibr-34_ibr-20_2.txt 1024 1456145575 1456145575
ibr-34_ibr-22_1.txt 1024 1456144426 1456144426
ibr-34_ibr-23_1.txt 1024 1456144245 1456144245
ibr-34_ibr-25_1.txt 1024 1456145095 1456145095
ibr-34_ibr-26_1.txt 1024 1456143255 1456143255
ibr-34_ibr-38_1.txt 1024 1456144965 1456144965
ibr-34_ibr-39_1.txt 1024 1456144645 1456144645
ibr-34_ibr-4_1.txt 1024 1456145245 1456145245
ibr-34_ibr-48_1.txt 1024 1456144325 1456144325
ibr-34_ibr-50_1.txt 1024 1456144736 1456144736
ibr-34_ibr-9_1.txt 1024 1456144775 1456144775
ibr-35_ibr-10_1.txt 1024 1456143305 1456143305
ibr-35_ibr-17_1.txt 1024 1456145906 1456145906
ibr-35_ibr-23_1.txt 1024 1456143225 1456143225
ibr-35_ibr-29_1.txt 1024 1456144605 1456144605
ibr-35_ibr-33_1.txt 1024 1456143056 1456143056
ibr-35_ibr-8_1.txt 1024 1456145145 1456145145
ibr-36_ibr-10_1.txt 1024 1456143425 1456143425
ibr-36_ibr-11_1.txt 1024 1456143870 1456143870
ibr-36_ibr-11_2.txt 1024 1456144481 1456144481
ibr-36_ibr-11_3.txt 1024 1456144670 1456144670
ibr-36_ibr-11_4.txt 1024 1456144915 1456144915
ibr-36_ibr-11_5.txt 1024 1456145420 1456145420
ibr-36_ibr-1_1.txt 1024 1456143850 1456143850
ibr-36_ibr-1_2.txt 1024 1456144730 1456144731
ibr-36_ibr-1_3.txt 1024 1456145251 1456145251
ibr-36_ibr-1_4.txt 1024 1456145940 1456145940
ibr-36_ibr-16_1.txt 1024 1456143770 1456143770
ibr-36_ibr-16_2.txt 1024 1456143911 1456143911
ibr-36_ibr-16_3.txt 1024 1456144371 1456144371
ibr-36_ibr-16_4.txt 1024 1456145450 1456145450
ibr-36_ibr-16_5.txt 1024 1456145471 1456145471
ibr-36_ibr-16_6.txt 1024 1456145645 1456145645
ibr-36_ibr-16_7.txt 1024 1456145810 1456145810
ibr-36_ibr-21_1.txt 1024 1456144035 1456144035
ibr-36_ibr-21_2.txt 1024 1456145690 1456145690
ibr-36_ibr-21_3.txt 1024 1456145830 1456145830
ibr-36_ibr-25_1.txt 1024 1456145655 1456145655
ibr-36_ibr-26_1.txt 1024 1456143151 1456143151
ibr-36_ibr-26_2.txt 1024 1456143520 1456143520
ibr-36_ibr-26_3.txt 1024 1456143570 1456143570
ibr-36_ibr-26_4.txt 1024 1456145600 1456145600
ibr-36_ibr-31_1.txt 1024 1456143861 1456143861
ibr-36_ibr-31_2.txt 1024 1456144161 1456144161
ibr-36_ibr-31_3.txt 1024 1456144470 1456144470
ibr-36_ibr-31_4.txt 1024 1456144850 1456144850
ibr-36_ibr-31_5.txt 1024 1456145110 1456145110
ibr-36_ibr-31_6.txt 1024 1456145960 1456145960
ibr-36_ibr-41_1.txt 1024 1456143211 1456143211
ibr-36_ibr-41_2.txt 1024 1456143830 1456143830
ibr-36_ibr-41_3.txt 1024 1456143940 1456143940
ibr-36_ibr-41_4.txt 1024 1456145330 1456145330
ibr-36_ibr-42_1.txt 1024 1456143406 1456143406
ibr-36_ibr-46_1.txt 1024 1456143430 1456143430
ibr-36_ibr-46_2.txt 1024 1456144700 1456144700
ibr-36_ibr-46_3.txt 1024 1456145355 1456145355
ibr-36_ibr-46_4.txt 1024 1456145441 1456145441
ibr-36_ibr-46_5.txt 1024 1456145530 1456145530
ibr-36_ibr-46_6.txt 1024 1456145541 1456145541
ibr-36_ibr-50_1.txt 1024 1456145665 1456145665
ibr-36_ibr-51_1.txt 1024 1456143920 1456143920
ibr-36_ibr-51_2.txt 1024 1456144130 1456144130
ibr-36_ibr-51_3.txt 1024 1456144280 1456144280
ibr-36_ibr-51_4.txt 1024 1456144890 1456144890
ibr-36_ibr-51_5.txt 1024 1456145140 1456145140
ibr-36_ibr-51_6.txt 1024 1456145580 1456145580
ibr-36_ibr-51_7.txt 1024 1456145610 1456145610
ibr-36_ibr-51_8.txt 1024 1456145970 1456145970
ibr-36_ibr-53_1.txt 1024 1456143325 1456143325
ibr-36_ibr-56_1.txt 1024 1456143300 1456143300
ibr-36_ibr-56_2.txt 1024 1456143411 1456143411
ibr-36_ibr-56_3.txt 1024 1456143491 1456143491
ibr-36_ibr-56_4.txt 1024 1456143590 1456143590
ibr-36_ibr-56_5.txt 1024 1456143650 1456143650
ibr-36_ibr-56_6.txt 1024 1456143990 1456143990
ibr-36_ibr-56_7.txt 1024 1456144341 1456144341
ibr-36_ibr-56_8.txt 1024 1456144440 1456144440
ibr-36_ibr-56_9.txt 1024 1456145710 1456145710
ibr-36_ibr-6_1.txt 1024 1456143071 1456143071
ibr-36_ibr-6_2.txt 1024 1456145051 1456145051
ibr-36_ibr-6_3.txt 1024 1456145740 1456145740
ibr-37_ibr-11_1.txt 1024 1456144355 1456144355
ibr-37_ibr-19_1.txt 1024 1456143696 1456143696
ibr-37_ibr-23_1.txt 1024 1456144636 1456144636
ibr-37_ibr-41_1.txt 1024 1456144835 1456144835
ibr-37_ibr-4_1.txt 1024 1456144505 1456144505
ibr-37_ibr-42_1.txt 1024 1456144026 1456144026
ibr-37_ibr-7_1.txt 1024 1456144605 1456144605
ibr-38_ibr-12_1.txt 1024 1456145035 1456145035
ibr-38_ibr-20_1.txt 1024 1456144205 1456144205
ibr-38_ibr-32_1.txt 1024 1456143895 1456143895
ibr-38_ibr-39_1.txt 1024 1456143185 1456143185
ibr-38_ibr-42_1.txt 1024 1456144625 1456144625
ibr-38_ibr-45_1.txt 1024 1456143796 1456143796
ibr-38_ibr-45_2.txt 1024 1456145275 1456145275
ibr-38_ibr-46_1.txt 1024 1456143745 1456143745
ibr-38_ibr-47_1.txt 1024 1456144836 1456144836
ibr-38_ibr-48_1.txt 1024 1456143926 1456143926
ibr-38_ibr-51_1.txt 1024 1456145595 1456145595
ibr-38_ibr-55_1.txt 1024 1456145506 1456145506
ibr-39_ibr-13_1.txt 1024 1456145606 1456145606
ibr-39_ibr-15_1.txt 1024 1456143765 1456143765
ibr-39_ibr-23_1.txt 1024 1456144316 1456144316
ibr-39_ibr-29_1.txt 1024 1456145816 1456145816
ibr-39_ibr-41_1.txt 1024 1456144116 1456144116
ibr-39_ibr-50_1.txt 1024 1456145485 1456145485
ibr-39_ibr-52_1.txt 1024 1456143895 1456143895
ibr-39_ibr-54_1.txt 1024 1456144295 1456144295
ibr-39_ibr-6_1.txt 1024 1456145155 1456145155
ibr-39_ibr-6_2.txt 1024 1456145235 1456145235
ibr-3_ibr-10_1.txt 1024 1456145385 1456145385
ibr-3_ibr-12_1.txt 1024 1456143265 1456143265
ibr-3_ibr-18_1.txt 1024 1456145745 1456145745
ibr-3_ibr-39_1.txt 1024 1456145065 1456145065
ibr-3_ibr-4_1.txt 1024 1456143756 1456143756
ibr-3_ibr-45_1.txt 1024 1456145775 1456145775
ibr-3_ibr-49_1.txt 1024 1456145255 1456145255
ibr-3_ibr-5_1.txt 1024 1456144266 1456144266
ibr-40_ibr-14_1.txt 1024 1456143275 1456143275
ibr-40_ibr-26_1.txt 1024 1456143145 1456143145
ibr-40_ibr-27_1.txt 1024 1456144335 1456144335
ibr-40_ibr-31_1.txt 1024 1456144995 1456144995
ibr-40_ibr-3_1.txt 1024 1456143686 1456143686
ibr-40_ibr-32_1.txt 1024 1456145595 1456145595
ibr-40_ibr-34_1.txt 1024 1456145095 1456145095
ibr-40_ibr-35_1.txt 1024 1456143456 1456143456
ibr-40_ibr-37_1.txt 1024 1456145105 1456145105
ibr-40_ibr-38_1.txt 1024 1456144925 1456144925
ibr-40_ibr-39_1.txt 1024 1456145066 1456145066
ibr-40_ibr-4_1.txt 1024 1456144516 1456144516
ibr-40_ibr-42_1.txt 1024 1456145505 1456145505
ibr-40_ibr-48_1.txt 1024 1456143556 1456143556
ibr-41_ibr-10_1.txt 1024 1456143295 1456143295
ibr-41_ibr-10_2.txt 1024 1456145735 1456145735
ibr-41_ibr-11_1.txt 1024 1456143340 1456143340
ibr-41_ibr-11_2.txt 1024 1456144470 1456144470
ibr-41_ibr-11_3.txt 1024 1456145681 1456145681
ibr-41_ibr-11_4.txt 1024 1456145790 1456145790
ibr-41_ibr-1_1.txt 1024 1456143880 1456143880
ibr-41_ibr-1_2.txt 1024 1456144170 1456144170
ibr-41_ibr-1_3.txt 1024 1456145621 1456145621
ibr-41_ibr-1_4.txt 1024 1456145720 1456145720
ibr-41_ibr-16_1.txt 1024 1456144700 1456144700
ibr-41_ibr-16_2.txt 1024 1456144770 1456144770
ibr-41_ibr-16_3.txt 1024 1456144830 1456144830
ibr-41_ibr-16_4.txt 1024 1456145890 1456145890
ibr-41_ibr-16_5.txt 1024 1456146030 1456146030
ibr-41_ibr-19_1.txt 1024 1456143805 1456143805
ibr-41_ibr-21_1.txt 1024 1456143160 1456143160
ibr-41_ibr-21_2.txt 1024 1456143400 1456143400
ibr-41_ibr-21_3.txt 1024 1456143450 1456143450
ibr-41_ibr-21_4.txt 1024 1456144500 1456144500
ibr-41_ibr-21_5.txt 1024 1456144811 1456144811
ibr-41_ibr-21_6.txt 1024 1456144910 1456144910
ibr-41_ibr-21_7.txt 1024 1456145380 1456145380
ibr-41_ibr-21_8.txt 1024 1456145540 1456145540
ibr-41_ibr-25_1.txt 1024 1456145965 1456145965
ibr-41_ibr-30_1.txt 1024 1456145305 1456145305
ibr-41_ibr-31_1.txt 1024 1456144270 1456144270
ibr-41_ibr-31_2.txt 1024 1456144400 1456144400
ibr-41_ibr-31_3.txt 1024 1456144431 1456144431
ibr-41_ibr-36_1.txt 1024 1456143990 1456143990
ibr-41_ibr-36_2.txt 1024 1456144190 1456144190
ibr-41_ibr-36_3.txt 1024 1456145651 1456145651
ibr-41_ibr-37_1.txt 1024 1456144575 1456144575
ibr-41_ibr-43_1.txt 1024 1456143945 1456143945
ibr-41_ibr-46_1.txt 1024 1456143100 1456143100
ibr-41_ibr-46_2.txt 1024 1456143180 1456143180
ibr-41_ibr-46_3.txt 1024 1456144040 1456144040
ibr-41_ibr-46_4.txt 1024 1456144201 1456144201
ibr-41_ibr-46_5.txt 1024 1456144740 1456144740
ibr-41_ibr-46_6.txt 1024 1456145281 1456145281
ibr-41_ibr-51_1.txt 1024 1456143901 1456143901
ibr-41_ibr-51_2.txt 1024 1456144761 1456144761
ibr-41_ibr-51_3.txt 1024 1456145060 1456145060
ibr-41_ibr-51_4.txt 1024 1456145080 1456145080
ibr-41_ibr-51_5.txt 1024 1456146020 1456146020
ibr-41_ibr-56_1.txt 1024 1456143230 1456143230
ibr-41_ibr-56_2.txt 1024 1456143320 1456143320
ibr-41_ibr-56_3.txt 1024 1456143930 1456143930
ibr-41_ibr-56_4.txt 1024 1456144971 1456144971
ibr-41_ibr-56_5.txt 1024 1456145040 1456145040
ibr-41_ibr-56_6.txt 1024 1456145270 1456145270
ibr-41_ibr-56_7.txt 1024 1456145695 1456145695
ibr-41_ibr-56_8.txt 1024 1456145750 1456145750
ibr-41_ibr-6_1.txt 1024 1456143951 1456143951
ibr-41_ibr-6_2.txt 1024 1456144061 1456144061
ibr-41_ibr-6_3.txt 1024 1456145400 1456145400
ibr-41_ibr-6_4.txt 1024 1456145880 1456145880
ibr-42_ibr-14_1.txt 1024 1456143405 1456143405
ibr-42_ibr-24_1.txt 1024 1456144235 1456144235
ibr-42_ibr-25_1.txt 1024 1456144426 1456144426
ibr-42_ibr-26_1.txt 1024 1456145845 1456145845
ibr-42_ibr-29_1.txt 1024 1456145045 1456145045
ibr-42_ibr-33_1.txt 1024 1456144885 1456144885
ibr-42_ibr-35_1.txt 1024 1456144165 1456144165
ibr-42_ibr-37_1.txt 1024 1456145635 1456145635
ibr-42_ibr-44_1.txt 1024 1456143125 1456143125
ibr-42_ibr-44_2.txt 1024 1456143815 1456143815
ibr-42_ibr-50_1.txt 1024 1456145476 1456145476
ibr-42_ibr-5_1.txt 1024 1456144326 1456144326
ibr-43_ibr-12_1.txt 1024 1456145895 1456145895
ibr-43_ibr-19_1.txt 1024 1456143536 1456143536
ibr-43_ibr-28_1.txt 1024 1456144565 1456144565
ibr-43_ibr-4_1.txt 1024 1456144916 1456144916
ibr-43_ibr-42_1.txt 1024 1456145326 1456145326
ibr-43_ibr-48_1.txt 1024 1456145545 1456145545
ibr-43_ibr-55_1.txt 1024 1456143845 1456143845
ibr-43_ibr-7_1.txt 1024 1456145955 1456145955
ibr-44_ibr-12_1.txt 1024 1456143305 1456143305
ibr-44_ibr-15_1.txt 1024 1456145935 1456145935
ibr-44_ibr-19_1.txt 1024 1456143706 1456143706
ibr-44_ibr-21_1.txt 1024 1456145796 1456145796
ibr-44_ibr-23_1.txt 1024 1456143385 1456143385
ibr-44_ibr-27_1.txt 1024 1456144086 1456144086
ibr-44_ibr-35_1.txt 1024 1456144306 1456144306
ibr-44_ibr-36_1.txt 1024 1456143985 1456143985
ibr-44_ibr-39_1.txt 1024 1456144105 1456144105
ibr-44_ibr-4_1.txt 1024 1456144975 1456144975
ibr-44_ibr-4_2.txt 1024 1456145335 1456145335
ibr-44_ibr-51_1.txt 1024 1456146025 1456146025
ibr-44_ibr-53_1.txt 1024 1456145665 1456145665
ibr-45_ibr-17_1.txt 1024 1456145825 1456145825
ibr-45_ibr-22_1.txt 1024 1456145555 1456145555
ibr-45_ibr-31_1.txt 1024 1456143345 1456143345
ibr-45_ibr-32_1.txt 1024 1456144095 1456144095
ibr-45_ibr-32_2.txt 1024 1456144925 1456144925
ibr-45_ibr-35_1.txt 1024 1456144045 1456144045
ibr-45_ibr-44_1.txt 1024 1456144595 1456144595
ibr-45_ibr-47_1.txt 1024 1456145105 1456145105
ibr-45_ibr-8_1.txt 1024 1456143966 1456143966
ibr-46_ibr-11_1.txt 1024 1456143651 1456143651
ibr-46_ibr-11_2.txt 1024 1456144460 1456144460
ibr-46_ibr-11_3.txt 1024 1456144750 1456144750
ibr-46_ibr-11_4.txt 1024 1456144920 1456144920
ibr-46_ibr-11_5.txt 1024 1456145640 1456145640
ibr-46_ibr-1_1.txt 1024 1456144080 1456144080
ibr-46_ibr-1_2.txt 1024 1456144420 1456144420
ibr-46_ibr-1_3.txt 1024 1456145020 1456145020
ibr-46_ibr-1_4.txt 1024 1456145800 1456145801
ibr-46_ibr-16_1.txt 1024 1456143330 1456143330
ibr-46_ibr-16_2.txt 1024 1456143850 1456143850
ibr-46_ibr-21_1.txt 1024 1456143800 1456143800
ibr-46_ibr-21_2.txt 1024 1456143890 1456143890
ibr-46_ibr-21_3.txt 1024 1456144390 1456144390
ibr-46_ibr-21_4.txt 1024 1456144760 1456144760
ibr-46_ibr-21_5.txt 1024 1456145050 1456145050
ibr-46_ibr-21_6.txt 1024 1456145090 1456145090
ibr-46_ibr-21_7.txt 1024 1456145610 1456145610
ibr-46_ibr-26_1.txt 1024 1456143176 1456143176
ibr-46_ibr-26_2.txt 1024 1456143201 1456143201
ibr-46_ibr-26_3.txt 1024 1456143680 1456143680
ibr-46_ibr-26_4.txt 1024 1456143830 1456143830
ibr-46_ibr-26_5.txt 1024 1456144020 1456144020
ibr-46_ibr-26_6.txt 1024 1456145500 1456145500
ibr-46_ibr-26_7.txt 1024 1456145980 1456145980
ibr-46_ibr-30_1.txt 1024 1456143116 1456143116
ibr-46_ibr-31_1.txt 1024 1456143761 1456143761
ibr-46_ibr-31_2.txt 1024 1456143810 1456143811
ibr-46_ibr-31_3.txt 1024 1456145080 1456145080
ibr-46_ibr-31_4.txt 1024 1456145771 1456145771
ibr-46_ibr-31_5.txt 1024 1456145820 1456145820
ibr-46_ibr-36_10.txt 1024 1456145880 1456145880
ibr-46_ibr-36_1.txt 1024 1456143340 1456143340
ibr-46_ibr-36_2.txt 1024 1456143460 1456143460
ibr-46_ibr-36_3.txt 1024 1456143671 1456143671
ibr-46_ibr-36_4.txt 1024 1456143780 1456143780
ibr-46_ibr-36_5.txt 1024 1456144290 1456144290
ibr-46_ibr-36_6.txt 1024 1456144410 1456144410
ibr-46_ibr-36_7.txt 1024 1456144860 1456144860
ibr-46_ibr-36_8.txt 1024 1456145420 1456145420
ibr-46_ibr-36_9.txt 1024 1456145840 1456145840
ibr-46_ibr-39_1.txt 1024 1456143105 1456143105
ibr-46_ibr-41_1.txt 1024 1456143750 1456143750
ibr-46_ibr-41_2.txt 1024 1456144040 1456144040
ibr-46_ibr-41_3.txt 1024 1456144180 1456144180
ibr-46_ibr-41_4.txt 1024 1456144440 1456144440
ibr-46_ibr-41_5.txt 1024 1456144630 1456144630
ibr-46_ibr-43_1.txt 1024 1456146005 1456146005
ibr-46_ibr-48_1.txt 1024 1456143235 1456143235
ibr-46_ibr-51_1.txt 1024 1456143110 1456143111
ibr-46_ibr-51_2.txt 1024 1456143171 1456143171
ibr-46_ibr-51_3.txt 1024 1456143720 1456143720
ibr-46_ibr-51_4.txt 1024 1456144931 1456144931
ibr-46_ibr-51_5.txt 1024 1456145100 1456145100
ibr-46_ibr-55_1.txt 1024 1456143976 1456143976
ibr-46_ibr-56_1.txt 1024 1456144331 1456144331
ibr-46_ibr-56_2.txt 1024 1456145231 1456145231
ibr-46_ibr-6_1.txt 1024 1456143480 1456143480
ibr-46_ibr-6_2.txt 1024 1456144436 1456144436
ibr-46_ibr-6_3.txt 1024 1456144981 1456144981
ibr-46_ibr-6_4.txt 1024 1456145270 1456145270
ibr-46_ibr-6_5.txt 1024 1456145620 1456145620
ibr-46_ibr-6_6.txt 1024 1456145850 1456145850
ibr-47_ibr-13_1.txt 1024 1456145415 1456145415
ibr-47_ibr-16_1.txt 1024 1456144175 1456144175
ibr-47_ibr-17_1.txt 1024 1456143885 1456143885
ibr-47_ibr-20_1.txt 1024 1456143105 1456143105
ibr-47_ibr-27_1.txt 1024 1456143665 1456143665
ibr-47_ibr-27_2.txt 1024 1456145116 1456145116
ibr-47_ibr-4_1.txt 1024 1456144785 1456144785
ibr-47_ibr-46_1.txt 1024 1456144195 1456144195
ibr-47_ibr-46_2.txt 1024 1456145816 1456145816
ibr-48_ibr-13_1.txt 1024 1456143705 1456143705
ibr-48_ibr-19_1.txt 1024 1456144805 1456144805
ibr-48_ibr-2_1.txt 1024 1456143955 1456143955
ibr-48_ibr-27_1.txt 1024 1456144856 1456144856
ibr-48_ibr-3_1.txt 1024 1456145785 1456145785
ibr-48_ibr-32_1.txt 1024 1456145366 1456145366
ibr-48_ibr-34_1.txt 1024 1456145946 1456145946
ibr-48_ibr-37_1.txt 1024 1456143546 1456143546
ibr-48_ibr-38_1.txt 1024 1456143916 1456143916
ibr-48_ibr-45_1.txt 1024 1456145975 1456145975
ibr-48_ibr-47_1.txt 1024 1456144615 1456144615
ibr-48_ibr-8_1.txt 1024 1456145735 1456145735
ibr-49_ibr-16_1.txt 1024 1456145836 1456145836
ibr-49_ibr-22_1.txt 1024 1456143165 1456143165
ibr-49_ibr-29_1.txt 1024 1456144215 1456144215
ibr-49_ibr-34_1.txt 1024 1456145695 1456145695
ibr-49_ibr-35_1.txt 1024 1456145226 1456145226
ibr-49_ibr-37_1.txt 1024 1456143636 1456143636
ibr-49_ibr-40_1.txt 1024 1456145196 1456145196
ibr-49_ibr-5_1.txt 1024 1456144185 1456144185
ibr-49_ibr-52_1.txt 1024 1456143335 1456143335
ibr-49_ibr-53_1.txt 1024 1456144665 1456144665
ibr-49_ibr-54_1.txt 1024 1456145316 1456145316
ibr-4_ibr-15_1.txt 1024 1456145495 1456145495
ibr-4_ibr-26_1.txt 1024 1456144705 1456144705
ibr-4_ibr-38_1.txt 1024 1456145866 1456145866
ibr-4_ibr-40_1.txt 1024 1456143966 1456143966
ibr-4_ibr-42_1.txt 1024 1456144625 1456144625
ibr-4_ibr-56_1.txt 1024 1456145035 1456145035
ibr-4_ibr-9_1.txt 1024 1456144005 1456144005
ibr-50_ibr-11_1.txt 1024 1456143725 1456143725
ibr-50_ibr-16_1.txt 1024 1456145686 1456145686
ibr-50_ibr-20_1.txt 1024 1456144655 1456144655
ibr-50_ibr-24_1.txt 1024 1456144826 1456144826
ibr-50_ibr-25_1.txt 1024 1456143986 1456143986
ibr-50_ibr-30_1.txt 1024 1456145796 1456145796
ibr-50_ibr-31_1.txt 1024 1456144395 1456144395
ibr-50_ibr-31_2.txt 1024 1456144935 1456144935
ibr-50_ibr-3_1.txt 1024 1456144045 1456144045
ibr-50_ibr-32_1.txt 1024 1456145645 1456145645
ibr-50_ibr-34_1.txt 1024 1456145995 1456145995
ibr-50_ibr-37_1.txt 1024 1456144985 1456144985
ibr-50_ibr-4_1.txt 1024 1456144226 1456144226
ibr-50_ibr-42_1.txt 1024 1456143495 1456143495
ibr-50_ibr-43_1.txt 1024 1456144735 1456144735
ibr-50_ibr-47_1.txt 1024 1456143575 1456143575
ibr-50_ibr-49_1.txt 1024 1456145755 1456145755
ibr-50_ibr-5_1.txt 1024 1456145395 1456145395
ibr-50_ibr-8_1.txt 1024 1456144505 1456144505
ibr-51_ibr-11_1.txt 1024 1456143080 1456143080
ibr-51_ibr-11_2.txt 1024 1456144251 1456144251
ibr-51_ibr-11_3.txt 1024 1456144321 1456144321
ibr-51_ibr-11_4.txt 1024 1456144680 1456144680
ibr-51_ibr-11_5.txt 1024 1456144811 1456144811
ibr-51_ibr-11_6.txt 1024 1456145450 1456145450
ibr-51_ibr-11_7.txt 1024 1456145491 1456145491
ibr-51_ibr-1_1.txt 1024 1456145100 1456145100
ibr-51_ibr-1_2.txt 1024 1456145440 1456145440
ibr-51_ibr-1_3.txt 1024 1456145520 1456145520
ibr-51_ibr-1_4.txt 1024 1456145750 1456145750
ibr-51_ibr-1_5.txt 1024 1456145970 1456145970
ibr-51_ibr-16_1.txt 1024 1456143210 1456143210
ibr-51_ibr-16_2.txt 1024 1456143680 1456143680
ibr-51_ibr-16_3.txt 1024 1456144090 1456144090
ibr-51_ibr-16_4.txt 1024 1456144311 1456144311
ibr-51_ibr-16_5.txt 1024 1456144521 1456144521
ibr-51_ibr-16_6.txt 1024 1456145211 1456145211
ibr-51_ibr-16_7.txt 1024 1456145741 1456145741
ibr-51_ibr-16_8.txt 1024 1456145950 1456145950
ibr-51_ibr-17_1.txt 1024 1456145125 1456145125
ibr-51_ibr-21_1.txt 1024 1456143430 1456143430
ibr-51_ibr-21_2.txt 1024 1456143560 1456143560
ibr-51_ibr-21_3.txt 1024 1456143701 1456143701
ibr-51_ibr-21_4.txt 1024 1456143841 1456143841
ibr-51_ibr-21_5.txt 1024 1456144451 1456144451
ibr-51_ibr-21_6.txt 1024 1456145550 1456145550
ibr-51_ibr-26_1.txt 1024 1456144051 1456144051
ibr-51_ibr-26_2.txt 1024 1456144600 1456144600
ibr-51_ibr-31_1.txt 1024 1456143150 1456143150
ibr-51_ibr-31_2.txt 1024 1456143271 1456143271
ibr-51_ibr-31_3.txt 1024 1456143361 1456143361
ibr-51_ibr-31_4.txt 1024 1456143451 1456143451
ibr-51_ibr-31_5.txt 1024 1456144560 1456144560
ibr-51_ibr-31_6.txt 1024 1456144630 1456144630
ibr-51_ibr-31_7.txt 1024 1456145171 1456145171
ibr-51_ibr-31_8.txt 1024 1456145220 1456145220
ibr-51_ibr-31_9.txt 1024 1456145470 1456145470
ibr-51_ibr-33_1.txt 1024 1456145765 1456145765
ibr-51_ibr-36_1.txt 1024 1456144940 1456144940
ibr-51_ibr-36_2.txt 1024 1456145575 1456145575
ibr-51_ibr-36_3.txt 1024 1456145700 1456145700
ibr-51_ibr-41_1.txt 1024 1456143090 1456143090
ibr-51_ibr-41_2.txt 1024 1456144000 1456144000
ibr-51_ibr-41_3.txt 1024 1456145580 1456145580
ibr-51_ibr-46_1.txt 1024 1456143471 1456143471
ibr-51_ibr-46_2.txt 1024 1456145931 1456145931
ibr-51_ibr-56_1.txt 1024 1456144121 1456144121
ibr-51_ibr-56_2.txt 1024 1456144361 1456144361
ibr-51_ibr-56_3.txt 1024 1456144390 1456144390
ibr-51_ibr-56_4.txt 1024 1456145191 1456145191
ibr-51_ibr-56_5.txt 1024 1456146000 1456146000
ibr-51_ibr-6_1.txt 1024 1456143540 1456143540
ibr-51_ibr-6_2.txt 1024 1456143930 1456143930
ibr-51_ibr-6_3.txt 1024 1456144341 1456144341
ibr-51_ibr-6_4.txt 1024 1456144381 1456144381
ibr-51_ibr-6_5.txt 1024 1456144790 1456144790
ibr-51_ibr-6_6.txt 1024 1456145020 1456145020
ibr-51_ibr-6_7.txt 1024 1456145030 1456145030
ibr-51_ibr-7_1.txt 1024 1456145135 1456145135
ibr-52_ibr-14_1.txt 1024 1456143335 1456143335
ibr-52_ibr-19_1.txt 1024 1456144345 1456144345
ibr-52_ibr-24_1.txt 1024 1456145876 1456145876
ibr-52_ibr-36_1.txt 1024 1456145175 1456145175
ibr-52_ibr-51_1.txt 1024 1456143596 1456143596
ibr-52_ibr-54_1.txt 1024 1456143176 1456143176
ibr-53_ibr-15_1.txt 1024 1456143815 1456143815
ibr-53_ibr-2_1.txt 1024 1456145275 1456145275
ibr-53_ibr-24_1.txt 1024 1456145876 1456145876
ibr-53_ibr-26_1.txt 1024 1456143426 1456143426
ibr-53_ibr-35_1.txt 1024 1456144496 1456144496
ibr-53_ibr-36_1.txt 1024 1456146005 1456146005
ibr-53_ibr-43_1.txt 1024 1456143365 1456143365
ibr-53_ibr-45_1.txt 1024 1456143285 1456143285
ibr-53_ibr-47_1.txt 1024 1456145655 1456145655
ibr-53_ibr-51_1.txt 1024 1456145315 1456145315
ibr-53_ibr-6_1.txt 1024 1456145865 1456145865
ibr-54_ibr-10_1.txt 1024 1456143536 1456143536
ibr-54_ibr-12_1.txt 1024 1456145285 1456145285
ibr-54_ibr-25_1.txt 1024 1456144485 1456144485
ibr-54_ibr-25_2.txt 1024 1456145365 1456145365
ibr-54_ibr-30_1.txt 1024 1456145685 1456145685
ibr-54_ibr-3_1.txt 1024 1456144156 1456144156
ibr-54_ibr-32_1.txt 1024 1456144216 1456144216
ibr-54_ibr-40_1.txt 1024 1456145116 1456145116
ibr-54_ibr-47_1.txt 1024 1456145565 1456145565
ibr-54_ibr-52_1.txt 1024 1456144475 1456144475
ibr-54_ibr-53_1.txt 1024 1456144346 1456144346
ibr-55_ibr-28_1.txt 1024 1456143456 1456143456
ibr-55_ibr-29_1.txt 1024 1456145386 1456145386
ibr-55_ibr-30_1.txt 1024 1456145146 1456145146
ibr-55_ibr-36_1.txt 1024 1456143835 1456143835
ibr-55_ibr-37_1.txt 1024 1456143385 1456143385
ibr-55_ibr-41_1.txt 1024 1456144265 1456144265
ibr-55_ibr-52_1.txt 1024 1456144975 1456144975
ibr-55_ibr-54_1.txt 1024 1456144556 1456144556
ibr-56_ibr-13_1.txt 1024 1456144875 1456144875
ibr-56_ibr-16_1.txt 1024 1456144255 1456144255
ibr-56_ibr-16_2.txt 1024 1456145205 1456145205
ibr-56_ibr-17_1.txt 1024 1456143358 1456143358
ibr-56_ibr-25_1.txt 1024 1456145535 1456145535
ibr-56_ibr-33_1.txt 1024 1456143066 1456143066
ibr-56_ibr-41_1.txt 1024 1456145425 1456145425
ibr-56_ibr-43_1.txt 1024 1456145076 1456145076
ibr-56_ibr-46_1.txt 1024 1456143615 1456143615
ibr-56_ibr-48_1.txt 1024 1456143525 1456143525
ibr-56_ibr-51_1.txt 1024 1456145515 1456145515
ibr-56_ibr-54_1.txt 1024 1456144056 1456144056
ibr-5_ibr-13_1.txt 1024 1456145415 1456145415
ibr-5_ibr-14_1.txt 1024 1456145305 1456145305
ibr-5_ibr-19_1.txt 1024 1456143075 1456143075
ibr-5_ibr-23_1.txt 1024 1456145016 1456145016
ibr-5_ibr-23_2.txt 1024 1456145045 1456145045
ibr-5_ibr-32_1.txt 1024 1456144715 1456144715
ibr-5_ibr-36_1.txt 1024 1456143135 1456143136
ibr-5_ibr-36_2.txt 1024 1456144555 1456144555
ibr-5_ibr-42_1.txt 1024 1456143885 1456143885
ibr-5_ibr-43_1.txt 1024 1456143196 1456143196
ibr-5_ibr-49_1.txt 1024 1456143315 1456143315
ibr-5_ibr-49_2.txt 1024 1456144055 1456144055
ibr-6_ibr-11_1.txt 1024 1456144675 1456144675
ibr-6_ibr-11_2.txt 1024 1456144731 1456144731
ibr-6_ibr-11_3.txt 1024 1456144750 1456144750
ibr-6_ibr-11_4.txt 1024 1456144961 1456144961
ibr-6_ibr-1_1.txt 1024 1456143661 1456143661
ibr-6_ibr-1_2.txt 1024 1456144820 1456144820
ibr-6_ibr-1_3.txt 1024 1456145340 1456145340
ibr-6_ibr-15_1.txt 1024 1456143165 1456143165
ibr-6_ibr-16_1.txt 1024 1456143250 1456143250
ibr-6_ibr-16_2.txt 1024 1456143301 1456143301
ibr-6_ibr-16_3.txt 1024 1456143645 1456143645
ibr-6_ibr-16_4.txt 1024 1456143845 1456143845
ibr-6_ibr-16_5.txt 1024 1456144120 1456144120
ibr-6_ibr-16_6.txt 1024 1456144490 1456144490
ibr-6_ibr-16_7.txt 1024 1456144621 1456144621
ibr-6_ibr-16_8.txt 1024 1456144991 1456144991
ibr-6_ibr-21_10.txt 1024 1456145966 1456145966
ibr-6_ibr-21_1.txt 1024 1456143200 1456143200
ibr-6_ibr-21_2.txt 1024 1456143620 1456143620
ibr-6_ibr-21_3.txt 1024 1456143976 1456143976
ibr-6_ibr-21_4.txt 1024 1456143996 1456143996
ibr-6_ibr-21_5.txt 1024 1456144210 1456144210
ibr-6_ibr-21_6.txt 1024 1456144280 1456144280
ibr-6_ibr-21_7.txt 1024 1456145151 1456145151
ibr-6_ibr-21_8.txt 1024 1456145590 1456145590
ibr-6_ibr-21_9.txt 1024 1456145900 1456145900
ibr-6_ibr-26_1.txt 1024 1456143970 1456143970
ibr-6_ibr-26_2.txt 1024 1456144130 1456144130
ibr-6_ibr-26_3.txt 1024 1456145010 1456145010
ibr-6_ibr-26_4.txt 1024 1456145481 1456145481
ibr-6_ibr-26_5.txt 1024 1456145525 1456145525
ibr-6_ibr-26_6.txt 1024 1456145560 1456145560
ibr-6_ibr-26_7.txt 1024 1456145851 1456145851
ibr-6_ibr-28_1.txt 1024 1456143915 1456143915
ibr-6_ibr-31_1.txt 1024 1456143750 1456143750
ibr-6_ibr-31_2.txt 1024 1456144570 1456144570
ibr-6_ibr-31_3.txt 1024 1456144840 1456144840
ibr-6_ibr-31_4.txt 1024 1456144911 1456144911
ibr-6_ibr-31_5.txt 1024 1456145280 1456145280
ibr-6_ibr-31_6.txt 1024 1456145381 1456145381
ibr-6_ibr-32_1.txt 1024 1456143875 1456143875
ibr-6_ibr-33_1.txt 1024 1456143246 1456143246
ibr-6_ibr-36_1.txt 1024 1456143470 1456143470
ibr-6_ibr-36_2.txt 1024 1456145361 1456145361
ibr-6_ibr-36_3.txt 1024 1456145431 1456145431
ibr-6_ibr-36_4.txt 1024 1456145630 1456145630
ibr-6_ibr-41_1.txt 1024 1456143190 1456143190
ibr-6_ibr-41_2.txt 1024 1456143600 1456143600
ibr-6_ibr-41_3.txt 1024 1456144711 1456144711
ibr-6_ibr-41_4.txt 1024 1456144745 1456144745
ibr-6_ibr-41_5.txt 1024 1456144900 1456144900
ibr-6_ibr-41_6.txt 1024 1456145350 1456145350
ibr-6_ibr-4_1.txt 1024 1456143926 1456143926
ibr-6_ibr-46_1.txt 1024 1456143080 1456143080
ibr-6_ibr-46_2.txt 1024 1456144870 1456144870
ibr-6_ibr-46_3.txt 1024 1456144950 1456144950
ibr-6_ibr-50_1.txt 1024 1456143865 1456143865
ibr-6_ibr-51_1.txt 1024 1456143241 1456143241
ibr-6_ibr-51_2.txt 1024 1456143260 1456143260
ibr-6_ibr-51_3.txt 1024 1456145000 1456145000
ibr-6_ibr-51_4.txt 1024 1456145240 1456145240
ibr-6_ibr-51_5.txt 1024 1456145661 1456145661
ibr-6_ibr-51_6.txt 1024 1456145706 1456145706
ibr-6_ibr-56_1.txt 1024 1456144450 1456144450
ibr-6_ibr-56_2.txt 1024 1456145780 1456145780
ibr-6_ibr-56_3.txt 1024 1456145931 1456145931
ibr-6_ibr-7_1.txt 1024 1456145605 1456145605
ibr-7_ibr-11_1.txt 1024 1456144365 1456144365
ibr-7_ibr-11_2.txt 1024 1456145775 1456145775
ibr-7_ibr-13_1.txt 1024 1456144066 1456144066
ibr-7_ibr-24_1.txt 1024 1456143525 1456143525
ibr-7_ibr-24_2.txt 1024 1456144335 1456144335
ibr-7_ibr-24_3.txt 1024 1456145405 1456145405
ibr-7_ibr-27_1.txt 1024 1456143506 1456143506
ibr-7_ibr-36_1.txt 1024 1456143435 1456143435
ibr-7_ibr-37_1.txt 1024 1456145295 1456145295
ibr-7_ibr-38_1.txt 1024 1456144105 1456144105
ibr-7_ibr-48_1.txt 1024 1456143236 1456143236
ibr-7_ibr-56_1.txt 1024 1456144695 1456144695
ibr-7_ibr-6_1.txt 1024 1456144125 1456144125
ibr-7_ibr-8_1.txt 1024 1456144855 1456144855
ibr-8_ibr-10_1.txt 1024 1456143086 1456143086
ibr-8_ibr-13_1.txt 1024 1456145715 1456145715
ibr-8_ibr-20_1.txt 1024 1456143316 1456143316
ibr-8_ibr-30_1.txt 1024 1456144035 1456144035
ibr-8_ibr-30_2.txt 1024 1456145075 1456145075
ibr-8_ibr-31_1.txt 1024 1456144786 1456144786
ibr-8_ibr-36_1.txt 1024 1456144995 1456144995
ibr-8_ibr-47_1.txt 1024 1456143545 1456143545
ibr-8_ibr-48_1.txt 1024 1456145836 1456145836
ibr-8_ibr-53_1.txt 1024 1456143186 1456143186
ibr-8_ibr-7_1.txt 1024 1456145535 1456145535
ibr-8_ibr-7_2.txt 1024 1456145585 1456145585
ibr-9_ibr-10_1.txt 1024 1456145465 1456145465
ibr-9_ibr-15_1.txt 1024 1456144136 1456144136
ibr-9_ibr-16_1.txt 1024 1456143295 1456143295
ibr-9_ibr-18_1.txt 1024 1456145445 1456145445
ibr-9_ibr-22_1.txt 1024 1456145825 1456145825
ibr-9_ibr-25_1.txt 1024 1456144685 1456144685
ibr-9_ibr-33_1.txt 1024 1456145286 1456145286
ibr-9_ibr-37_1.txt 1024 1456145616 1456145616
ibr-9_ibr-43_1.txt 1024 1456145915 1456145915
ibr-9_ibr-45_1.txt 1024 1456144826 1456144826
ibr-9_ibr-49_1.txt 1024 1456143505 1456143505
ibr-9_ibr-49_2.txt 1024 1456144415 1456144415
ibr-9_ibr-56_1.txt 1024 1456144896 1456144896
