# name size  create_time reach_time
ibr-10_ibr-22_1.txt 1024 1456241411 1456241411
ibr-10_ibr-23_1.txt 1024 1456241751 1456241751
ibr-10_ibr-24_1.txt 1024 1456243241 1456243241
ibr-10_ibr-28_1.txt 1024 1456241731 1456241731
ibr-10_ibr-33_1.txt 1024 1456242331 1456242331
ibr-10_ibr-40_1.txt 1024 1456242701 1456242701
ibr-10_ibr-41_1.txt 1024 1456241531 1456241531
ibr-10_ibr-41_2.txt 1024 1456242201 1456242201
ibr-10_ibr-42_1.txt 1024 1456243081 1456243081
ibr-10_ibr-49_1.txt 1024 1456241661 1456241661
ibr-10_ibr-49_2.txt 1024 1456242231 1456242231
ibr-10_ibr-49_3.txt 1024 1456242541 1456242541
ibr-10_ibr-50_1.txt 1024 1456242241 1456242241
ibr-10_ibr-50_2.txt 1024 1456242871 1456242871
ibr-10_ibr-53_1.txt 1024 1456241821 1456241821
ibr-11_ibr-1_1.txt 1024 1456241976 1456241976
ibr-11_ibr-12_1.txt 1024 1456243321 1456243321
ibr-11_ibr-1_2.txt 1024 1456242406 1456242406
ibr-11_ibr-1_3.txt 1024 1456242766 1456242766
ibr-11_ibr-14_1.txt 1024 1456241851 1456241851
ibr-11_ibr-1_4.txt 1024 1456243216 1456243216
ibr-11_ibr-1_5.txt 1024 1456243756 1456243756
ibr-11_ibr-16_1.txt 1024 1456241336 1456241336
ibr-11_ibr-16_2.txt 1024 1456241726 1456241726
ibr-11_ibr-16_3.txt 1024 1456241836 1456241836
ibr-11_ibr-16_4.txt 1024 1456242196 1456242196
ibr-11_ibr-16_5.txt 1024 1456242306 1456242306
ibr-11_ibr-16_6.txt 1024 1456242326 1456242326
ibr-11_ibr-1_6.txt 1024 1456244086 1456244086
ibr-11_ibr-1_7.txt 1024 1456244096 1456244096
ibr-11_ibr-21_1.txt 1024 1456241326 1456241326
ibr-11_ibr-21_2.txt 1024 1456241416 1456241416
ibr-11_ibr-21_3.txt 1024 1456242636 1456242636
ibr-11_ibr-21_4.txt 1024 1456242646 1456242646
ibr-11_ibr-21_5.txt 1024 1456242696 1456242696
ibr-11_ibr-21_6.txt 1024 1456243256 1456243256
ibr-11_ibr-21_7.txt 1024 1456243296 1456243296
ibr-11_ibr-21_8.txt 1024 1456243976 1456243976
ibr-11_ibr-26_1.txt 1024 1456241106 1456241106
ibr-11_ibr-26_2.txt 1024 1456241286 1456241286
ibr-11_ibr-26_3.txt 1024 1456242116 1456242116
ibr-11_ibr-26_4.txt 1024 1456242126 1456242126
ibr-11_ibr-26_5.txt 1024 1456242956 1456242956
ibr-11_ibr-26_6.txt 1024 1456243626 1456243626
ibr-11_ibr-26_7.txt 1024 1456243836 1456243836
ibr-11_ibr-28_1.txt 1024 1456243761 1456243761
ibr-11_ibr-29_1.txt 1024 1456241771 1456241771
ibr-11_ibr-30_1.txt 1024 1456243261 1456243261
ibr-11_ibr-31_1.txt 1024 1456241516 1456241516
ibr-11_ibr-31_2.txt 1024 1456241606 1456241606
ibr-11_ibr-31_3.txt 1024 1456242486 1456242486
ibr-11_ibr-31_4.txt 1024 1456242626 1456242626
ibr-11_ibr-36_1.txt 1024 1456241426 1456241426
ibr-11_ibr-36_2.txt 1024 1456241616 1456241616
ibr-11_ibr-36_3.txt 1024 1456241656 1456241656
ibr-11_ibr-36_4.txt 1024 1456242606 1456242606
ibr-11_ibr-36_5.txt 1024 1456243536 1456243536
ibr-11_ibr-40_1.txt 1024 1456241661 1456241661
ibr-11_ibr-41_1.txt 1024 1456241176 1456241176
ibr-11_ibr-41_2.txt 1024 1456241216 1456241216
ibr-11_ibr-41_3.txt 1024 1456241566 1456241566
ibr-11_ibr-41_4.txt 1024 1456241876 1456241876
ibr-11_ibr-41_5.txt 1024 1456242036 1456242036
ibr-11_ibr-41_6.txt 1024 1456242836 1456242836
ibr-11_ibr-41_7.txt 1024 1456243306 1456243306
ibr-11_ibr-44_1.txt 1024 1456241831 1456241831
ibr-11_ibr-51_1.txt 1024 1456241346 1456241346
ibr-11_ibr-51_2.txt 1024 1456241366 1456241366
ibr-11_ibr-51_3.txt 1024 1456241496 1456241496
ibr-11_ibr-51_4.txt 1024 1456241746 1456241746
ibr-11_ibr-51_5.txt 1024 1456244016 1456244016
ibr-11_ibr-53_1.txt 1024 1456241961 1456241961
ibr-11_ibr-55_1.txt 1024 1456241211 1456241211
ibr-11_ibr-56_1.txt 1024 1456241406 1456241406
ibr-11_ibr-56_2.txt 1024 1456242386 1456242386
ibr-11_ibr-56_3.txt 1024 1456242916 1456242916
ibr-11_ibr-56_4.txt 1024 1456243056 1456243056
ibr-11_ibr-56_5.txt 1024 1456243546 1456243546
ibr-11_ibr-56_6.txt 1024 1456243766 1456243766
ibr-11_ibr-56_7.txt 1024 1456244066 1456244066
ibr-11_ibr-6_1.txt 1024 1456242236 1456242236
ibr-11_ibr-6_2.txt 1024 1456242991 1456242991
ibr-11_ibr-6_3.txt 1024 1456243516 1456243516
ibr-11_ibr-6_4.txt 1024 1456243736 1456243736
ibr-12_ibr-17_1.txt 1024 1456243181 1456243181
ibr-12_ibr-19_1.txt 1024 1456243771 1456243771
ibr-12_ibr-21_1.txt 1024 1456243551 1456243551
ibr-12_ibr-23_1.txt 1024 1456242431 1456242431
ibr-12_ibr-24_1.txt 1024 1456241621 1456241621
ibr-12_ibr-25_1.txt 1024 1456242961 1456242961
ibr-12_ibr-26_1.txt 1024 1456243941 1456243941
ibr-12_ibr-56_1.txt 1024 1456241521 1456241521
ibr-13_ibr-14_1.txt 1024 1456243211 1456243211
ibr-13_ibr-22_1.txt 1024 1456241841 1456241841
ibr-13_ibr-28_1.txt 1024 1456241251 1456241251
ibr-13_ibr-29_1.txt 1024 1456244031 1456244031
ibr-13_ibr-30_1.txt 1024 1456244001 1456244001
ibr-13_ibr-36_1.txt 1024 1456242751 1456242751
ibr-13_ibr-38_1.txt 1024 1456241331 1456241331
ibr-13_ibr-40_1.txt 1024 1456241571 1456241571
ibr-13_ibr-47_1.txt 1024 1456243401 1456243401
ibr-13_ibr-47_2.txt 1024 1456243571 1456243571
ibr-13_ibr-48_1.txt 1024 1456243111 1456243111
ibr-13_ibr-8_1.txt 1024 1456242571 1456242571
ibr-14_ibr-16_1.txt 1024 1456242061 1456242061
ibr-14_ibr-29_1.txt 1024 1456242501 1456242501
ibr-14_ibr-29_2.txt 1024 1456243411 1456243411
ibr-14_ibr-3_1.txt 1024 1456241681 1456241681
ibr-15_ibr-24_1.txt 1024 1456242951 1456242951
ibr-15_ibr-38_1.txt 1024 1456243461 1456243461
ibr-15_ibr-39_1.txt 1024 1456241771 1456241771
ibr-15_ibr-43_1.txt 1024 1456242531 1456242531
ibr-15_ibr-49_1.txt 1024 1456244051 1456244051
ibr-15_ibr-5_1.txt 1024 1456243681 1456243681
ibr-15_ibr-55_1.txt 1024 1456241401 1456241401
ibr-15_ibr-6_1.txt 1024 1456242491 1456242491
ibr-16_ibr-11_1.txt 1024 1456243026 1456243026
ibr-16_ibr-11_2.txt 1024 1456243376 1456243376
ibr-16_ibr-1_1.txt 1024 1456241126 1456241126
ibr-16_ibr-12_1.txt 1024 1456244011 1456244011
ibr-16_ibr-1_2.txt 1024 1456241576 1456241576
ibr-16_ibr-1_3.txt 1024 1456242726 1456242726
ibr-16_ibr-1_4.txt 1024 1456242776 1456242776
ibr-16_ibr-15_1.txt 1024 1456242301 1456242301
ibr-16_ibr-15_2.txt 1024 1456243401 1456243401
ibr-16_ibr-1_5.txt 1024 1456242936 1456242936
ibr-16_ibr-1_6.txt 1024 1456243656 1456243656
ibr-16_ibr-1_7.txt 1024 1456243686 1456243686
ibr-16_ibr-20_1.txt 1024 1456242171 1456242171
ibr-16_ibr-21_1.txt 1024 1456241406 1456241406
ibr-16_ibr-21_2.txt 1024 1456241636 1456241636
ibr-16_ibr-21_3.txt 1024 1456242666 1456242666
ibr-16_ibr-23_1.txt 1024 1456242011 1456242011
ibr-16_ibr-26_1.txt 1024 1456242296 1456242296
ibr-16_ibr-26_2.txt 1024 1456243956 1456243956
ibr-16_ibr-31_1.txt 1024 1456243716 1456243716
ibr-16_ibr-37_1.txt 1024 1456242591 1456242591
ibr-16_ibr-40_1.txt 1024 1456241111 1456241111
ibr-16_ibr-41_10.txt 1024 1456243601 1456243601
ibr-16_ibr-41_11.txt 1024 1456243846 1456243846
ibr-16_ibr-41_1.txt 1024 1456241146 1456241146
ibr-16_ibr-41_2.txt 1024 1456241196 1456241196
ibr-16_ibr-41_3.txt 1024 1456241536 1456241536
ibr-16_ibr-41_4.txt 1024 1456241766 1456241766
ibr-16_ibr-41_5.txt 1024 1456242006 1456242006
ibr-16_ibr-41_6.txt 1024 1456242716 1456242716
ibr-16_ibr-41_7.txt 1024 1456242986 1456242986
ibr-16_ibr-41_8.txt 1024 1456243266 1456243266
ibr-16_ibr-41_9.txt 1024 1456243486 1456243486
ibr-16_ibr-44_1.txt 1024 1456242081 1456242081
ibr-16_ibr-46_1.txt 1024 1456241186 1456241186
ibr-16_ibr-46_2.txt 1024 1456241546 1456241546
ibr-16_ibr-46_3.txt 1024 1456242206 1456242206
ibr-16_ibr-46_4.txt 1024 1456242606 1456242606
ibr-16_ibr-46_5.txt 1024 1456243126 1456243126
ibr-16_ibr-46_6.txt 1024 1456243186 1456243186
ibr-16_ibr-46_7.txt 1024 1456243926 1456243926
ibr-16_ibr-51_1.txt 1024 1456241296 1456241296
ibr-16_ibr-51_2.txt 1024 1456242216 1456242216
ibr-16_ibr-51_3.txt 1024 1456242746 1456242746
ibr-16_ibr-51_4.txt 1024 1456242996 1456242996
ibr-16_ibr-51_5.txt 1024 1456243221 1456243221
ibr-16_ibr-51_6.txt 1024 1456243776 1456243776
ibr-16_ibr-51_7.txt 1024 1456243966 1456243966
ibr-16_ibr-54_1.txt 1024 1456242761 1456242761
ibr-16_ibr-56_1.txt 1024 1456241436 1456241436
ibr-16_ibr-56_2.txt 1024 1456241496 1456241496
ibr-16_ibr-56_3.txt 1024 1456241611 1456241611
ibr-16_ibr-56_4.txt 1024 1456242066 1456242066
ibr-16_ibr-56_5.txt 1024 1456242856 1456242856
ibr-16_ibr-6_10.txt 1024 1456243366 1456243366
ibr-16_ibr-6_11.txt 1024 1456243916 1456243916
ibr-16_ibr-6_12.txt 1024 1456243996 1456243996
ibr-16_ibr-6_1.txt 1024 1456241116 1456241116
ibr-16_ibr-6_2.txt 1024 1456241551 1456241551
ibr-16_ibr-6_3.txt 1024 1456241676 1456241676
ibr-16_ibr-6_4.txt 1024 1456241686 1456241686
ibr-16_ibr-6_5.txt 1024 1456241716 1456241716
ibr-16_ibr-6_6.txt 1024 1456242276 1456242276
ibr-16_ibr-6_7.txt 1024 1456242556 1456242556
ibr-16_ibr-6_8.txt 1024 1456242706 1456242706
ibr-16_ibr-6_9.txt 1024 1456243206 1456243206
ibr-16_ibr-7_1.txt 1024 1456243481 1456243481
ibr-16_ibr-7_2.txt 1024 1456243531 1456243531
ibr-16_ibr-8_1.txt 1024 1456243071 1456243071
ibr-17_ibr-10_1.txt 1024 1456242121 1456242121
ibr-17_ibr-11_1.txt 1024 1456243011 1456243011
ibr-17_ibr-12_1.txt 1024 1456242621 1456242621
ibr-17_ibr-19_1.txt 1024 1456244041 1456244041
ibr-17_ibr-2_1.txt 1024 1456243251 1456243251
ibr-17_ibr-26_1.txt 1024 1456243381 1456243381
ibr-17_ibr-28_1.txt 1024 1456242411 1456242411
ibr-17_ibr-30_1.txt 1024 1456242631 1456242631
ibr-17_ibr-3_1.txt 1024 1456241711 1456241711
ibr-17_ibr-50_1.txt 1024 1456241471 1456241471
ibr-17_ibr-50_2.txt 1024 1456241911 1456241911
ibr-17_ibr-7_1.txt 1024 1456243621 1456243621
ibr-18_ibr-15_1.txt 1024 1456242711 1456242711
ibr-18_ibr-19_1.txt 1024 1456242191 1456242191
ibr-18_ibr-21_1.txt 1024 1456241891 1456241891
ibr-18_ibr-2_1.txt 1024 1456242781 1456242781
ibr-18_ibr-24_1.txt 1024 1456243731 1456243731
ibr-18_ibr-36_1.txt 1024 1456241541 1456241541
ibr-18_ibr-39_1.txt 1024 1456243351 1456243351
ibr-18_ibr-4_1.txt 1024 1456243961 1456243961
ibr-18_ibr-51_1.txt 1024 1456242771 1456242771
ibr-18_ibr-53_1.txt 1024 1456242441 1456242441
ibr-18_ibr-54_1.txt 1024 1456243301 1456243301
ibr-18_ibr-7_1.txt 1024 1456243041 1456243041
ibr-19_ibr-12_1.txt 1024 1456243001 1456243001
ibr-19_ibr-18_1.txt 1024 1456241881 1456241881
ibr-19_ibr-22_1.txt 1024 1456241691 1456241691
ibr-19_ibr-30_1.txt 1024 1456243111 1456243111
ibr-19_ibr-35_1.txt 1024 1456243911 1456243911
ibr-19_ibr-40_1.txt 1024 1456243021 1456243021
ibr-19_ibr-44_1.txt 1024 1456243491 1456243491
ibr-19_ibr-44_2.txt 1024 1456243541 1456243541
ibr-19_ibr-46_1.txt 1024 1456241861 1456241861
ibr-19_ibr-47_1.txt 1024 1456243061 1456243061
ibr-19_ibr-55_1.txt 1024 1456242511 1456242511
ibr-19_ibr-9_1.txt 1024 1456242671 1456242671
ibr-1_ibr-11_1.txt 1024 1456241156 1456241156
ibr-1_ibr-11_2.txt 1024 1456241276 1456241276
ibr-1_ibr-11_3.txt 1024 1456241876 1456241876
ibr-1_ibr-11_4.txt 1024 1456242426 1456242426
ibr-1_ibr-11_5.txt 1024 1456243116 1456243116
ibr-1_ibr-11_6.txt 1024 1456243316 1456243316
ibr-1_ibr-11_7.txt 1024 1456243896 1456243896
ibr-1_ibr-16_1.txt 1024 1456241366 1456241366
ibr-1_ibr-16_2.txt 1024 1456241866 1456241866
ibr-1_ibr-16_3.txt 1024 1456241926 1456241926
ibr-1_ibr-16_4.txt 1024 1456242376 1456242376
ibr-1_ibr-16_5.txt 1024 1456243426 1456243426
ibr-1_ibr-21_1.txt 1024 1456241446 1456241446
ibr-1_ibr-21_2.txt 1024 1456242196 1456242196
ibr-1_ibr-21_3.txt 1024 1456242596 1456242596
ibr-1_ibr-26_1.txt 1024 1456242576 1456242576
ibr-1_ibr-26_2.txt 1024 1456242716 1456242716
ibr-1_ibr-26_3.txt 1024 1456243036 1456243036
ibr-1_ibr-26_4.txt 1024 1456243386 1456243386
ibr-1_ibr-31_1.txt 1024 1456242696 1456242696
ibr-1_ibr-31_2.txt 1024 1456242776 1456242776
ibr-1_ibr-36_1.txt 1024 1456241106 1456241106
ibr-1_ibr-36_2.txt 1024 1456241936 1456241936
ibr-1_ibr-36_3.txt 1024 1456241966 1456241966
ibr-1_ibr-36_4.txt 1024 1456243226 1456243226
ibr-1_ibr-41_1.txt 1024 1456242346 1456242346
ibr-1_ibr-41_2.txt 1024 1456242906 1456242906
ibr-1_ibr-41_3.txt 1024 1456243446 1456243446
ibr-1_ibr-46_1.txt 1024 1456241856 1456241856
ibr-1_ibr-46_2.txt 1024 1456242646 1456242646
ibr-1_ibr-46_3.txt 1024 1456242706 1456242706
ibr-1_ibr-46_4.txt 1024 1456244006 1456244006
ibr-1_ibr-51_1.txt 1024 1456242846 1456242846
ibr-1_ibr-51_2.txt 1024 1456242856 1456242856
ibr-1_ibr-56_1.txt 1024 1456241786 1456241786
ibr-1_ibr-56_2.txt 1024 1456242286 1456242286
ibr-1_ibr-56_3.txt 1024 1456242356 1456242356
ibr-1_ibr-56_4.txt 1024 1456242366 1456242366
ibr-1_ibr-56_5.txt 1024 1456242536 1456242536
ibr-1_ibr-56_6.txt 1024 1456243096 1456243096
ibr-1_ibr-56_7.txt 1024 1456243356 1456243356
ibr-1_ibr-6_1.txt 1024 1456241566 1456241566
ibr-1_ibr-6_2.txt 1024 1456241946 1456241946
ibr-1_ibr-6_3.txt 1024 1456242066 1456242066
ibr-1_ibr-6_4.txt 1024 1456242226 1456242226
ibr-1_ibr-6_5.txt 1024 1456242546 1456242546
ibr-1_ibr-6_6.txt 1024 1456243726 1456243726
ibr-1_ibr-6_7.txt 1024 1456244076 1456244076
ibr-20_ibr-10_1.txt 1024 1456243611 1456243611
ibr-20_ibr-15_1.txt 1024 1456241791 1456241791
ibr-20_ibr-17_1.txt 1024 1456241811 1456241811
ibr-20_ibr-17_2.txt 1024 1456243781 1456243781
ibr-20_ibr-23_1.txt 1024 1456242781 1456242781
ibr-20_ibr-28_1.txt 1024 1456243281 1456243281
ibr-20_ibr-31_1.txt 1024 1456242551 1456242551
ibr-20_ibr-3_1.txt 1024 1456243671 1456243671
ibr-20_ibr-34_1.txt 1024 1456241521 1456241521
ibr-20_ibr-4_1.txt 1024 1456241301 1456241301
ibr-20_ibr-47_1.txt 1024 1456241911 1456241911
ibr-20_ibr-47_2.txt 1024 1456242131 1456242131
ibr-20_ibr-50_1.txt 1024 1456241451 1456241451
ibr-20_ibr-52_1.txt 1024 1456241841 1456241841
ibr-20_ibr-55_1.txt 1024 1456241541 1456241541
ibr-20_ibr-56_1.txt 1024 1456242341 1456242341
ibr-21_ibr-11_1.txt 1024 1456241606 1456241606
ibr-21_ibr-11_2.txt 1024 1456242086 1456242086
ibr-21_ibr-11_3.txt 1024 1456243176 1456243176
ibr-21_ibr-11_4.txt 1024 1456243396 1456243396
ibr-21_ibr-1_1.txt 1024 1456241386 1456241386
ibr-21_ibr-1_2.txt 1024 1456242656 1456242656
ibr-21_ibr-1_3.txt 1024 1456243006 1456243006
ibr-21_ibr-14_1.txt 1024 1456242941 1456242941
ibr-21_ibr-1_4.txt 1024 1456243236 1456243236
ibr-21_ibr-1_5.txt 1024 1456243346 1456243346
ibr-21_ibr-16_1.txt 1024 1456241816 1456241816
ibr-21_ibr-16_2.txt 1024 1456241956 1456241956
ibr-21_ibr-16_3.txt 1024 1456242316 1456242316
ibr-21_ibr-16_4.txt 1024 1456242416 1456242416
ibr-21_ibr-16_5.txt 1024 1456242586 1456242586
ibr-21_ibr-16_6.txt 1024 1456242666 1456242666
ibr-21_ibr-16_7.txt 1024 1456242896 1456242896
ibr-21_ibr-16_8.txt 1024 1456243511 1456243511
ibr-21_ibr-16_9.txt 1024 1456243616 1456243616
ibr-21_ibr-1_6.txt 1024 1456243516 1456243516
ibr-21_ibr-18_1.txt 1024 1456242921 1456242921
ibr-21_ibr-26_1.txt 1024 1456241636 1456241636
ibr-21_ibr-26_2.txt 1024 1456243146 1456243146
ibr-21_ibr-26_3.txt 1024 1456243216 1456243216
ibr-21_ibr-26_4.txt 1024 1456243376 1456243376
ibr-21_ibr-31_1.txt 1024 1456241246 1456241246
ibr-21_ibr-31_2.txt 1024 1456241501 1456241501
ibr-21_ibr-31_3.txt 1024 1456241756 1456241756
ibr-21_ibr-31_4.txt 1024 1456241846 1456241846
ibr-21_ibr-31_5.txt 1024 1456243246 1456243246
ibr-21_ibr-31_6.txt 1024 1456243466 1456243466
ibr-21_ibr-31_7.txt 1024 1456243856 1456243856
ibr-21_ibr-34_1.txt 1024 1456242821 1456242821
ibr-21_ibr-36_1.txt 1024 1456241666 1456241666
ibr-21_ibr-36_2.txt 1024 1456241786 1456241786
ibr-21_ibr-36_3.txt 1024 1456242356 1456242356
ibr-21_ibr-36_4.txt 1024 1456242566 1456242566
ibr-21_ibr-36_5.txt 1024 1456242596 1456242596
ibr-21_ibr-36_6.txt 1024 1456242886 1456242886
ibr-21_ibr-36_7.txt 1024 1456243291 1456243291
ibr-21_ibr-39_1.txt 1024 1456242901 1456242901
ibr-21_ibr-41_1.txt 1024 1456241556 1456241556
ibr-21_ibr-41_2.txt 1024 1456241766 1456241766
ibr-21_ibr-41_3.txt 1024 1456242076 1456242076
ibr-21_ibr-41_4.txt 1024 1456243786 1456243786
ibr-21_ibr-41_5.txt 1024 1456243826 1456243826
ibr-21_ibr-46_1.txt 1024 1456241306 1456241306
ibr-21_ibr-46_2.txt 1024 1456241586 1456241586
ibr-21_ibr-46_3.txt 1024 1456241696 1456241696
ibr-21_ibr-46_4.txt 1024 1456243406 1456243406
ibr-21_ibr-46_5.txt 1024 1456243566 1456243566
ibr-21_ibr-46_6.txt 1024 1456243576 1456243576
ibr-21_ibr-46_7.txt 1024 1456243821 1456243821
ibr-21_ibr-47_1.txt 1024 1456241171 1456241171
ibr-21_ibr-51_1.txt 1024 1456241646 1456241646
ibr-21_ibr-51_2.txt 1024 1456242276 1456242276
ibr-21_ibr-51_3.txt 1024 1456242296 1456242296
ibr-21_ibr-5_1.txt 1024 1456242471 1456242471
ibr-21_ibr-55_1.txt 1024 1456241831 1456241831
ibr-21_ibr-56_1.txt 1024 1456241116 1456241116
ibr-21_ibr-56_2.txt 1024 1456241336 1456241336
ibr-21_ibr-56_3.txt 1024 1456242406 1456242406
ibr-21_ibr-56_4.txt 1024 1456242946 1456242946
ibr-21_ibr-56_5.txt 1024 1456243366 1456243366
ibr-21_ibr-56_6.txt 1024 1456243946 1456243946
ibr-21_ibr-6_1.txt 1024 1456241166 1456241166
ibr-21_ibr-6_2.txt 1024 1456241186 1456241186
ibr-21_ibr-6_3.txt 1024 1456242156 1456242156
ibr-21_ibr-6_4.txt 1024 1456242516 1456242516
ibr-21_ibr-6_5.txt 1024 1456243746 1456243746
ibr-21_ibr-8_1.txt 1024 1456241131 1456241131
ibr-22_ibr-15_1.txt 1024 1456243141 1456243141
ibr-22_ibr-19_1.txt 1024 1456243841 1456243841
ibr-22_ibr-2_1.txt 1024 1456242591 1456242591
ibr-22_ibr-24_1.txt 1024 1456243081 1456243081
ibr-22_ibr-25_1.txt 1024 1456243951 1456243951
ibr-22_ibr-35_1.txt 1024 1456243271 1456243271
ibr-22_ibr-40_1.txt 1024 1456241451 1456241451
ibr-22_ibr-40_2.txt 1024 1456243491 1456243491
ibr-22_ibr-4_1.txt 1024 1456243801 1456243801
ibr-22_ibr-47_1.txt 1024 1456243731 1456243731
ibr-22_ibr-49_1.txt 1024 1456243431 1456243431
ibr-22_ibr-52_1.txt 1024 1456243941 1456243941
ibr-22_ibr-9_1.txt 1024 1456241141 1456241141
ibr-23_ibr-16_1.txt 1024 1456241151 1456241151
ibr-23_ibr-19_1.txt 1024 1456242221 1456242221
ibr-23_ibr-21_1.txt 1024 1456243221 1456243221
ibr-23_ibr-25_1.txt 1024 1456242341 1456242341
ibr-23_ibr-30_1.txt 1024 1456243451 1456243451
ibr-23_ibr-31_1.txt 1024 1456242211 1456242211
ibr-23_ibr-31_2.txt 1024 1456244091 1456244091
ibr-23_ibr-34_1.txt 1024 1456241261 1456241261
ibr-23_ibr-44_1.txt 1024 1456242601 1456242601
ibr-23_ibr-47_1.txt 1024 1456242201 1456242201
ibr-23_ibr-49_1.txt 1024 1456243641 1456243641
ibr-23_ibr-51_1.txt 1024 1456242851 1456242851
ibr-23_ibr-52_1.txt 1024 1456241501 1456241501
ibr-24_ibr-16_1.txt 1024 1456242811 1456242811
ibr-24_ibr-22_1.txt 1024 1456241881 1456241881
ibr-24_ibr-26_1.txt 1024 1456241271 1456241271
ibr-24_ibr-32_1.txt 1024 1456242871 1456242871
ibr-24_ibr-36_1.txt 1024 1456241381 1456241381
ibr-24_ibr-38_1.txt 1024 1456242801 1456242801
ibr-24_ibr-41_1.txt 1024 1456242131 1456242131
ibr-24_ibr-41_2.txt 1024 1456242351 1456242351
ibr-24_ibr-4_1.txt 1024 1456241531 1456241531
ibr-24_ibr-9_1.txt 1024 1456242071 1456242071
ibr-25_ibr-13_1.txt 1024 1456243981 1456243981
ibr-25_ibr-23_1.txt 1024 1456243231 1456243231
ibr-25_ibr-24_1.txt 1024 1456242651 1456242651
ibr-25_ibr-29_1.txt 1024 1456241271 1456241271
ibr-25_ibr-29_2.txt 1024 1456241471 1456241471
ibr-25_ibr-40_1.txt 1024 1456243141 1456243141
ibr-25_ibr-42_1.txt 1024 1456242821 1456242821
ibr-25_ibr-53_1.txt 1024 1456241421 1456241421
ibr-25_ibr-53_2.txt 1024 1456242451 1456242451
ibr-25_ibr-53_3.txt 1024 1456242851 1456242851
ibr-25_ibr-54_1.txt 1024 1456242461 1456242461
ibr-25_ibr-55_1.txt 1024 1456242071 1456242071
ibr-25_ibr-55_2.txt 1024 1456242741 1456242741
ibr-25_ibr-56_1.txt 1024 1456241321 1456241321
ibr-25_ibr-56_2.txt 1024 1456241341 1456241341
ibr-25_ibr-6_1.txt 1024 1456242371 1456242371
ibr-25_ibr-7_1.txt 1024 1456242521 1456242521
ibr-26_ibr-11_1.txt 1024 1456241276 1456241276
ibr-26_ibr-11_2.txt 1024 1456242166 1456242166
ibr-26_ibr-11_3.txt 1024 1456243066 1456243066
ibr-26_ibr-11_4.txt 1024 1456243126 1456243126
ibr-26_ibr-11_5.txt 1024 1456243196 1456243196
ibr-26_ibr-1_1.txt 1024 1456243916 1456243916
ibr-26_ibr-16_1.txt 1024 1456241796 1456241796
ibr-26_ibr-16_2.txt 1024 1456242136 1456242136
ibr-26_ibr-16_3.txt 1024 1456242146 1456242146
ibr-26_ibr-16_4.txt 1024 1456242286 1456242286
ibr-26_ibr-16_5.txt 1024 1456242926 1456242926
ibr-26_ibr-16_6.txt 1024 1456243426 1456243426
ibr-26_ibr-16_7.txt 1024 1456243606 1456243606
ibr-26_ibr-16_8.txt 1024 1456243816 1456243816
ibr-26_ibr-17_1.txt 1024 1456242151 1456242151
ibr-26_ibr-19_1.txt 1024 1456242421 1456242421
ibr-26_ibr-20_1.txt 1024 1456242291 1456242291
ibr-26_ibr-21_1.txt 1024 1456241446 1456241446
ibr-26_ibr-21_2.txt 1024 1456241776 1456241776
ibr-26_ibr-21_3.txt 1024 1456241996 1456241996
ibr-26_ibr-21_4.txt 1024 1456242156 1456242156
ibr-26_ibr-21_5.txt 1024 1456242636 1456242636
ibr-26_ibr-21_6.txt 1024 1456243466 1456243466
ibr-26_ibr-21_7.txt 1024 1456243926 1456243926
ibr-26_ibr-23_1.txt 1024 1456244081 1456244081
ibr-26_ibr-31_1.txt 1024 1456241426 1456241426
ibr-26_ibr-31_2.txt 1024 1456241846 1456241846
ibr-26_ibr-31_3.txt 1024 1456241991 1456241991
ibr-26_ibr-31_4.txt 1024 1456242016 1456242016
ibr-26_ibr-31_5.txt 1024 1456242456 1456242456
ibr-26_ibr-31_6.txt 1024 1456243886 1456243886
ibr-26_ibr-35_1.txt 1024 1456241201 1456241201
ibr-26_ibr-36_1.txt 1024 1456241686 1456241686
ibr-26_ibr-36_2.txt 1024 1456243176 1456243176
ibr-26_ibr-36_3.txt 1024 1456243586 1456243586
ibr-26_ibr-36_4.txt 1024 1456243726 1456243726
ibr-26_ibr-37_1.txt 1024 1456241641 1456241641
ibr-26_ibr-41_1.txt 1024 1456241226 1456241226
ibr-26_ibr-41_2.txt 1024 1456241236 1456241236
ibr-26_ibr-41_3.txt 1024 1456241476 1456241476
ibr-26_ibr-41_4.txt 1024 1456241666 1456241666
ibr-26_ibr-41_5.txt 1024 1456242476 1456242476
ibr-26_ibr-41_6.txt 1024 1456243276 1456243276
ibr-26_ibr-41_7.txt 1024 1456243311 1456243311
ibr-26_ibr-41_8.txt 1024 1456243346 1456243346
ibr-26_ibr-42_1.txt 1024 1456242251 1456242251
ibr-26_ibr-46_1.txt 1024 1456241346 1456241346
ibr-26_ibr-46_2.txt 1024 1456241696 1456241696
ibr-26_ibr-46_3.txt 1024 1456242436 1456242436
ibr-26_ibr-46_4.txt 1024 1456243286 1456243286
ibr-26_ibr-47_1.txt 1024 1456242811 1456242811
ibr-26_ibr-48_1.txt 1024 1456241671 1456241671
ibr-26_ibr-51_1.txt 1024 1456241896 1456241896
ibr-26_ibr-51_2.txt 1024 1456242566 1456242566
ibr-26_ibr-51_3.txt 1024 1456242976 1456242976
ibr-26_ibr-51_4.txt 1024 1456243556 1456243556
ibr-26_ibr-51_5.txt 1024 1456243646 1456243646
ibr-26_ibr-51_6.txt 1024 1456243786 1456243786
ibr-26_ibr-52_1.txt 1024 1456241711 1456241711
ibr-26_ibr-52_2.txt 1024 1456242581 1456242581
ibr-26_ibr-53_1.txt 1024 1456243391 1456243391
ibr-26_ibr-56_1.txt 1024 1456241466 1456241466
ibr-26_ibr-56_2.txt 1024 1456243016 1456243016
ibr-26_ibr-56_3.txt 1024 1456243456 1456243456
ibr-26_ibr-6_1.txt 1024 1456242466 1456242466
ibr-26_ibr-6_2.txt 1024 1456242876 1456242876
ibr-26_ibr-6_3.txt 1024 1456243446 1456243446
ibr-26_ibr-6_4.txt 1024 1456243876 1456243876
ibr-26_ibr-6_5.txt 1024 1456244046 1456244046
ibr-26_ibr-6_6.txt 1024 1456244096 1456244096
ibr-26_ibr-8_1.txt 1024 1456241181 1456241181
ibr-27_ibr-16_1.txt 1024 1456242261 1456242261
ibr-27_ibr-33_1.txt 1024 1456241801 1456241801
ibr-27_ibr-33_2.txt 1024 1456243011 1456243011
ibr-27_ibr-37_1.txt 1024 1456243431 1456243431
ibr-27_ibr-47_1.txt 1024 1456242281 1456242281
ibr-27_ibr-51_1.txt 1024 1456243811 1456243811
ibr-28_ibr-10_1.txt 1024 1456244071 1456244071
ibr-28_ibr-17_1.txt 1024 1456242181 1456242181
ibr-28_ibr-18_1.txt 1024 1456243581 1456243581
ibr-28_ibr-27_1.txt 1024 1456243901 1456243901
ibr-28_ibr-3_1.txt 1024 1456242511 1456242511
ibr-28_ibr-34_1.txt 1024 1456244091 1456244091
ibr-28_ibr-4_1.txt 1024 1456243061 1456243061
ibr-28_ibr-42_1.txt 1024 1456241651 1456241651
ibr-28_ibr-42_2.txt 1024 1456242931 1456242931
ibr-28_ibr-48_1.txt 1024 1456243861 1456243861
ibr-28_ibr-51_1.txt 1024 1456242581 1456242581
ibr-28_ibr-56_1.txt 1024 1456243691 1456243691
ibr-28_ibr-9_1.txt 1024 1456243991 1456243991
ibr-29_ibr-20_1.txt 1024 1456243911 1456243911
ibr-29_ibr-2_1.txt 1024 1456241791 1456241791
ibr-29_ibr-39_1.txt 1024 1456243001 1456243001
ibr-29_ibr-47_1.txt 1024 1456242961 1456242961
ibr-29_ibr-5_1.txt 1024 1456241701 1456241701
ibr-29_ibr-52_1.txt 1024 1456241991 1456241991
ibr-29_ibr-52_2.txt 1024 1456242431 1456242431
ibr-2_ibr-14_1.txt 1024 1456242001 1456242001
ibr-2_ibr-29_1.txt 1024 1456241641 1456241641
ibr-2_ibr-30_1.txt 1024 1456241731 1456241731
ibr-2_ibr-42_1.txt 1024 1456242051 1456242051
ibr-2_ibr-48_1.txt 1024 1456242141 1456242141
ibr-2_ibr-48_2.txt 1024 1456242361 1456242361
ibr-2_ibr-50_1.txt 1024 1456241621 1456241621
ibr-2_ibr-53_1.txt 1024 1456241721 1456241721
ibr-2_ibr-54_1.txt 1024 1456241961 1456241961
ibr-2_ibr-7_1.txt 1024 1456242861 1456242861
ibr-2_ibr-7_2.txt 1024 1456243681 1456243681
ibr-30_ibr-17_1.txt 1024 1456241781 1456241781
ibr-30_ibr-18_1.txt 1024 1456241211 1456241211
ibr-30_ibr-24_1.txt 1024 1456243981 1456243981
ibr-30_ibr-36_1.txt 1024 1456242641 1456242641
ibr-30_ibr-40_1.txt 1024 1456241741 1456241741
ibr-30_ibr-41_1.txt 1024 1456242921 1456242921
ibr-30_ibr-44_1.txt 1024 1456242331 1456242331
ibr-30_ibr-45_1.txt 1024 1456242731 1456242731
ibr-30_ibr-50_1.txt 1024 1456242691 1456242691
ibr-30_ibr-50_2.txt 1024 1456244041 1456244041
ibr-31_ibr-11_1.txt 1024 1456241916 1456241916
ibr-31_ibr-11_2.txt 1024 1456242736 1456242736
ibr-31_ibr-11_3.txt 1024 1456243696 1456243696
ibr-31_ibr-11_4.txt 1024 1456244066 1456244066
ibr-31_ibr-1_1.txt 1024 1456241176 1456241176
ibr-31_ibr-1_2.txt 1024 1456242126 1456242126
ibr-31_ibr-1_3.txt 1024 1456242586 1456242586
ibr-31_ibr-1_4.txt 1024 1456243186 1456243186
ibr-31_ibr-1_5.txt 1024 1456243416 1456243416
ibr-31_ibr-16_1.txt 1024 1456242316 1456242316
ibr-31_ibr-16_2.txt 1024 1456242616 1456242616
ibr-31_ibr-16_3.txt 1024 1456243866 1456243866
ibr-31_ibr-20_1.txt 1024 1456241311 1456241311
ibr-31_ibr-20_2.txt 1024 1456242601 1456242601
ibr-31_ibr-21_1.txt 1024 1456241796 1456241796
ibr-31_ibr-21_2.txt 1024 1456242746 1456242746
ibr-31_ibr-21_3.txt 1024 1456242796 1456242796
ibr-31_ibr-21_4.txt 1024 1456244046 1456244046
ibr-31_ibr-26_1.txt 1024 1456241476 1456241476
ibr-31_ibr-26_2.txt 1024 1456241626 1456241626
ibr-31_ibr-26_3.txt 1024 1456241921 1456241921
ibr-31_ibr-26_4.txt 1024 1456242036 1456242036
ibr-31_ibr-26_5.txt 1024 1456242206 1456242206
ibr-31_ibr-26_6.txt 1024 1456243166 1456243166
ibr-31_ibr-26_7.txt 1024 1456243256 1456243256
ibr-31_ibr-26_8.txt 1024 1456243816 1456243816
ibr-31_ibr-26_9.txt 1024 1456243976 1456243976
ibr-31_ibr-33_1.txt 1024 1456241261 1456241261
ibr-31_ibr-34_1.txt 1024 1456241571 1456241571
ibr-31_ibr-35_1.txt 1024 1456243521 1456243521
ibr-31_ibr-36_1.txt 1024 1456241456 1456241456
ibr-31_ibr-36_2.txt 1024 1456241586 1456241586
ibr-31_ibr-36_3.txt 1024 1456241826 1456241826
ibr-31_ibr-36_4.txt 1024 1456243086 1456243086
ibr-31_ibr-36_5.txt 1024 1456243626 1456243626
ibr-31_ibr-36_6.txt 1024 1456244056 1456244056
ibr-31_ibr-38_1.txt 1024 1456243501 1456243501
ibr-31_ibr-41_10.txt 1024 1456244036 1456244036
ibr-31_ibr-41_1.txt 1024 1456241151 1456241151
ibr-31_ibr-41_2.txt 1024 1456241196 1456241196
ibr-31_ibr-41_3.txt 1024 1456241746 1456241746
ibr-31_ibr-41_4.txt 1024 1456242026 1456242026
ibr-31_ibr-41_5.txt 1024 1456242266 1456242266
ibr-31_ibr-41_6.txt 1024 1456242826 1456242826
ibr-31_ibr-41_7.txt 1024 1456243356 1456243356
ibr-31_ibr-41_8.txt 1024 1456243566 1456243566
ibr-31_ibr-41_9.txt 1024 1456243706 1456243706
ibr-31_ibr-46_1.txt 1024 1456241436 1456241436
ibr-31_ibr-46_2.txt 1024 1456241596 1456241596
ibr-31_ibr-46_3.txt 1024 1456242056 1456242056
ibr-31_ibr-46_4.txt 1024 1456242106 1456242106
ibr-31_ibr-46_5.txt 1024 1456242166 1456242166
ibr-31_ibr-46_6.txt 1024 1456242246 1456242246
ibr-31_ibr-46_7.txt 1024 1456242676 1456242676
ibr-31_ibr-46_8.txt 1024 1456243046 1456243046
ibr-31_ibr-46_9.txt 1024 1456243316 1456243316
ibr-31_ibr-51_1.txt 1024 1456243236 1456243236
ibr-31_ibr-54_1.txt 1024 1456241931 1456241931
ibr-31_ibr-56_1.txt 1024 1456241556 1456241556
ibr-31_ibr-56_2.txt 1024 1456242016 1456242016
ibr-31_ibr-56_3.txt 1024 1456242311 1456242311
ibr-31_ibr-56_4.txt 1024 1456242936 1456242936
ibr-31_ibr-6_1.txt 1024 1456241316 1456241316
ibr-31_ibr-6_2.txt 1024 1456241376 1456241376
ibr-31_ibr-6_3.txt 1024 1456242086 1456242086
ibr-31_ibr-6_4.txt 1024 1456242256 1456242256
ibr-31_ibr-6_5.txt 1024 1456242836 1456242836
ibr-31_ibr-6_6.txt 1024 1456243966 1456243966
ibr-32_ibr-12_1.txt 1024 1456243271 1456243271
ibr-32_ibr-16_1.txt 1024 1456242521 1456242521
ibr-32_ibr-19_1.txt 1024 1456242641 1456242641
ibr-32_ibr-21_1.txt 1024 1456241631 1456241631
ibr-32_ibr-40_1.txt 1024 1456241121 1456241121
ibr-32_ibr-50_1.txt 1024 1456242721 1456242721
ibr-32_ibr-54_1.txt 1024 1456242461 1456242461
ibr-33_ibr-13_1.txt 1024 1456243861 1456243861
ibr-33_ibr-14_1.txt 1024 1456242831 1456242831
ibr-33_ibr-19_1.txt 1024 1456242441 1456242441
ibr-33_ibr-20_1.txt 1024 1456241681 1456241681
ibr-33_ibr-22_1.txt 1024 1456241431 1456241431
ibr-33_ibr-31_1.txt 1024 1456242501 1456242501
ibr-33_ibr-34_1.txt 1024 1456243781 1456243781
ibr-33_ibr-39_1.txt 1024 1456243321 1456243321
ibr-33_ibr-4_1.txt 1024 1456242901 1456242901
ibr-33_ibr-43_1.txt 1024 1456241281 1456241281
ibr-33_ibr-46_1.txt 1024 1456243241 1456243241
ibr-33_ibr-47_1.txt 1024 1456243971 1456243971
ibr-33_ibr-48_1.txt 1024 1456243191 1456243191
ibr-33_ibr-49_1.txt 1024 1456243511 1456243511
ibr-33_ibr-53_1.txt 1024 1456241491 1456241491
ibr-33_ibr-56_1.txt 1024 1456241191 1456241191
ibr-34_ibr-18_1.txt 1024 1456244071 1456244071
ibr-34_ibr-20_1.txt 1024 1456241431 1456241431
ibr-34_ibr-20_2.txt 1024 1456243631 1456243631
ibr-34_ibr-22_1.txt 1024 1456242481 1456242481
ibr-34_ibr-23_1.txt 1024 1456242301 1456242301
ibr-34_ibr-25_1.txt 1024 1456243151 1456243151
ibr-34_ibr-26_1.txt 1024 1456241311 1456241311
ibr-34_ibr-38_1.txt 1024 1456243021 1456243021
ibr-34_ibr-39_1.txt 1024 1456242701 1456242701
ibr-34_ibr-4_1.txt 1024 1456243301 1456243301
ibr-34_ibr-48_1.txt 1024 1456242381 1456242381
ibr-34_ibr-50_1.txt 1024 1456242791 1456242791
ibr-34_ibr-9_1.txt 1024 1456242831 1456242831
ibr-35_ibr-10_1.txt 1024 1456241361 1456241361
ibr-35_ibr-17_1.txt 1024 1456243961 1456243961
ibr-35_ibr-23_1.txt 1024 1456241281 1456241281
ibr-35_ibr-29_1.txt 1024 1456242661 1456242661
ibr-35_ibr-33_1.txt 1024 1456241111 1456241111
ibr-35_ibr-8_1.txt 1024 1456243201 1456243201
ibr-36_ibr-10_1.txt 1024 1456241481 1456241481
ibr-36_ibr-11_1.txt 1024 1456241926 1456241926
ibr-36_ibr-11_2.txt 1024 1456242536 1456242536
ibr-36_ibr-11_3.txt 1024 1456242726 1456242726
ibr-36_ibr-11_4.txt 1024 1456242971 1456242971
ibr-36_ibr-11_5.txt 1024 1456243476 1456243476
ibr-36_ibr-1_1.txt 1024 1456241906 1456241906
ibr-36_ibr-1_2.txt 1024 1456242786 1456242786
ibr-36_ibr-1_3.txt 1024 1456243306 1456243306
ibr-36_ibr-1_4.txt 1024 1456243996 1456243996
ibr-36_ibr-16_1.txt 1024 1456241826 1456241826
ibr-36_ibr-16_2.txt 1024 1456241966 1456241966
ibr-36_ibr-16_3.txt 1024 1456242426 1456242426
ibr-36_ibr-16_4.txt 1024 1456243506 1456243506
ibr-36_ibr-16_5.txt 1024 1456243526 1456243526
ibr-36_ibr-16_6.txt 1024 1456243701 1456243701
ibr-36_ibr-16_7.txt 1024 1456243866 1456243866
ibr-36_ibr-21_1.txt 1024 1456242091 1456242091
ibr-36_ibr-21_2.txt 1024 1456243746 1456243746
ibr-36_ibr-21_3.txt 1024 1456243886 1456243886
ibr-36_ibr-25_1.txt 1024 1456243711 1456243711
ibr-36_ibr-26_1.txt 1024 1456241206 1456241206
ibr-36_ibr-26_2.txt 1024 1456241576 1456241576
ibr-36_ibr-26_3.txt 1024 1456241626 1456241626
ibr-36_ibr-26_4.txt 1024 1456243656 1456243656
ibr-36_ibr-31_1.txt 1024 1456241916 1456241916
ibr-36_ibr-31_2.txt 1024 1456242216 1456242216
ibr-36_ibr-31_3.txt 1024 1456242526 1456242526
ibr-36_ibr-31_4.txt 1024 1456242906 1456242906
ibr-36_ibr-31_5.txt 1024 1456243166 1456243166
ibr-36_ibr-31_6.txt 1024 1456244016 1456244016
ibr-36_ibr-41_1.txt 1024 1456241266 1456241266
ibr-36_ibr-41_2.txt 1024 1456241886 1456241886
ibr-36_ibr-41_3.txt 1024 1456241996 1456241996
ibr-36_ibr-41_4.txt 1024 1456243386 1456243386
ibr-36_ibr-42_1.txt 1024 1456241461 1456241461
ibr-36_ibr-46_1.txt 1024 1456241486 1456241486
ibr-36_ibr-46_2.txt 1024 1456242756 1456242756
ibr-36_ibr-46_3.txt 1024 1456243411 1456243411
ibr-36_ibr-46_4.txt 1024 1456243496 1456243496
ibr-36_ibr-46_5.txt 1024 1456243586 1456243586
ibr-36_ibr-46_6.txt 1024 1456243596 1456243596
ibr-36_ibr-50_1.txt 1024 1456243721 1456243721
ibr-36_ibr-51_1.txt 1024 1456241976 1456241976
ibr-36_ibr-51_2.txt 1024 1456242186 1456242186
ibr-36_ibr-51_3.txt 1024 1456242336 1456242336
ibr-36_ibr-51_4.txt 1024 1456242946 1456242946
ibr-36_ibr-51_5.txt 1024 1456243196 1456243196
ibr-36_ibr-51_6.txt 1024 1456243636 1456243636
ibr-36_ibr-51_7.txt 1024 1456243666 1456243666
ibr-36_ibr-51_8.txt 1024 1456244026 1456244026
ibr-36_ibr-53_1.txt 1024 1456241381 1456241381
ibr-36_ibr-56_1.txt 1024 1456241356 1456241356
ibr-36_ibr-56_2.txt 1024 1456241466 1456241466
ibr-36_ibr-56_3.txt 1024 1456241546 1456241546
ibr-36_ibr-56_4.txt 1024 1456241646 1456241646
ibr-36_ibr-56_5.txt 1024 1456241706 1456241706
ibr-36_ibr-56_6.txt 1024 1456242046 1456242046
ibr-36_ibr-56_7.txt 1024 1456242396 1456242396
ibr-36_ibr-56_8.txt 1024 1456242496 1456242496
ibr-36_ibr-56_9.txt 1024 1456243766 1456243766
ibr-36_ibr-6_1.txt 1024 1456241126 1456241126
ibr-36_ibr-6_2.txt 1024 1456243106 1456243106
ibr-36_ibr-6_3.txt 1024 1456243796 1456243796
ibr-37_ibr-11_1.txt 1024 1456242411 1456242411
ibr-37_ibr-19_1.txt 1024 1456241751 1456241751
ibr-37_ibr-23_1.txt 1024 1456242691 1456242691
ibr-37_ibr-41_1.txt 1024 1456242891 1456242891
ibr-37_ibr-4_1.txt 1024 1456242561 1456242561
ibr-37_ibr-42_1.txt 1024 1456242081 1456242081
ibr-37_ibr-7_1.txt 1024 1456242661 1456242661
ibr-38_ibr-12_1.txt 1024 1456243091 1456243091
ibr-38_ibr-20_1.txt 1024 1456242261 1456242261
ibr-38_ibr-32_1.txt 1024 1456241951 1456241951
ibr-38_ibr-39_1.txt 1024 1456241241 1456241241
ibr-38_ibr-42_1.txt 1024 1456242681 1456242681
ibr-38_ibr-45_1.txt 1024 1456241851 1456241851
ibr-38_ibr-45_2.txt 1024 1456243331 1456243331
ibr-38_ibr-46_1.txt 1024 1456241801 1456241801
ibr-38_ibr-47_1.txt 1024 1456242891 1456242891
ibr-38_ibr-48_1.txt 1024 1456241981 1456241981
ibr-38_ibr-51_1.txt 1024 1456243651 1456243651
ibr-38_ibr-55_1.txt 1024 1456243561 1456243561
ibr-39_ibr-13_1.txt 1024 1456243661 1456243661
ibr-39_ibr-15_1.txt 1024 1456241821 1456241821
ibr-39_ibr-23_1.txt 1024 1456242371 1456242371
ibr-39_ibr-29_1.txt 1024 1456243871 1456243871
ibr-39_ibr-41_1.txt 1024 1456242171 1456242171
ibr-39_ibr-50_1.txt 1024 1456243541 1456243541
ibr-39_ibr-52_1.txt 1024 1456241951 1456241951
ibr-39_ibr-54_1.txt 1024 1456242351 1456242351
ibr-39_ibr-6_1.txt 1024 1456243211 1456243211
ibr-39_ibr-6_2.txt 1024 1456243291 1456243291
ibr-3_ibr-10_1.txt 1024 1456243441 1456243441
ibr-3_ibr-12_1.txt 1024 1456241321 1456241321
ibr-3_ibr-18_1.txt 1024 1456243801 1456243801
ibr-3_ibr-39_1.txt 1024 1456243121 1456243121
ibr-3_ibr-4_1.txt 1024 1456241811 1456241811
ibr-3_ibr-45_1.txt 1024 1456243831 1456243831
ibr-3_ibr-49_1.txt 1024 1456243311 1456243311
ibr-3_ibr-5_1.txt 1024 1456242321 1456242321
ibr-40_ibr-14_1.txt 1024 1456241331 1456241331
ibr-40_ibr-26_1.txt 1024 1456241201 1456241201
ibr-40_ibr-27_1.txt 1024 1456242391 1456242391
ibr-40_ibr-31_1.txt 1024 1456243051 1456243051
ibr-40_ibr-3_1.txt 1024 1456241741 1456241741
ibr-40_ibr-32_1.txt 1024 1456243651 1456243651
ibr-40_ibr-34_1.txt 1024 1456243151 1456243151
ibr-40_ibr-35_1.txt 1024 1456241511 1456241511
ibr-40_ibr-37_1.txt 1024 1456243161 1456243161
ibr-40_ibr-38_1.txt 1024 1456242981 1456242981
ibr-40_ibr-39_1.txt 1024 1456243121 1456243121
ibr-40_ibr-4_1.txt 1024 1456242571 1456242571
ibr-40_ibr-42_1.txt 1024 1456243561 1456243561
ibr-40_ibr-48_1.txt 1024 1456241611 1456241611
ibr-41_ibr-10_1.txt 1024 1456241351 1456241351
ibr-41_ibr-10_2.txt 1024 1456243791 1456243791
ibr-41_ibr-11_1.txt 1024 1456241396 1456241396
ibr-41_ibr-11_2.txt 1024 1456242526 1456242526
ibr-41_ibr-11_3.txt 1024 1456243736 1456243736
ibr-41_ibr-11_4.txt 1024 1456243846 1456243846
ibr-41_ibr-1_1.txt 1024 1456241936 1456241936
ibr-41_ibr-1_2.txt 1024 1456242226 1456242226
ibr-41_ibr-1_3.txt 1024 1456243676 1456243676
ibr-41_ibr-1_4.txt 1024 1456243776 1456243776
ibr-41_ibr-16_1.txt 1024 1456242756 1456242756
ibr-41_ibr-16_2.txt 1024 1456242826 1456242826
ibr-41_ibr-16_3.txt 1024 1456242886 1456242886
ibr-41_ibr-16_4.txt 1024 1456243946 1456243946
ibr-41_ibr-16_5.txt 1024 1456244086 1456244086
ibr-41_ibr-19_1.txt 1024 1456241861 1456241861
ibr-41_ibr-21_1.txt 1024 1456241216 1456241216
ibr-41_ibr-21_2.txt 1024 1456241456 1456241456
ibr-41_ibr-21_3.txt 1024 1456241506 1456241506
ibr-41_ibr-21_4.txt 1024 1456242556 1456242556
ibr-41_ibr-21_5.txt 1024 1456242866 1456242866
ibr-41_ibr-21_6.txt 1024 1456242966 1456242966
ibr-41_ibr-21_7.txt 1024 1456243436 1456243436
ibr-41_ibr-21_8.txt 1024 1456243596 1456243596
ibr-41_ibr-25_1.txt 1024 1456244021 1456244021
ibr-41_ibr-30_1.txt 1024 1456243361 1456243361
ibr-41_ibr-31_1.txt 1024 1456242326 1456242326
ibr-41_ibr-31_2.txt 1024 1456242456 1456242456
ibr-41_ibr-31_3.txt 1024 1456242486 1456242486
ibr-41_ibr-36_1.txt 1024 1456242046 1456242046
ibr-41_ibr-36_2.txt 1024 1456242246 1456242246
ibr-41_ibr-36_3.txt 1024 1456243706 1456243706
ibr-41_ibr-37_1.txt 1024 1456242631 1456242631
ibr-41_ibr-43_1.txt 1024 1456242001 1456242001
ibr-41_ibr-46_1.txt 1024 1456241156 1456241156
ibr-41_ibr-46_2.txt 1024 1456241236 1456241236
ibr-41_ibr-46_3.txt 1024 1456242096 1456242096
ibr-41_ibr-46_4.txt 1024 1456242256 1456242256
ibr-41_ibr-46_5.txt 1024 1456242796 1456242796
ibr-41_ibr-46_6.txt 1024 1456243336 1456243336
ibr-41_ibr-51_1.txt 1024 1456241956 1456241956
ibr-41_ibr-51_2.txt 1024 1456242816 1456242816
ibr-41_ibr-51_3.txt 1024 1456243116 1456243116
ibr-41_ibr-51_4.txt 1024 1456243136 1456243136
ibr-41_ibr-51_5.txt 1024 1456244076 1456244076
ibr-41_ibr-56_1.txt 1024 1456241286 1456241286
ibr-41_ibr-56_2.txt 1024 1456241376 1456241376
ibr-41_ibr-56_3.txt 1024 1456241986 1456241986
ibr-41_ibr-56_4.txt 1024 1456243026 1456243026
ibr-41_ibr-56_5.txt 1024 1456243096 1456243096
ibr-41_ibr-56_6.txt 1024 1456243326 1456243326
ibr-41_ibr-56_7.txt 1024 1456243751 1456243751
ibr-41_ibr-56_8.txt 1024 1456243806 1456243806
ibr-41_ibr-6_1.txt 1024 1456242006 1456242006
ibr-41_ibr-6_2.txt 1024 1456242116 1456242116
ibr-41_ibr-6_3.txt 1024 1456243456 1456243456
ibr-41_ibr-6_4.txt 1024 1456243936 1456243936
ibr-42_ibr-14_1.txt 1024 1456241461 1456241461
ibr-42_ibr-24_1.txt 1024 1456242291 1456242291
ibr-42_ibr-25_1.txt 1024 1456242481 1456242481
ibr-42_ibr-26_1.txt 1024 1456243901 1456243901
ibr-42_ibr-29_1.txt 1024 1456243101 1456243101
ibr-42_ibr-33_1.txt 1024 1456242941 1456242941
ibr-42_ibr-35_1.txt 1024 1456242221 1456242221
ibr-42_ibr-37_1.txt 1024 1456243691 1456243691
ibr-42_ibr-44_1.txt 1024 1456241181 1456241181
ibr-42_ibr-44_2.txt 1024 1456241871 1456241871
ibr-42_ibr-50_1.txt 1024 1456243531 1456243531
ibr-42_ibr-5_1.txt 1024 1456242381 1456242381
ibr-43_ibr-12_1.txt 1024 1456243951 1456243951
ibr-43_ibr-19_1.txt 1024 1456241591 1456241591
ibr-43_ibr-28_1.txt 1024 1456242621 1456242621
ibr-43_ibr-4_1.txt 1024 1456242971 1456242971
ibr-43_ibr-42_1.txt 1024 1456243381 1456243381
ibr-43_ibr-48_1.txt 1024 1456243601 1456243601
ibr-43_ibr-55_1.txt 1024 1456241901 1456241901
ibr-43_ibr-7_1.txt 1024 1456244011 1456244011
ibr-44_ibr-12_1.txt 1024 1456241361 1456241361
ibr-44_ibr-15_1.txt 1024 1456243991 1456243991
ibr-44_ibr-19_1.txt 1024 1456241761 1456241761
ibr-44_ibr-21_1.txt 1024 1456243851 1456243851
ibr-44_ibr-23_1.txt 1024 1456241441 1456241441
ibr-44_ibr-27_1.txt 1024 1456242141 1456242141
ibr-44_ibr-35_1.txt 1024 1456242361 1456242361
ibr-44_ibr-36_1.txt 1024 1456242041 1456242041
ibr-44_ibr-39_1.txt 1024 1456242161 1456242161
ibr-44_ibr-4_1.txt 1024 1456243031 1456243031
ibr-44_ibr-4_2.txt 1024 1456243391 1456243391
ibr-44_ibr-51_1.txt 1024 1456244081 1456244081
ibr-44_ibr-53_1.txt 1024 1456243721 1456243721
ibr-45_ibr-17_1.txt 1024 1456243881 1456243881
ibr-45_ibr-22_1.txt 1024 1456243611 1456243611
ibr-45_ibr-31_1.txt 1024 1456241401 1456241401
ibr-45_ibr-32_1.txt 1024 1456242151 1456242151
ibr-45_ibr-32_2.txt 1024 1456242981 1456242981
ibr-45_ibr-35_1.txt 1024 1456242101 1456242101
ibr-45_ibr-44_1.txt 1024 1456242651 1456242651
ibr-45_ibr-47_1.txt 1024 1456243161 1456243161
ibr-45_ibr-8_1.txt 1024 1456242021 1456242021
ibr-46_ibr-11_1.txt 1024 1456241706 1456241706
ibr-46_ibr-11_2.txt 1024 1456242516 1456242516
ibr-46_ibr-11_3.txt 1024 1456242806 1456242806
ibr-46_ibr-11_4.txt 1024 1456242976 1456242976
ibr-46_ibr-11_5.txt 1024 1456243696 1456243696
ibr-46_ibr-1_1.txt 1024 1456242136 1456242136
ibr-46_ibr-1_2.txt 1024 1456242476 1456242476
ibr-46_ibr-1_3.txt 1024 1456243076 1456243076
ibr-46_ibr-1_4.txt 1024 1456243856 1456243856
ibr-46_ibr-16_1.txt 1024 1456241386 1456241386
ibr-46_ibr-16_2.txt 1024 1456241906 1456241906
ibr-46_ibr-21_1.txt 1024 1456241856 1456241856
ibr-46_ibr-21_2.txt 1024 1456241946 1456241946
ibr-46_ibr-21_3.txt 1024 1456242446 1456242446
ibr-46_ibr-21_4.txt 1024 1456242816 1456242816
ibr-46_ibr-21_5.txt 1024 1456243106 1456243106
ibr-46_ibr-21_6.txt 1024 1456243146 1456243146
ibr-46_ibr-21_7.txt 1024 1456243666 1456243666
ibr-46_ibr-26_1.txt 1024 1456241231 1456241231
ibr-46_ibr-26_2.txt 1024 1456241256 1456241256
ibr-46_ibr-26_3.txt 1024 1456241736 1456241736
ibr-46_ibr-26_4.txt 1024 1456241886 1456241886
ibr-46_ibr-26_5.txt 1024 1456242076 1456242076
ibr-46_ibr-26_6.txt 1024 1456243556 1456243556
ibr-46_ibr-26_7.txt 1024 1456244036 1456244036
ibr-46_ibr-30_1.txt 1024 1456241171 1456241171
ibr-46_ibr-31_1.txt 1024 1456241816 1456241816
ibr-46_ibr-31_2.txt 1024 1456241866 1456241866
ibr-46_ibr-31_3.txt 1024 1456243136 1456243136
ibr-46_ibr-31_4.txt 1024 1456243826 1456243826
ibr-46_ibr-31_5.txt 1024 1456243876 1456243876
ibr-46_ibr-36_10.txt 1024 1456243936 1456243936
ibr-46_ibr-36_1.txt 1024 1456241396 1456241396
ibr-46_ibr-36_2.txt 1024 1456241516 1456241516
ibr-46_ibr-36_3.txt 1024 1456241726 1456241726
ibr-46_ibr-36_4.txt 1024 1456241836 1456241836
ibr-46_ibr-36_5.txt 1024 1456242346 1456242346
ibr-46_ibr-36_6.txt 1024 1456242466 1456242466
ibr-46_ibr-36_7.txt 1024 1456242916 1456242916
ibr-46_ibr-36_8.txt 1024 1456243476 1456243476
ibr-46_ibr-36_9.txt 1024 1456243896 1456243896
ibr-46_ibr-39_1.txt 1024 1456241161 1456241161
ibr-46_ibr-41_1.txt 1024 1456241806 1456241806
ibr-46_ibr-41_2.txt 1024 1456242096 1456242096
ibr-46_ibr-41_3.txt 1024 1456242236 1456242236
ibr-46_ibr-41_4.txt 1024 1456242496 1456242496
ibr-46_ibr-41_5.txt 1024 1456242686 1456242686
ibr-46_ibr-43_1.txt 1024 1456244061 1456244061
ibr-46_ibr-48_1.txt 1024 1456241291 1456241291
ibr-46_ibr-51_1.txt 1024 1456241166 1456241166
ibr-46_ibr-51_2.txt 1024 1456241226 1456241226
ibr-46_ibr-51_3.txt 1024 1456241776 1456241776
ibr-46_ibr-51_4.txt 1024 1456242986 1456242986
ibr-46_ibr-51_5.txt 1024 1456243156 1456243156
ibr-46_ibr-55_1.txt 1024 1456242031 1456242031
ibr-46_ibr-56_1.txt 1024 1456242386 1456242386
ibr-46_ibr-56_2.txt 1024 1456243286 1456243286
ibr-46_ibr-6_1.txt 1024 1456241536 1456241536
ibr-46_ibr-6_2.txt 1024 1456242491 1456242491
ibr-46_ibr-6_3.txt 1024 1456243036 1456243036
ibr-46_ibr-6_4.txt 1024 1456243326 1456243326
ibr-46_ibr-6_5.txt 1024 1456243676 1456243676
ibr-46_ibr-6_6.txt 1024 1456243906 1456243906
ibr-47_ibr-13_1.txt 1024 1456243471 1456243471
ibr-47_ibr-16_1.txt 1024 1456242231 1456242231
ibr-47_ibr-17_1.txt 1024 1456241941 1456241941
ibr-47_ibr-20_1.txt 1024 1456241161 1456241161
ibr-47_ibr-27_1.txt 1024 1456241721 1456241721
ibr-47_ibr-27_2.txt 1024 1456243171 1456243171
ibr-47_ibr-4_1.txt 1024 1456242841 1456242841
ibr-47_ibr-46_1.txt 1024 1456242251 1456242251
ibr-47_ibr-46_2.txt 1024 1456243871 1456243871
ibr-48_ibr-13_1.txt 1024 1456241761 1456241761
ibr-48_ibr-19_1.txt 1024 1456242861 1456242861
ibr-48_ibr-2_1.txt 1024 1456242011 1456242011
ibr-48_ibr-27_1.txt 1024 1456242911 1456242911
ibr-48_ibr-3_1.txt 1024 1456243841 1456243841
ibr-48_ibr-32_1.txt 1024 1456243421 1456243421
ibr-48_ibr-34_1.txt 1024 1456244001 1456244001
ibr-48_ibr-37_1.txt 1024 1456241601 1456241601
ibr-48_ibr-38_1.txt 1024 1456241971 1456241971
ibr-48_ibr-45_1.txt 1024 1456244031 1456244031
ibr-48_ibr-47_1.txt 1024 1456242671 1456242671
ibr-48_ibr-8_1.txt 1024 1456243791 1456243791
ibr-49_ibr-16_1.txt 1024 1456243891 1456243891
ibr-49_ibr-22_1.txt 1024 1456241221 1456241221
ibr-49_ibr-29_1.txt 1024 1456242271 1456242271
ibr-49_ibr-34_1.txt 1024 1456243751 1456243751
ibr-49_ibr-35_1.txt 1024 1456243281 1456243281
ibr-49_ibr-37_1.txt 1024 1456241691 1456241691
ibr-49_ibr-40_1.txt 1024 1456243251 1456243251
ibr-49_ibr-5_1.txt 1024 1456242241 1456242241
ibr-49_ibr-52_1.txt 1024 1456241391 1456241391
ibr-49_ibr-53_1.txt 1024 1456242721 1456242721
ibr-49_ibr-54_1.txt 1024 1456243371 1456243371
ibr-4_ibr-15_1.txt 1024 1456243551 1456243551
ibr-4_ibr-26_1.txt 1024 1456242761 1456242761
ibr-4_ibr-38_1.txt 1024 1456243921 1456243921
ibr-4_ibr-40_1.txt 1024 1456242021 1456242021
ibr-4_ibr-42_1.txt 1024 1456242681 1456242681
ibr-4_ibr-56_1.txt 1024 1456243091 1456243091
ibr-4_ibr-9_1.txt 1024 1456242061 1456242061
ibr-50_ibr-11_1.txt 1024 1456241781 1456241781
ibr-50_ibr-16_1.txt 1024 1456243741 1456243741
ibr-50_ibr-20_1.txt 1024 1456242711 1456242711
ibr-50_ibr-24_1.txt 1024 1456242881 1456242881
ibr-50_ibr-25_1.txt 1024 1456242041 1456242041
ibr-50_ibr-30_1.txt 1024 1456243851 1456243851
ibr-50_ibr-31_1.txt 1024 1456242451 1456242451
ibr-50_ibr-31_2.txt 1024 1456242991 1456242991
ibr-50_ibr-3_1.txt 1024 1456242101 1456242101
ibr-50_ibr-32_1.txt 1024 1456243701 1456243701
ibr-50_ibr-34_1.txt 1024 1456244051 1456244051
ibr-50_ibr-37_1.txt 1024 1456243041 1456243041
ibr-50_ibr-4_1.txt 1024 1456242281 1456242281
ibr-50_ibr-42_1.txt 1024 1456241551 1456241551
ibr-50_ibr-43_1.txt 1024 1456242791 1456242791
ibr-50_ibr-47_1.txt 1024 1456241631 1456241631
ibr-50_ibr-49_1.txt 1024 1456243811 1456243811
ibr-50_ibr-5_1.txt 1024 1456243451 1456243451
ibr-50_ibr-8_1.txt 1024 1456242561 1456242561
ibr-51_ibr-11_1.txt 1024 1456241136 1456241136
ibr-51_ibr-11_2.txt 1024 1456242306 1456242306
ibr-51_ibr-11_3.txt 1024 1456242376 1456242376
ibr-51_ibr-11_4.txt 1024 1456242736 1456242736
ibr-51_ibr-11_5.txt 1024 1456242866 1456242866
ibr-51_ibr-11_6.txt 1024 1456243506 1456243506
ibr-51_ibr-11_7.txt 1024 1456243546 1456243546
ibr-51_ibr-1_1.txt 1024 1456243156 1456243156
ibr-51_ibr-1_2.txt 1024 1456243496 1456243496
ibr-51_ibr-1_3.txt 1024 1456243576 1456243576
ibr-51_ibr-1_4.txt 1024 1456243806 1456243806
ibr-51_ibr-1_5.txt 1024 1456244026 1456244026
ibr-51_ibr-16_1.txt 1024 1456241266 1456241266
ibr-51_ibr-16_2.txt 1024 1456241736 1456241736
ibr-51_ibr-16_3.txt 1024 1456242146 1456242146
ibr-51_ibr-16_4.txt 1024 1456242366 1456242366
ibr-51_ibr-16_5.txt 1024 1456242576 1456242576
ibr-51_ibr-16_6.txt 1024 1456243266 1456243266
ibr-51_ibr-16_7.txt 1024 1456243796 1456243796
ibr-51_ibr-16_8.txt 1024 1456244006 1456244006
ibr-51_ibr-17_1.txt 1024 1456243181 1456243181
ibr-51_ibr-21_1.txt 1024 1456241486 1456241486
ibr-51_ibr-21_2.txt 1024 1456241616 1456241616
ibr-51_ibr-21_3.txt 1024 1456241756 1456241756
ibr-51_ibr-21_4.txt 1024 1456241896 1456241896
ibr-51_ibr-21_5.txt 1024 1456242506 1456242506
ibr-51_ibr-21_6.txt 1024 1456243606 1456243606
ibr-51_ibr-26_1.txt 1024 1456242106 1456242106
ibr-51_ibr-26_2.txt 1024 1456242656 1456242656
ibr-51_ibr-31_1.txt 1024 1456241206 1456241206
ibr-51_ibr-31_2.txt 1024 1456241326 1456241326
ibr-51_ibr-31_3.txt 1024 1456241416 1456241416
ibr-51_ibr-31_4.txt 1024 1456241506 1456241506
ibr-51_ibr-31_5.txt 1024 1456242616 1456242616
ibr-51_ibr-31_6.txt 1024 1456242686 1456242686
ibr-51_ibr-31_7.txt 1024 1456243226 1456243226
ibr-51_ibr-31_8.txt 1024 1456243276 1456243276
ibr-51_ibr-31_9.txt 1024 1456243526 1456243526
ibr-51_ibr-33_1.txt 1024 1456243821 1456243821
ibr-51_ibr-36_1.txt 1024 1456242996 1456242996
ibr-51_ibr-36_2.txt 1024 1456243631 1456243631
ibr-51_ibr-36_3.txt 1024 1456243756 1456243756
ibr-51_ibr-41_1.txt 1024 1456241146 1456241146
ibr-51_ibr-41_2.txt 1024 1456242056 1456242056
ibr-51_ibr-41_3.txt 1024 1456243636 1456243636
ibr-51_ibr-46_1.txt 1024 1456241526 1456241526
ibr-51_ibr-46_2.txt 1024 1456243986 1456243986
ibr-51_ibr-56_1.txt 1024 1456242176 1456242176
ibr-51_ibr-56_2.txt 1024 1456242416 1456242416
ibr-51_ibr-56_3.txt 1024 1456242446 1456242446
ibr-51_ibr-56_4.txt 1024 1456243246 1456243246
ibr-51_ibr-56_5.txt 1024 1456244056 1456244056
ibr-51_ibr-6_1.txt 1024 1456241596 1456241596
ibr-51_ibr-6_2.txt 1024 1456241986 1456241986
ibr-51_ibr-6_3.txt 1024 1456242396 1456242396
ibr-51_ibr-6_4.txt 1024 1456242436 1456242436
ibr-51_ibr-6_5.txt 1024 1456242846 1456242846
ibr-51_ibr-6_6.txt 1024 1456243076 1456243076
ibr-51_ibr-6_7.txt 1024 1456243086 1456243086
ibr-51_ibr-7_1.txt 1024 1456243191 1456243191
ibr-52_ibr-14_1.txt 1024 1456241391 1456241391
ibr-52_ibr-19_1.txt 1024 1456242401 1456242401
ibr-52_ibr-24_1.txt 1024 1456243931 1456243931
ibr-52_ibr-36_1.txt 1024 1456243231 1456243231
ibr-52_ibr-51_1.txt 1024 1456241651 1456241651
ibr-52_ibr-54_1.txt 1024 1456241231 1456241231
ibr-53_ibr-15_1.txt 1024 1456241871 1456241871
ibr-53_ibr-2_1.txt 1024 1456243331 1456243331
ibr-53_ibr-24_1.txt 1024 1456243931 1456243931
ibr-53_ibr-26_1.txt 1024 1456241481 1456241481
ibr-53_ibr-35_1.txt 1024 1456242551 1456242551
ibr-53_ibr-36_1.txt 1024 1456244061 1456244061
ibr-53_ibr-43_1.txt 1024 1456241421 1456241421
ibr-53_ibr-45_1.txt 1024 1456241341 1456241341
ibr-53_ibr-47_1.txt 1024 1456243711 1456243711
ibr-53_ibr-51_1.txt 1024 1456243371 1456243371
ibr-53_ibr-6_1.txt 1024 1456243921 1456243921
ibr-54_ibr-10_1.txt 1024 1456241591 1456241591
ibr-54_ibr-12_1.txt 1024 1456243341 1456243341
ibr-54_ibr-25_1.txt 1024 1456242541 1456242541
ibr-54_ibr-25_2.txt 1024 1456243421 1456243421
ibr-54_ibr-30_1.txt 1024 1456243741 1456243741
ibr-54_ibr-3_1.txt 1024 1456242211 1456242211
ibr-54_ibr-32_1.txt 1024 1456242271 1456242271
ibr-54_ibr-40_1.txt 1024 1456243171 1456243171
ibr-54_ibr-47_1.txt 1024 1456243621 1456243621
ibr-54_ibr-52_1.txt 1024 1456242531 1456242531
ibr-54_ibr-53_1.txt 1024 1456242401 1456242401
ibr-55_ibr-28_1.txt 1024 1456241511 1456241511
ibr-55_ibr-29_1.txt 1024 1456243441 1456243441
ibr-55_ibr-30_1.txt 1024 1456243201 1456243201
ibr-55_ibr-36_1.txt 1024 1456241891 1456241891
ibr-55_ibr-37_1.txt 1024 1456241441 1456241441
ibr-55_ibr-41_1.txt 1024 1456242321 1456242321
ibr-55_ibr-52_1.txt 1024 1456243031 1456243031
ibr-55_ibr-54_1.txt 1024 1456242611 1456242611
ibr-56_ibr-13_1.txt 1024 1456242931 1456242931
ibr-56_ibr-16_1.txt 1024 1456242311 1456242311
ibr-56_ibr-16_2.txt 1024 1456243261 1456243261
ibr-56_ibr-17_1.txt 1024 1456241411 1456241411
ibr-56_ibr-25_1.txt 1024 1456243591 1456243591
ibr-56_ibr-33_1.txt 1024 1456241121 1456241121
ibr-56_ibr-41_1.txt 1024 1456243481 1456243481
ibr-56_ibr-43_1.txt 1024 1456243131 1456243131
ibr-56_ibr-46_1.txt 1024 1456241671 1456241671
ibr-56_ibr-48_1.txt 1024 1456241581 1456241581
ibr-56_ibr-51_1.txt 1024 1456243571 1456243571
ibr-56_ibr-54_1.txt 1024 1456242111 1456242111
ibr-5_ibr-13_1.txt 1024 1456243471 1456243471
ibr-5_ibr-14_1.txt 1024 1456243361 1456243361
ibr-5_ibr-19_1.txt 1024 1456241131 1456241131
ibr-5_ibr-23_1.txt 1024 1456243071 1456243071
ibr-5_ibr-23_2.txt 1024 1456243101 1456243101
ibr-5_ibr-32_1.txt 1024 1456242771 1456242771
ibr-5_ibr-36_1.txt 1024 1456241191 1456241191
ibr-5_ibr-36_2.txt 1024 1456242611 1456242611
ibr-5_ibr-42_1.txt 1024 1456241941 1456241941
ibr-5_ibr-43_1.txt 1024 1456241251 1456241251
ibr-5_ibr-49_1.txt 1024 1456241371 1456241371
ibr-5_ibr-49_2.txt 1024 1456242111 1456242111
ibr-6_ibr-11_1.txt 1024 1456242731 1456242731
ibr-6_ibr-11_2.txt 1024 1456242786 1456242786
ibr-6_ibr-11_3.txt 1024 1456242806 1456242806
ibr-6_ibr-11_4.txt 1024 1456243016 1456243016
ibr-6_ibr-1_1.txt 1024 1456241716 1456241716
ibr-6_ibr-1_2.txt 1024 1456242876 1456242876
ibr-6_ibr-1_3.txt 1024 1456243396 1456243396
ibr-6_ibr-15_1.txt 1024 1456241221 1456241221
ibr-6_ibr-16_1.txt 1024 1456241306 1456241306
ibr-6_ibr-16_2.txt 1024 1456241356 1456241356
ibr-6_ibr-16_3.txt 1024 1456241701 1456241701
ibr-6_ibr-16_4.txt 1024 1456241901 1456241901
ibr-6_ibr-16_5.txt 1024 1456242176 1456242176
ibr-6_ibr-16_6.txt 1024 1456242546 1456242546
ibr-6_ibr-16_7.txt 1024 1456242676 1456242676
ibr-6_ibr-16_8.txt 1024 1456243046 1456243046
ibr-6_ibr-21_10.txt 1024 1456244021 1456244021
ibr-6_ibr-21_1.txt 1024 1456241256 1456241256
ibr-6_ibr-21_2.txt 1024 1456241676 1456241676
ibr-6_ibr-21_3.txt 1024 1456242031 1456242031
ibr-6_ibr-21_4.txt 1024 1456242051 1456242051
ibr-6_ibr-21_5.txt 1024 1456242266 1456242266
ibr-6_ibr-21_6.txt 1024 1456242336 1456242336
ibr-6_ibr-21_7.txt 1024 1456243206 1456243206
ibr-6_ibr-21_8.txt 1024 1456243646 1456243646
ibr-6_ibr-21_9.txt 1024 1456243956 1456243956
ibr-6_ibr-26_1.txt 1024 1456242026 1456242026
ibr-6_ibr-26_2.txt 1024 1456242186 1456242186
ibr-6_ibr-26_3.txt 1024 1456243066 1456243066
ibr-6_ibr-26_4.txt 1024 1456243536 1456243536
ibr-6_ibr-26_5.txt 1024 1456243581 1456243581
ibr-6_ibr-26_6.txt 1024 1456243616 1456243616
ibr-6_ibr-26_7.txt 1024 1456243906 1456243906
ibr-6_ibr-28_1.txt 1024 1456241971 1456241971
ibr-6_ibr-31_1.txt 1024 1456241806 1456241806
ibr-6_ibr-31_2.txt 1024 1456242626 1456242626
ibr-6_ibr-31_3.txt 1024 1456242896 1456242896
ibr-6_ibr-31_4.txt 1024 1456242966 1456242966
ibr-6_ibr-31_5.txt 1024 1456243336 1456243336
ibr-6_ibr-31_6.txt 1024 1456243436 1456243436
ibr-6_ibr-32_1.txt 1024 1456241931 1456241931
ibr-6_ibr-33_1.txt 1024 1456241301 1456241301
ibr-6_ibr-36_1.txt 1024 1456241526 1456241526
ibr-6_ibr-36_2.txt 1024 1456243416 1456243416
ibr-6_ibr-36_3.txt 1024 1456243486 1456243486
ibr-6_ibr-36_4.txt 1024 1456243686 1456243686
ibr-6_ibr-41_1.txt 1024 1456241246 1456241246
ibr-6_ibr-41_2.txt 1024 1456241656 1456241656
ibr-6_ibr-41_3.txt 1024 1456242766 1456242766
ibr-6_ibr-41_4.txt 1024 1456242801 1456242801
ibr-6_ibr-41_5.txt 1024 1456242956 1456242956
ibr-6_ibr-41_6.txt 1024 1456243406 1456243406
ibr-6_ibr-4_1.txt 1024 1456241981 1456241981
ibr-6_ibr-46_1.txt 1024 1456241136 1456241136
ibr-6_ibr-46_2.txt 1024 1456242926 1456242926
ibr-6_ibr-46_3.txt 1024 1456243006 1456243006
ibr-6_ibr-50_1.txt 1024 1456241921 1456241921
ibr-6_ibr-51_1.txt 1024 1456241296 1456241296
ibr-6_ibr-51_2.txt 1024 1456241316 1456241316
ibr-6_ibr-51_3.txt 1024 1456243056 1456243056
ibr-6_ibr-51_4.txt 1024 1456243296 1456243296
ibr-6_ibr-51_5.txt 1024 1456243716 1456243716
ibr-6_ibr-51_6.txt 1024 1456243761 1456243761
ibr-6_ibr-56_1.txt 1024 1456242506 1456242506
ibr-6_ibr-56_2.txt 1024 1456243836 1456243836
ibr-6_ibr-56_3.txt 1024 1456243986 1456243986
ibr-6_ibr-7_1.txt 1024 1456243661 1456243661
ibr-7_ibr-11_1.txt 1024 1456242421 1456242421
ibr-7_ibr-11_2.txt 1024 1456243831 1456243831
ibr-7_ibr-13_1.txt 1024 1456242121 1456242121
ibr-7_ibr-24_1.txt 1024 1456241581 1456241581
ibr-7_ibr-24_2.txt 1024 1456242391 1456242391
ibr-7_ibr-24_3.txt 1024 1456243461 1456243461
ibr-7_ibr-27_1.txt 1024 1456241561 1456241561
ibr-7_ibr-36_1.txt 1024 1456241491 1456241491
ibr-7_ibr-37_1.txt 1024 1456243351 1456243351
ibr-7_ibr-38_1.txt 1024 1456242161 1456242161
ibr-7_ibr-48_1.txt 1024 1456241291 1456241291
ibr-7_ibr-56_1.txt 1024 1456242751 1456242751
ibr-7_ibr-6_1.txt 1024 1456242181 1456242181
ibr-7_ibr-8_1.txt 1024 1456242911 1456242911
ibr-8_ibr-10_1.txt 1024 1456241141 1456241141
ibr-8_ibr-13_1.txt 1024 1456243771 1456243771
ibr-8_ibr-20_1.txt 1024 1456241371 1456241371
ibr-8_ibr-30_1.txt 1024 1456242091 1456242091
ibr-8_ibr-30_2.txt 1024 1456243131 1456243131
ibr-8_ibr-31_1.txt 1024 1456242841 1456242841
ibr-8_ibr-36_1.txt 1024 1456243051 1456243051
ibr-8_ibr-47_1.txt 1024 1456241601 1456241601
ibr-8_ibr-48_1.txt 1024 1456243891 1456243891
ibr-8_ibr-53_1.txt 1024 1456241241 1456241241
ibr-8_ibr-7_1.txt 1024 1456243591 1456243591
ibr-8_ibr-7_2.txt 1024 1456243641 1456243641
ibr-9_ibr-10_1.txt 1024 1456243521 1456243521
ibr-9_ibr-15_1.txt 1024 1456242191 1456242191
ibr-9_ibr-16_1.txt 1024 1456241351 1456241351
ibr-9_ibr-18_1.txt 1024 1456243501 1456243501
ibr-9_ibr-22_1.txt 1024 1456243881 1456243881
ibr-9_ibr-25_1.txt 1024 1456242741 1456242741
ibr-9_ibr-33_1.txt 1024 1456243341 1456243341
ibr-9_ibr-37_1.txt 1024 1456243671 1456243671
ibr-9_ibr-43_1.txt 1024 1456243971 1456243971
ibr-9_ibr-45_1.txt 1024 1456242881 1456242881
ibr-9_ibr-49_1.txt 1024 1456241561 1456241561
ibr-9_ibr-49_2.txt 1024 1456242471 1456242471
ibr-9_ibr-56_1.txt 1024 1456242951 1456242951
