# name size  create_time reach_time
ibr-10_ibr-22_1.txt 1024 1456048023 1456049084
ibr-10_ibr-23_1.txt 1024 1456048024 1456049404
ibr-10_ibr-24_1.txt 1024 1456048023 1456050908
ibr-10_ibr-28_1.txt 1024 1456048023 1456049324
ibr-10_ibr-33_1.txt 1024 1456048023 1456049998
ibr-10_ibr-40_1.txt 1024 1456048023 1456050949
ibr-10_ibr-41_1.txt 1024 1456048024 1456049498
ibr-10_ibr-41_2.txt 0 1456048023 1456048023
ibr-10_ibr-42_1.txt 0 1456048024 1456048024
ibr-10_ibr-49_1.txt 1024 1456048023 1456049349
ibr-10_ibr-49_2.txt 1024 1456048023 1456049739
ibr-10_ibr-49_3.txt 1024 1456048023 1456050964
ibr-10_ibr-50_1.txt 1024 1456048023 1456049679
ibr-10_ibr-50_2.txt 1024 1456048024 1456051264
ibr-10_ibr-53_1.txt 1024 1456048023 1456049518
ibr-11_ibr-1_1.txt 1024 1456048024 1456052839
ibr-11_ibr-12_1.txt 0 1456048024 1456048024
ibr-11_ibr-1_2.txt 1024 1456048023 1456052839
ibr-11_ibr-1_3.txt 1024 1456048023 1456052839
ibr-11_ibr-14_1.txt 1024 1456048023 1456049296
ibr-11_ibr-1_4.txt 1024 1456048023 1456053143
ibr-11_ibr-1_5.txt 1024 1456048023 1456053103
ibr-11_ibr-16_1.txt 1024 1456048023 1456048929
ibr-11_ibr-16_2.txt 1024 1456048023 1456049259
ibr-11_ibr-16_3.txt 0 1456048024 1456048024
ibr-11_ibr-16_4.txt 0 1456048024 1456048024
ibr-11_ibr-16_5.txt 1024 1456048023 1456052699
ibr-11_ibr-16_6.txt 1024 1456048023 1456052699
ibr-11_ibr-1_6.txt 1024 1456048023 1456053103
ibr-11_ibr-1_7.txt 0 1456048024 1456048024
ibr-11_ibr-21_1.txt 1024 1456048024 1456048933
ibr-11_ibr-21_2.txt 1024 1456048023 1456049084
ibr-11_ibr-21_3.txt 1024 1456048023 1456052919
ibr-11_ibr-21_4.txt 1024 1456048023 1456053225
ibr-11_ibr-21_5.txt 1024 1456048024 1456053225
ibr-11_ibr-21_6.txt 0 1456048024 1456048024
ibr-11_ibr-21_7.txt 0 1456048024 1456048024
ibr-11_ibr-21_8.txt 1024 1456048023 1456053225
ibr-11_ibr-26_1.txt 1024 1456048024 1456048694
ibr-11_ibr-26_2.txt 1024 1456048023 1456048909
ibr-11_ibr-26_3.txt 0 1456048024 1456048024
ibr-11_ibr-26_4.txt 0 1456048023 1456048023
ibr-11_ibr-26_5.txt 0 1456048024 1456048024
ibr-11_ibr-26_6.txt 0 1456048023 1456048023
ibr-11_ibr-26_7.txt 1024 1456048023 1456052808
ibr-11_ibr-28_1.txt 1024 1456048023 1456051669
ibr-11_ibr-29_1.txt 1024 1456048023 1456049203
ibr-11_ibr-30_1.txt 0 1456048023 1456048023
ibr-11_ibr-31_1.txt 1024 1456048023 1456049034
ibr-11_ibr-31_2.txt 1024 1456048023 1456049164
ibr-11_ibr-31_3.txt 0 1456048024 1456048024
ibr-11_ibr-31_4.txt 1024 1456048025 1456052948
ibr-11_ibr-36_1.txt 1024 1456048023 1456048977
ibr-11_ibr-36_2.txt 1024 1456048024 1456049148
ibr-11_ibr-36_3.txt 1024 1456048023 1456049148
ibr-11_ibr-36_4.txt 1024 1456048023 1456053288
ibr-11_ibr-36_5.txt 1024 1456048024 1456053338
ibr-11_ibr-40_1.txt 1024 1456048023 1456049154
ibr-11_ibr-41_1.txt 1024 1456048023 1456048759
ibr-11_ibr-41_2.txt 1024 1456048024 1456048759
ibr-11_ibr-41_3.txt 1024 1456048024 1456049498
ibr-11_ibr-41_4.txt 0 1456048023 1456048023
ibr-11_ibr-41_5.txt 1024 1456048023 1456052758
ibr-11_ibr-41_6.txt 1024 1456048024 1456052829
ibr-11_ibr-41_7.txt 0 1456048023 1456048023
ibr-11_ibr-44_1.txt 1024 1456048023 1456049459
ibr-11_ibr-51_1.txt 1024 1456048023 1456048976
ibr-11_ibr-51_2.txt 1024 1456048024 1456048974
ibr-11_ibr-51_3.txt 1024 1456048024 1456049128
ibr-11_ibr-51_4.txt 1024 1456048024 1456049548
ibr-11_ibr-51_5.txt 1024 1456048023 1456052979
ibr-11_ibr-53_1.txt 0 1456048023 1456048023
ibr-11_ibr-55_1.txt 1024 1456048023 1456048834
ibr-11_ibr-56_1.txt 1024 1456048024 1456048934
ibr-11_ibr-56_2.txt 1024 1456048024 1456052603
ibr-11_ibr-56_3.txt 0 1456048023 1456048023
ibr-11_ibr-56_4.txt 0 1456048024 1456048024
ibr-11_ibr-56_5.txt 1024 1456048024 1456052979
ibr-11_ibr-56_6.txt 1024 1456048024 1456052603
ibr-11_ibr-56_7.txt 1024 1456048023 1456052979
ibr-11_ibr-6_1.txt 1024 1456048023 1456052525
ibr-11_ibr-6_2.txt 0 1456048024 1456048024
ibr-11_ibr-6_3.txt 1024 1456048023 1456053173
ibr-11_ibr-6_4.txt 1024 1456048023 1456052525
ibr-12_ibr-17_1.txt 1024 1456048024 1456051844
ibr-12_ibr-19_1.txt 1024 1456048023 1456052534
ibr-12_ibr-21_1.txt 1024 1456048023 1456052518
ibr-12_ibr-23_1.txt 1024 1456048023 1456052509
ibr-12_ibr-24_1.txt 1024 1456048023 1456049179
ibr-12_ibr-25_1.txt 1024 1456048023 1456051989
ibr-12_ibr-26_1.txt 1024 1456048023 1456052563
ibr-12_ibr-56_1.txt 1024 1456048024 1456050488
ibr-13_ibr-14_1.txt 0 1456048023 1456048023
ibr-13_ibr-22_1.txt 1024 1456048023 1456049903
ibr-13_ibr-28_1.txt 1024 1456048023 1456048904
ibr-13_ibr-29_1.txt 1024 1456048023 1456052218
ibr-13_ibr-30_1.txt 1024 1456048023 1456052328
ibr-13_ibr-36_1.txt 0 1456048023 1456048023
ibr-13_ibr-38_1.txt 1024 1456048023 1456048934
ibr-13_ibr-40_1.txt 1024 1456048023 1456049064
ibr-13_ibr-47_1.txt 1024 1456048023 1456052458
ibr-13_ibr-47_2.txt 1024 1456048023 1456052458
ibr-13_ibr-48_1.txt 1024 1456048024 1456050848
ibr-13_ibr-8_1.txt 1024 1456048024 1456050703
ibr-14_ibr-16_1.txt 0 1456048024 1456048024
ibr-14_ibr-29_1.txt 1024 1456048023 1456050518
ibr-14_ibr-29_2.txt 1024 1456048023 1456051554
ibr-14_ibr-3_1.txt 1024 1456048023 1456049309
ibr-15_ibr-24_1.txt 1024 1456048023 1456052658
ibr-15_ibr-38_1.txt 1024 1456048023 1456051149
ibr-15_ibr-39_1.txt 1024 1456048024 1456049213
ibr-15_ibr-43_1.txt 1024 1456048023 1456050928
ibr-15_ibr-49_1.txt 1024 1456048023 1456052553
ibr-15_ibr-5_1.txt 1024 1456048023 1456051369
ibr-15_ibr-55_1.txt 1024 1456048023 1456048886
ibr-15_ibr-6_1.txt 0 1456048023 1456048023
ibr-16_ibr-11_1.txt 1024 1456048023 1456052508
ibr-16_ibr-11_2.txt 1024 1456048023 1456052508
ibr-16_ibr-1_1.txt 1024 1456048023 1456048954
ibr-16_ibr-12_1.txt 0 1456048023 1456048023
ibr-16_ibr-1_2.txt 1024 1456048023 1456049208
ibr-16_ibr-1_3.txt 0 1456048023 1456048023
ibr-16_ibr-1_4.txt 0 1456048023 1456048023
ibr-16_ibr-15_1.txt 0 1456048023 1456048023
ibr-16_ibr-15_2.txt 1024 1456048023 1456052514
ibr-16_ibr-1_5.txt 0 1456048024 1456048024
ibr-16_ibr-1_6.txt 0 1456048023 1456048023
ibr-16_ibr-1_7.txt 0 1456048023 1456048023
ibr-16_ibr-20_1.txt 1024 1456048023 1456049819
ibr-16_ibr-21_1.txt 1024 1456048024 1456049084
ibr-16_ibr-21_2.txt 1024 1456048023 1456049379
ibr-16_ibr-21_3.txt 0 1456048024 1456048024
ibr-16_ibr-23_1.txt 0 1456048024 1456048024
ibr-16_ibr-26_1.txt 0 1456048024 1456048024
ibr-16_ibr-26_2.txt 1024 1456048024 1456052748
ibr-16_ibr-31_1.txt 1024 1456048023 1456052683
ibr-16_ibr-37_1.txt 0 1456048024 1456048024
ibr-16_ibr-40_1.txt 1024 1456048023 1456048643
ibr-16_ibr-41_10.txt 0 1456048023 1456048023
ibr-16_ibr-41_11.txt 0 1456048023 1456048023
ibr-16_ibr-41_1.txt 1024 1456048023 1456048954
ibr-16_ibr-41_2.txt 1024 1456048023 1456048954
ibr-16_ibr-41_3.txt 1024 1456048023 1456049534
ibr-16_ibr-41_4.txt 1024 1456048023 1456049534
ibr-16_ibr-41_5.txt 0 1456048024 1456048024
ibr-16_ibr-41_6.txt 0 1456048024 1456048024
ibr-16_ibr-41_7.txt 1024 1456048024 1456052893
ibr-16_ibr-41_8.txt 1024 1456048023 1456053273
ibr-16_ibr-41_9.txt 1024 1456048023 1456053273
ibr-16_ibr-44_1.txt 1024 1456048023 1456052753
ibr-16_ibr-46_1.txt 1024 1456048024 1456048969
ibr-16_ibr-46_2.txt 1024 1456048025 1456049139
ibr-16_ibr-46_3.txt 1024 1456048023 1456052678
ibr-16_ibr-46_4.txt 0 1456048024 1456048024
ibr-16_ibr-46_5.txt 1024 1456048023 1456052761
ibr-16_ibr-46_6.txt 1024 1456048024 1456052761
ibr-16_ibr-46_7.txt 1024 1456048025 1456052761
ibr-16_ibr-51_1.txt 1024 1456048024 1456048977
ibr-16_ibr-51_2.txt 0 1456048024 1456048024
ibr-16_ibr-51_3.txt 0 1456048023 1456048023
ibr-16_ibr-51_4.txt 1024 1456048023 1456052723
ibr-16_ibr-51_5.txt 0 1456048024 1456048024
ibr-16_ibr-51_6.txt 0 1456048023 1456048023
ibr-16_ibr-51_7.txt 0 1456048024 1456048024
ibr-16_ibr-54_1.txt 0 1456048023 1456048023
ibr-16_ibr-56_1.txt 1024 1456048024 1456049139
ibr-16_ibr-56_2.txt 1024 1456048024 1456049139
ibr-16_ibr-56_3.txt 1024 1456048024 1456050488
ibr-16_ibr-56_4.txt 1024 1456048023 1456052979
ibr-16_ibr-56_5.txt 0 1456048023 1456048023
ibr-16_ibr-6_10.txt 1024 1456048023 1456052548
ibr-16_ibr-6_11.txt 1024 1456048024 1456052548
ibr-16_ibr-6_12.txt 0 1456048023 1456048023
ibr-16_ibr-6_1.txt 1024 1456048023 1456048832
ibr-16_ibr-6_2.txt 1024 1456048023 1456049104
ibr-16_ibr-6_3.txt 1024 1456048023 1456049274
ibr-16_ibr-6_4.txt 1024 1456048023 1456049274
ibr-16_ibr-6_5.txt 1024 1456048024 1456049274
ibr-16_ibr-6_6.txt 1024 1456048023 1456052548
ibr-16_ibr-6_7.txt 1024 1456048024 1456052528
ibr-16_ibr-6_8.txt 0 1456048024 1456048024
ibr-16_ibr-6_9.txt 1024 1456048024 1456052525
ibr-16_ibr-7_1.txt 1024 1456048023 1456052583
ibr-16_ibr-7_2.txt 1024 1456048023 1456052583
ibr-16_ibr-8_1.txt 1024 1456048023 1456052448
ibr-17_ibr-10_1.txt 1024 1456048024 1456049938
ibr-17_ibr-11_1.txt 0 1456048023 1456048023
ibr-17_ibr-12_1.txt 1024 1456048023 1456051393
ibr-17_ibr-19_1.txt 1024 1456048024 1456051654
ibr-17_ibr-2_1.txt 1024 1456048023 1456052029
ibr-17_ibr-26_1.txt 0 1456048023 1456048023
ibr-17_ibr-28_1.txt 0 1456048023 1456048023
ibr-17_ibr-30_1.txt 1024 1456048024 1456050503
ibr-17_ibr-3_1.txt 1024 1456048023 1456049634
ibr-17_ibr-50_1.txt 1024 1456048024 1456049164
ibr-17_ibr-50_2.txt 0 1456048023 1456048023
ibr-17_ibr-7_1.txt 1024 1456048023 1456051298
ibr-18_ibr-15_1.txt 1024 1456048023 1456050448
ibr-18_ibr-19_1.txt 0 1456048023 1456048023
ibr-18_ibr-21_1.txt 1024 1456048023 1456049558
ibr-18_ibr-2_1.txt 0 1456048023 1456048023
ibr-18_ibr-24_1.txt 1024 1456048023 1456051904
ibr-18_ibr-36_1.txt 1024 1456048023 1456049053
ibr-18_ibr-39_1.txt 1024 1456048023 1456051498
ibr-18_ibr-4_1.txt 1024 1456048023 1456052248
ibr-18_ibr-51_1.txt 0 1456048023 1456048023
ibr-18_ibr-53_1.txt 1024 1456048024 1456050253
ibr-18_ibr-54_1.txt 1024 1456048023 1456051729
ibr-18_ibr-7_1.txt 1024 1456048024 1456050703
ibr-19_ibr-12_1.txt 1024 1456048023 1456050533
ibr-19_ibr-18_1.txt 1024 1456048023 1456049306
ibr-19_ibr-22_1.txt 1024 1456048023 1456049209
ibr-19_ibr-30_1.txt 1024 1456048023 1456051379
ibr-19_ibr-35_1.txt 1024 1456048023 1456052023
ibr-19_ibr-40_1.txt 0 1456048023 1456048023
ibr-19_ibr-44_1.txt 1024 1456048023 1456051490
ibr-19_ibr-44_2.txt 1024 1456048023 1456051490
ibr-19_ibr-46_1.txt 1024 1456048025 1456049539
ibr-19_ibr-47_1.txt 1024 1456048023 1456051524
ibr-19_ibr-55_1.txt 1024 1456048023 1456050238
ibr-19_ibr-9_1.txt 0 1456048023 1456048023
ibr-1_ibr-11_1.txt 1024 1456048023 1456048708
ibr-1_ibr-11_2.txt 1024 1456048023 1456048881
ibr-1_ibr-11_3.txt 1024 1456048024 1456049739
ibr-1_ibr-11_4.txt 1024 1456048024 1456052644
ibr-1_ibr-11_5.txt 0 1456048023 1456048023
ibr-1_ibr-11_6.txt 1024 1456048023 1456052644
ibr-1_ibr-11_7.txt 0 1456048024 1456048024
ibr-1_ibr-16_1.txt 1024 1456048023 1456049079
ibr-1_ibr-16_2.txt 1024 1456048024 1456049498
ibr-1_ibr-16_3.txt 1024 1456048024 1456052903
ibr-1_ibr-16_4.txt 1024 1456048023 1456052903
ibr-1_ibr-16_5.txt 0 1456048023 1456048023
ibr-1_ibr-21_1.txt 1024 1456048023 1456049084
ibr-1_ibr-21_2.txt 0 1456048023 1456048023
ibr-1_ibr-21_3.txt 1024 1456048023 1456052539
ibr-1_ibr-26_1.txt 1024 1456048024 1456052818
ibr-1_ibr-26_2.txt 0 1456048024 1456048024
ibr-1_ibr-26_3.txt 0 1456048023 1456048023
ibr-1_ibr-26_4.txt 0 1456048023 1456048023
ibr-1_ibr-31_1.txt 0 1456048023 1456048023
ibr-1_ibr-31_2.txt 0 1456048023 1456048023
ibr-1_ibr-36_1.txt 1024 1456048024 1456048794
ibr-1_ibr-36_2.txt 1024 1456048024 1456049684
ibr-1_ibr-36_3.txt 1024 1456048023 1456049684
ibr-1_ibr-36_4.txt 1024 1456048024 1456053028
ibr-1_ibr-41_1.txt 1024 1456048024 1456052947
ibr-1_ibr-41_2.txt 0 1456048024 1456048024
ibr-1_ibr-41_3.txt 0 1456048024 1456048024
ibr-1_ibr-46_1.txt 1024 1456048023 1456049402
ibr-1_ibr-46_2.txt 0 1456048025 1456048025
ibr-1_ibr-46_3.txt 0 1456048024 1456048024
ibr-1_ibr-46_4.txt 0 1456048023 1456048023
ibr-1_ibr-51_1.txt 0 1456048024 1456048024
ibr-1_ibr-51_2.txt 0 1456048024 1456048024
ibr-1_ibr-56_1.txt 1024 1456048024 1456050488
ibr-1_ibr-56_2.txt 1024 1456048023 1456051509
ibr-1_ibr-56_3.txt 1024 1456048024 1456051509
ibr-1_ibr-56_4.txt 0 1456048024 1456048024
ibr-1_ibr-56_5.txt 0 1456048024 1456048024
ibr-1_ibr-56_6.txt 0 1456048024 1456048024
ibr-1_ibr-56_7.txt 0 1456048024 1456048024
ibr-1_ibr-6_1.txt 1024 1456048024 1456049099
ibr-1_ibr-6_2.txt 1024 1456048023 1456049673
ibr-1_ibr-6_3.txt 1024 1456048023 1456050333
ibr-1_ibr-6_4.txt 1024 1456048023 1456050333
ibr-1_ibr-6_5.txt 1024 1456048024 1456052546
ibr-1_ibr-6_6.txt 1024 1456048023 1456052724
ibr-1_ibr-6_7.txt 0 1456048024 1456048024
ibr-20_ibr-10_1.txt 1024 1456048023 1456051064
ibr-20_ibr-15_1.txt 0 1456048023 1456048023
ibr-20_ibr-17_1.txt 1024 1456048023 1456049294
ibr-20_ibr-17_2.txt 1024 1456048023 1456051654
ibr-20_ibr-23_1.txt 0 1456048023 1456048023
ibr-20_ibr-28_1.txt 0 1456048023 1456048023
ibr-20_ibr-31_1.txt 1024 1456048024 1456052204
ibr-20_ibr-3_1.txt 1024 1456048023 1456051558
ibr-20_ibr-34_1.txt 1024 1456048024 1456049008
ibr-20_ibr-4_1.txt 1024 1456048024 1456048954
ibr-20_ibr-47_1.txt 0 1456048023 1456048023
ibr-20_ibr-47_2.txt 1024 1456048023 1456050138
ibr-20_ibr-50_1.txt 1024 1456048023 1456049139
ibr-20_ibr-52_1.txt 1024 1456048023 1456049483
ibr-20_ibr-55_1.txt 1024 1456048024 1456049148
ibr-20_ibr-56_1.txt 1024 1456048024 1456052603
ibr-21_ibr-11_1.txt 1024 1456048024 1456049203
ibr-21_ibr-11_2.txt 1024 1456048024 1456049734
ibr-21_ibr-11_3.txt 0 1456048023 1456048023
ibr-21_ibr-11_4.txt 0 1456048023 1456048023
ibr-21_ibr-1_1.txt 1024 1456048023 1456048998
ibr-21_ibr-1_2.txt 0 1456048024 1456048024
ibr-21_ibr-1_3.txt 0 1456048023 1456048023
ibr-21_ibr-14_1.txt 0 1456048023 1456048023
ibr-21_ibr-1_4.txt 0 1456048023 1456048023
ibr-21_ibr-1_5.txt 0 1456048024 1456048024
ibr-21_ibr-16_1.txt 0 1456048023 1456048023
ibr-21_ibr-16_2.txt 1024 1456048025 1456050398
ibr-21_ibr-16_3.txt 1024 1456048023 1456052823
ibr-21_ibr-16_4.txt 1024 1456048023 1456052823
ibr-21_ibr-16_5.txt 0 1456048023 1456048023
ibr-21_ibr-16_6.txt 0 1456048023 1456048023
ibr-21_ibr-16_7.txt 0 1456048024 1456048024
ibr-21_ibr-16_8.txt 0 1456048023 1456048023
ibr-21_ibr-16_9.txt 0 1456048024 1456048024
ibr-21_ibr-1_6.txt 0 1456048023 1456048023
ibr-21_ibr-18_1.txt 0 1456048023 1456048023
ibr-21_ibr-26_1.txt 0 1456048023 1456048023
ibr-21_ibr-26_2.txt 0 1456048024 1456048024
ibr-21_ibr-26_3.txt 0 1456048023 1456048023
ibr-21_ibr-26_4.txt 0 1456048023 1456048023
ibr-21_ibr-31_1.txt 1024 1456048023 1456049027
ibr-21_ibr-31_2.txt 1024 1456048023 1456049114
ibr-21_ibr-31_3.txt 1024 1456048024 1456049728
ibr-21_ibr-31_4.txt 1024 1456048024 1456049448
ibr-21_ibr-31_5.txt 0 1456048023 1456048023
ibr-21_ibr-31_6.txt 0 1456048023 1456048023
ibr-21_ibr-31_7.txt 0 1456048024 1456048024
ibr-21_ibr-34_1.txt 1024 1456048023 1456052613
ibr-21_ibr-36_1.txt 1024 1456048024 1456049299
ibr-21_ibr-36_2.txt 1024 1456048024 1456049788
ibr-21_ibr-36_3.txt 1024 1456048023 1456052822
ibr-21_ibr-36_4.txt 1024 1456048023 1456052822
ibr-21_ibr-36_5.txt 0 1456048023 1456048023
ibr-21_ibr-36_6.txt 0 1456048024 1456048024
ibr-21_ibr-36_7.txt 0 1456048024 1456048024
ibr-21_ibr-39_1.txt 0 1456048023 1456048023
ibr-21_ibr-41_1.txt 1024 1456048024 1456049534
ibr-21_ibr-41_2.txt 1024 1456048023 1456049534
ibr-21_ibr-41_3.txt 0 1456048023 1456048023
ibr-21_ibr-41_4.txt 0 1456048023 1456048023
ibr-21_ibr-41_5.txt 0 1456048023 1456048023
ibr-21_ibr-46_1.txt 1024 1456048024 1456049139
ibr-21_ibr-46_2.txt 1024 1456048023 1456049139
ibr-21_ibr-46_3.txt 1024 1456048023 1456049918
ibr-21_ibr-46_4.txt 0 1456048024 1456048024
ibr-21_ibr-46_5.txt 0 1456048024 1456048024
ibr-21_ibr-46_6.txt 0 1456048025 1456048025
ibr-21_ibr-46_7.txt 0 1456048023 1456048023
ibr-21_ibr-47_1.txt 1024 1456048023 1456048694
ibr-21_ibr-51_1.txt 1024 1456048024 1456049273
ibr-21_ibr-51_2.txt 1024 1456048024 1456052588
ibr-21_ibr-51_3.txt 1024 1456048024 1456052738
ibr-21_ibr-5_1.txt 0 1456048024 1456048024
ibr-21_ibr-55_1.txt 1024 1456048023 1456049628
ibr-21_ibr-56_1.txt 1024 1456048024 1456048934
ibr-21_ibr-56_2.txt 1024 1456048023 1456050488
ibr-21_ibr-56_3.txt 0 1456048023 1456048023
ibr-21_ibr-56_4.txt 0 1456048023 1456048023
ibr-21_ibr-56_5.txt 0 1456048023 1456048023
ibr-21_ibr-56_6.txt 0 1456048024 1456048024
ibr-21_ibr-6_1.txt 1024 1456048023 1456048722
ibr-21_ibr-6_2.txt 1024 1456048023 1456048722
ibr-21_ibr-6_3.txt 1024 1456048023 1456052546
ibr-21_ibr-6_4.txt 0 1456048024 1456048024
ibr-21_ibr-6_5.txt 0 1456048024 1456048024
ibr-21_ibr-8_1.txt 1024 1456048023 1456048724
ibr-22_ibr-15_1.txt 1024 1456048023 1456051168
ibr-22_ibr-19_1.txt 1024 1456048023 1456051589
ibr-22_ibr-2_1.txt 1024 1456048023 1456050893
ibr-22_ibr-24_1.txt 1024 1456048023 1456050618
ibr-22_ibr-25_1.txt 1024 1456048023 1456051503
ibr-22_ibr-35_1.txt 1024 1456048023 1456051438
ibr-22_ibr-40_1.txt 1024 1456048023 1456049058
ibr-22_ibr-40_2.txt 1024 1456048023 1456051403
ibr-22_ibr-4_1.txt 1024 1456048024 1456051409
ibr-22_ibr-47_1.txt 1024 1456048024 1456051569
ibr-22_ibr-49_1.txt 1024 1456048023 1456051424
ibr-22_ibr-52_1.txt 1024 1456048024 1456052068
ibr-22_ibr-9_1.txt 1024 1456048023 1456048718
ibr-23_ibr-16_1.txt 1024 1456048024 1456048794
ibr-23_ibr-19_1.txt 1024 1456048023 1456050213
ibr-23_ibr-21_1.txt 0 1456048023 1456048023
ibr-23_ibr-25_1.txt 1024 1456048023 1456049849
ibr-23_ibr-30_1.txt 1024 1456048023 1456051764
ibr-23_ibr-31_1.txt 1024 1456048023 1456050178
ibr-23_ibr-31_2.txt 1024 1456048024 1456052618
ibr-23_ibr-34_1.txt 1024 1456048023 1456048904
ibr-23_ibr-44_1.txt 1024 1456048024 1456050553
ibr-23_ibr-47_1.txt 1024 1456048023 1456049726
ibr-23_ibr-49_1.txt 1024 1456048023 1456052344
ibr-23_ibr-51_1.txt 0 1456048023 1456048023
ibr-23_ibr-52_1.txt 1024 1456048023 1456049233
ibr-24_ibr-16_1.txt 0 1456048023 1456048023
ibr-24_ibr-22_1.txt 1024 1456048023 1456049364
ibr-24_ibr-26_1.txt 1024 1456048024 1456048895
ibr-24_ibr-32_1.txt 1024 1456048023 1456050678
ibr-24_ibr-36_1.txt 1024 1456048023 1456049053
ibr-24_ibr-38_1.txt 1024 1456048023 1456050593
ibr-24_ibr-41_1.txt 0 1456048023 1456048023
ibr-24_ibr-41_2.txt 0 1456048024 1456048024
ibr-24_ibr-4_1.txt 1024 1456048024 1456049193
ibr-24_ibr-9_1.txt 1024 1456048023 1456050488
ibr-25_ibr-13_1.txt 1024 1456048023 1456052423
ibr-25_ibr-23_1.txt 1024 1456048023 1456050943
ibr-25_ibr-24_1.txt 1024 1456048024 1456050188
ibr-25_ibr-29_1.txt 1024 1456048023 1456048884
ibr-25_ibr-29_2.txt 1024 1456048024 1456049018
ibr-25_ibr-40_1.txt 1024 1456048023 1456051854
ibr-25_ibr-42_1.txt 0 1456048024 1456048024
ibr-25_ibr-53_1.txt 1024 1456048023 1456049159
ibr-25_ibr-53_2.txt 1024 1456048024 1456049958
ibr-25_ibr-53_3.txt 0 1456048023 1456048023
ibr-25_ibr-54_1.txt 1024 1456048023 1456050118
ibr-25_ibr-55_1.txt 1024 1456048023 1456050123
ibr-25_ibr-55_2.txt 1024 1456048023 1456051374
ibr-25_ibr-56_1.txt 1024 1456048023 1456048934
ibr-25_ibr-56_2.txt 1024 1456048024 1456048934
ibr-25_ibr-6_1.txt 1024 1456048023 1456049873
ibr-25_ibr-7_1.txt 1024 1456048023 1456050338
ibr-26_ibr-11_1.txt 1024 1456048024 1456048881
ibr-26_ibr-11_2.txt 1024 1456048024 1456052558
ibr-26_ibr-11_3.txt 0 1456048023 1456048023
ibr-26_ibr-11_4.txt 0 1456048023 1456048023
ibr-26_ibr-11_5.txt 0 1456048023 1456048023
ibr-26_ibr-1_1.txt 0 1456048023 1456048023
ibr-26_ibr-16_1.txt 1024 1456048023 1456052719
ibr-26_ibr-16_2.txt 1024 1456048024 1456052903
ibr-26_ibr-16_3.txt 1024 1456048025 1456052593
ibr-26_ibr-16_4.txt 1024 1456048024 1456053264
ibr-26_ibr-16_5.txt 0 1456048024 1456048024
ibr-26_ibr-16_6.txt 1024 1456048023 1456052645
ibr-26_ibr-16_7.txt 0 1456048024 1456048024
ibr-26_ibr-16_8.txt 1024 1456048024 1456052903
ibr-26_ibr-17_1.txt 1024 1456048023 1456049708
ibr-26_ibr-19_1.txt 1024 1456048023 1456051484
ibr-26_ibr-20_1.txt 1024 1456048023 1456052639
ibr-26_ibr-21_1.txt 1024 1456048023 1456049232
ibr-26_ibr-21_2.txt 0 1456048023 1456048023
ibr-26_ibr-21_3.txt 0 1456048023 1456048023
ibr-26_ibr-21_4.txt 1024 1456048023 1456052575
ibr-26_ibr-21_5.txt 1024 1456048023 1456053225
ibr-26_ibr-21_6.txt 1024 1456048024 1456052919
ibr-26_ibr-21_7.txt 0 1456048023 1456048023
ibr-26_ibr-23_1.txt 0 1456048023 1456048023
ibr-26_ibr-31_1.txt 1024 1456048023 1456049034
ibr-26_ibr-31_2.txt 1024 1456048023 1456052618
ibr-26_ibr-31_3.txt 0 1456048024 1456048024
ibr-26_ibr-31_4.txt 0 1456048025 1456048025
ibr-26_ibr-31_5.txt 1024 1456048023 1456052623
ibr-26_ibr-31_6.txt 0 1456048024 1456048024
ibr-26_ibr-35_1.txt 1024 1456048023 1456048704
ibr-26_ibr-36_1.txt 1024 1456048024 1456049599
ibr-26_ibr-36_2.txt 0 1456048024 1456048024
ibr-26_ibr-36_3.txt 1024 1456048024 1456052463
ibr-26_ibr-36_4.txt 1024 1456048023 1456052463
ibr-26_ibr-37_1.txt 1024 1456048023 1456049113
ibr-26_ibr-41_1.txt 1024 1456048023 1456048759
ibr-26_ibr-41_2.txt 1024 1456048023 1456048759
ibr-26_ibr-41_3.txt 1024 1456048024 1456049059
ibr-26_ibr-41_4.txt 0 1456048024 1456048024
ibr-26_ibr-41_5.txt 0 1456048024 1456048024
ibr-26_ibr-41_6.txt 1024 1456048023 1456052678
ibr-26_ibr-41_7.txt 1024 1456048023 1456052678
ibr-26_ibr-41_8.txt 0 1456048023 1456048023
ibr-26_ibr-42_1.txt 1024 1456048024 1456050668
ibr-26_ibr-46_1.txt 1024 1456048024 1456048969
ibr-26_ibr-46_2.txt 1024 1456048025 1456049402
ibr-26_ibr-46_3.txt 1024 1456048025 1456053034
ibr-26_ibr-46_4.txt 1024 1456048025 1456053179
ibr-26_ibr-47_1.txt 1024 1456048023 1456050933
ibr-26_ibr-48_1.txt 1024 1456048023 1456049773
ibr-26_ibr-51_1.txt 0 1456048024 1456048024
ibr-26_ibr-51_2.txt 1024 1456048023 1456052723
ibr-26_ibr-51_3.txt 0 1456048024 1456048024
ibr-26_ibr-51_4.txt 1024 1456048025 1456053298
ibr-26_ibr-51_5.txt 0 1456048024 1456048024
ibr-26_ibr-51_6.txt 1024 1456048024 1456052723
ibr-26_ibr-52_1.txt 1024 1456048023 1456049743
ibr-26_ibr-52_2.txt 1024 1456048024 1456050238
ibr-26_ibr-53_1.txt 0 1456048024 1456048024
ibr-26_ibr-56_1.txt 1024 1456048024 1456050488
ibr-26_ibr-56_2.txt 0 1456048024 1456048024
ibr-26_ibr-56_3.txt 1024 1456048023 1456052979
ibr-26_ibr-6_1.txt 0 1456048024 1456048024
ibr-26_ibr-6_2.txt 1024 1456048024 1456052738
ibr-26_ibr-6_3.txt 1024 1456048023 1456052733
ibr-26_ibr-6_4.txt 1024 1456048023 1456052738
ibr-26_ibr-6_5.txt 1024 1456048024 1456052738
ibr-26_ibr-6_6.txt 1024 1456048024 1456052738
ibr-26_ibr-8_1.txt 1024 1456048023 1456048833
ibr-27_ibr-16_1.txt 0 1456048024 1456048024
ibr-27_ibr-33_1.txt 1024 1456048023 1456049523
ibr-27_ibr-33_2.txt 1024 1456048023 1456051003
ibr-27_ibr-37_1.txt 1024 1456048023 1456051043
ibr-27_ibr-47_1.txt 1024 1456048023 1456050133
ibr-27_ibr-51_1.txt 1024 1456048023 1456052443
ibr-28_ibr-10_1.txt 1024 1456048024 1456052208
ibr-28_ibr-17_1.txt 1024 1456048023 1456049718
ibr-28_ibr-18_1.txt 1024 1456048023 1456051584
ibr-28_ibr-27_1.txt 1024 1456048023 1456051409
ibr-28_ibr-3_1.txt 1024 1456048023 1456051648
ibr-28_ibr-34_1.txt 0 1456048023 1456048023
ibr-28_ibr-4_1.txt 0 1456048023 1456048023
ibr-28_ibr-42_1.txt 1024 1456048023 1456049334
ibr-28_ibr-42_2.txt 1024 1456048024 1456052095
ibr-28_ibr-48_1.txt 1024 1456048023 1456052018
ibr-28_ibr-51_1.txt 1024 1456048023 1456052979
ibr-28_ibr-56_1.txt 1024 1456048023 1456052979
ibr-28_ibr-9_1.txt 1024 1456048023 1456052713
ibr-29_ibr-20_1.txt 1024 1456048024 1456051683
ibr-29_ibr-2_1.txt 1024 1456048023 1456049454
ibr-29_ibr-39_1.txt 1024 1456048023 1456050528
ibr-29_ibr-47_1.txt 1024 1456048023 1456050568
ibr-29_ibr-5_1.txt 1024 1456048023 1456049334
ibr-29_ibr-52_1.txt 1024 1456048023 1456049788
ibr-29_ibr-52_2.txt 1024 1456048023 1456050013
ibr-2_ibr-14_1.txt 1024 1456048023 1456051824
ibr-2_ibr-29_1.txt 1024 1456048024 1456049213
ibr-2_ibr-30_1.txt 1024 1456048023 1456049294
ibr-2_ibr-42_1.txt 1024 1456048023 1456052551
ibr-2_ibr-48_1.txt 1024 1456048023 1456050988
ibr-2_ibr-48_2.txt 1024 1456048023 1456052318
ibr-2_ibr-50_1.txt 1024 1456048023 1456049164
ibr-2_ibr-53_1.txt 1024 1456048023 1456049518
ibr-2_ibr-54_1.txt 1024 1456048023 1456049489
ibr-2_ibr-7_1.txt 1024 1456048023 1456050918
ibr-2_ibr-7_2.txt 1024 1456048023 1456052358
ibr-30_ibr-17_1.txt 1024 1456048024 1456049643
ibr-30_ibr-18_1.txt 1024 1456048023 1456048798
ibr-30_ibr-24_1.txt 1024 1456048024 1456051484
ibr-30_ibr-36_1.txt 1024 1456048023 1456052503
ibr-30_ibr-40_1.txt 1024 1456048023 1456049243
ibr-30_ibr-41_1.txt 1024 1456048023 1456052829
ibr-30_ibr-44_1.txt 1024 1456048023 1456051094
ibr-30_ibr-45_1.txt 0 1456048023 1456048023
ibr-30_ibr-50_1.txt 1024 1456048024 1456050613
ibr-30_ibr-50_2.txt 1024 1456048023 1456051610
ibr-31_ibr-11_1.txt 1024 1456048024 1456052689
ibr-31_ibr-11_2.txt 1024 1456048023 1456052508
ibr-31_ibr-11_3.txt 0 1456048023 1456048023
ibr-31_ibr-11_4.txt 0 1456048024 1456048024
ibr-31_ibr-1_1.txt 1024 1456048023 1456048764
ibr-31_ibr-1_2.txt 1024 1456048023 1456052593
ibr-31_ibr-1_3.txt 1024 1456048023 1456053393
ibr-31_ibr-1_4.txt 1024 1456048023 1456053103
ibr-31_ibr-1_5.txt 1024 1456048024 1456053393
ibr-31_ibr-16_1.txt 1024 1456048024 1456052908
ibr-31_ibr-16_2.txt 1024 1456048023 1456053484
ibr-31_ibr-16_3.txt 0 1456048023 1456048023
ibr-31_ibr-20_1.txt 1024 1456048023 1456048926
ibr-31_ibr-20_2.txt 1024 1456048023 1456052489
ibr-31_ibr-21_1.txt 0 1456048023 1456048023
ibr-31_ibr-21_2.txt 0 1456048024 1456048024
ibr-31_ibr-21_3.txt 1024 1456048023 1456052448
ibr-31_ibr-21_4.txt 0 1456048024 1456048024
ibr-31_ibr-26_1.txt 1024 1456048023 1456049174
ibr-31_ibr-26_2.txt 1024 1456048023 1456049334
ibr-31_ibr-26_3.txt 1024 1456048023 1456052404
ibr-31_ibr-26_4.txt 0 1456048024 1456048024
ibr-31_ibr-26_5.txt 0 1456048024 1456048024
ibr-31_ibr-26_6.txt 1024 1456048023 1456053053
ibr-31_ibr-26_7.txt 0 1456048025 1456048025
ibr-31_ibr-26_8.txt 0 1456048024 1456048024
ibr-31_ibr-26_9.txt 0 1456048024 1456048024
ibr-31_ibr-33_1.txt 1024 1456048023 1456048699
ibr-31_ibr-34_1.txt 1024 1456048023 1456049027
ibr-31_ibr-35_1.txt 0 1456048023 1456048023
ibr-31_ibr-36_1.txt 1024 1456048024 1456048977
ibr-31_ibr-36_2.txt 1024 1456048023 1456049064
ibr-31_ibr-36_3.txt 0 1456048024 1456048024
ibr-31_ibr-36_4.txt 1024 1456048024 1456053380
ibr-31_ibr-36_5.txt 0 1456048023 1456048023
ibr-31_ibr-36_6.txt 0 1456048026 1456048026
ibr-31_ibr-38_1.txt 1024 1456048023 1456052273
ibr-31_ibr-41_10.txt 0 1456048024 1456048024
ibr-31_ibr-41_1.txt 1024 1456048024 1456048759
ibr-31_ibr-41_2.txt 1024 1456048023 1456048759
ibr-31_ibr-41_3.txt 1024 1456048024 1456049534
ibr-31_ibr-41_4.txt 0 1456048024 1456048024
ibr-31_ibr-41_5.txt 0 1456048024 1456048024
ibr-31_ibr-41_6.txt 0 1456048024 1456048024
ibr-31_ibr-41_7.txt 1024 1456048024 1456052947
ibr-31_ibr-41_8.txt 0 1456048023 1456048023
ibr-31_ibr-41_9.txt 0 1456048023 1456048023
ibr-31_ibr-46_1.txt 1024 1456048025 1456049139
ibr-31_ibr-46_2.txt 1024 1456048024 1456049503
ibr-31_ibr-46_3.txt 1024 1456048025 1456052438
ibr-31_ibr-46_4.txt 0 1456048024 1456048024
ibr-31_ibr-46_5.txt 1024 1456048023 1456052438
ibr-31_ibr-46_6.txt 0 1456048024 1456048024
ibr-31_ibr-46_7.txt 0 1456048024 1456048024
ibr-31_ibr-46_8.txt 0 1456048023 1456048023
ibr-31_ibr-46_9.txt 1024 1456048024 1456052438
ibr-31_ibr-51_1.txt 0 1456048024 1456048024
ibr-31_ibr-54_1.txt 1024 1456048023 1456049903
ibr-31_ibr-56_1.txt 1024 1456048024 1456050488
ibr-31_ibr-56_2.txt 1024 1456048024 1456052979
ibr-31_ibr-56_3.txt 0 1456048023 1456048023
ibr-31_ibr-56_4.txt 1024 1456048024 1456052979
ibr-31_ibr-6_1.txt 1024 1456048023 1456048994
ibr-31_ibr-6_2.txt 1024 1456048023 1456049104
ibr-31_ibr-6_3.txt 1024 1456048023 1456052738
ibr-31_ibr-6_4.txt 0 1456048023 1456048023
ibr-31_ibr-6_5.txt 1024 1456048024 1456053198
ibr-31_ibr-6_6.txt 0 1456048023 1456048023
ibr-32_ibr-12_1.txt 1024 1456048023 1456051649
ibr-32_ibr-16_1.txt 0 1456048023 1456048023
ibr-32_ibr-19_1.txt 1024 1456048023 1456050213
ibr-32_ibr-21_1.txt 1024 1456048024 1456049379
ibr-32_ibr-40_1.txt 1024 1456048023 1456048573
ibr-32_ibr-50_1.txt 1024 1456048023 1456050448
ibr-32_ibr-54_1.txt 1024 1456048023 1456050553
ibr-33_ibr-13_1.txt 1024 1456048023 1456051939
ibr-33_ibr-14_1.txt 0 1456048023 1456048023
ibr-33_ibr-19_1.txt 1024 1456048024 1456050588
ibr-33_ibr-20_1.txt 1024 1456048023 1456049264
ibr-33_ibr-22_1.txt 1024 1456048023 1456049084
ibr-33_ibr-31_1.txt 1024 1456048023 1456049936
ibr-33_ibr-34_1.txt 1024 1456048023 1456051273
ibr-33_ibr-39_1.txt 1024 1456048023 1456051258
ibr-33_ibr-4_1.txt 1024 1456048023 1456050358
ibr-33_ibr-43_1.txt 1024 1456048024 1456048929
ibr-33_ibr-46_1.txt 0 1456048025 1456048025
ibr-33_ibr-47_1.txt 1024 1456048024 1456052458
ibr-33_ibr-48_1.txt 1024 1456048023 1456050738
ibr-33_ibr-49_1.txt 1024 1456048023 1456051200
ibr-33_ibr-53_1.txt 1024 1456048023 1456049159
ibr-33_ibr-56_1.txt 1024 1456048024 1456048934
ibr-34_ibr-18_1.txt 1024 1456048023 1456051904
ibr-34_ibr-20_1.txt 1024 1456048023 1456049164
ibr-34_ibr-20_2.txt 1024 1456048023 1456051238
ibr-34_ibr-22_1.txt 1024 1456048023 1456051143
ibr-34_ibr-23_1.txt 0 1456048023 1456048023
ibr-34_ibr-25_1.txt 1024 1456048023 1456050748
ibr-34_ibr-26_1.txt 1024 1456048023 1456048909
ibr-34_ibr-38_1.txt 1024 1456048023 1456050458
ibr-34_ibr-39_1.txt 1024 1456048023 1456051258
ibr-34_ibr-4_1.txt 1024 1456048024 1456051509
ibr-34_ibr-48_1.txt 0 1456048024 1456048024
ibr-34_ibr-50_1.txt 1024 1456048024 1456050523
ibr-34_ibr-9_1.txt 1024 1456048023 1456050523
ibr-35_ibr-10_1.txt 1024 1456048023 1456048904
ibr-35_ibr-17_1.txt 1024 1456048023 1456051548
ibr-35_ibr-23_1.txt 1024 1456048023 1456048864
ibr-35_ibr-29_1.txt 1024 1456048023 1456050243
ibr-35_ibr-33_1.txt 1024 1456048023 1456048564
ibr-35_ibr-8_1.txt 1024 1456048023 1456051028
ibr-36_ibr-10_1.txt 1024 1456048023 1456048934
ibr-36_ibr-11_1.txt 1024 1456048024 1456052859
ibr-36_ibr-11_2.txt 0 1456048023 1456048023
ibr-36_ibr-11_3.txt 1024 1456048024 1456052859
ibr-36_ibr-11_4.txt 1024 1456048023 1456052859
ibr-36_ibr-11_5.txt 1024 1456048023 1456053354
ibr-36_ibr-1_1.txt 0 1456048024 1456048024
ibr-36_ibr-1_2.txt 1024 1456048023 1456052766
ibr-36_ibr-1_3.txt 1024 1456048023 1456053558
ibr-36_ibr-1_4.txt 1024 1456048024 1456053558
ibr-36_ibr-16_1.txt 1024 1456048023 1456049679
ibr-36_ibr-16_2.txt 0 1456048024 1456048024
ibr-36_ibr-16_3.txt 1024 1456048023 1456052903
ibr-36_ibr-16_4.txt 0 1456048024 1456048024
ibr-36_ibr-16_5.txt 0 1456048023 1456048023
ibr-36_ibr-16_6.txt 1024 1456048024 1456052531
ibr-36_ibr-16_7.txt 0 1456048024 1456048024
ibr-36_ibr-21_1.txt 0 1456048023 1456048023
ibr-36_ibr-21_2.txt 0 1456048023 1456048023
ibr-36_ibr-21_3.txt 0 1456048023 1456048023
ibr-36_ibr-25_1.txt 1024 1456048024 1456053018
ibr-36_ibr-26_1.txt 1024 1456048023 1456048909
ibr-36_ibr-26_2.txt 1024 1456048023 1456049174
ibr-36_ibr-26_3.txt 1024 1456048023 1456049174
ibr-36_ibr-26_4.txt 0 1456048024 1456048024
ibr-36_ibr-31_1.txt 1024 1456048023 1456052418
ibr-36_ibr-31_2.txt 1024 1456048023 1456052418
ibr-36_ibr-31_3.txt 1024 1456048024 1456053128
ibr-36_ibr-31_4.txt 1024 1456048024 1456053178
ibr-36_ibr-31_5.txt 0 1456048024 1456048024
ibr-36_ibr-31_6.txt 1024 1456048023 1456053178
ibr-36_ibr-41_1.txt 1024 1456048024 1456049079
ibr-36_ibr-41_2.txt 1024 1456048023 1456049718
ibr-36_ibr-41_3.txt 0 1456048024 1456048024
ibr-36_ibr-41_4.txt 1024 1456048024 1456053488
ibr-36_ibr-42_1.txt 1024 1456048023 1456049284
ibr-36_ibr-46_1.txt 1024 1456048024 1456049139
ibr-36_ibr-46_2.txt 1024 1456048025 1456052464
ibr-36_ibr-46_3.txt 1024 1456048023 1456053449
ibr-36_ibr-46_4.txt 0 1456048024 1456048024
ibr-36_ibr-46_5.txt 0 1456048023 1456048023
ibr-36_ibr-46_6.txt 0 1456048024 1456048024
ibr-36_ibr-50_1.txt 0 1456048023 1456048023
ibr-36_ibr-51_1.txt 1024 1456048023 1456052443
ibr-36_ibr-51_2.txt 0 1456048024 1456048024
ibr-36_ibr-51_3.txt 1024 1456048024 1456053358
ibr-36_ibr-51_4.txt 1024 1456048024 1456053489
ibr-36_ibr-51_5.txt 0 1456048024 1456048024
ibr-36_ibr-51_6.txt 0 1456048024 1456048024
ibr-36_ibr-51_7.txt 0 1456048023 1456048023
ibr-36_ibr-51_8.txt 0 1456048023 1456048023
ibr-36_ibr-53_1.txt 1024 1456048023 1456048879
ibr-36_ibr-56_1.txt 1024 1456048024 1456049139
ibr-36_ibr-56_2.txt 1024 1456048023 1456049139
ibr-36_ibr-56_3.txt 1024 1456048024 1456050488
ibr-36_ibr-56_4.txt 1024 1456048023 1456050488
ibr-36_ibr-56_5.txt 1024 1456048024 1456050488
ibr-36_ibr-56_6.txt 0 1456048023 1456048023
ibr-36_ibr-56_7.txt 0 1456048024 1456048024
ibr-36_ibr-56_8.txt 0 1456048024 1456048024
ibr-36_ibr-56_9.txt 0 1456048023 1456048023
ibr-36_ibr-6_1.txt 1024 1456048024 1456048722
ibr-36_ibr-6_2.txt 0 1456048023 1456048023
ibr-36_ibr-6_3.txt 0 1456048023 1456048023
ibr-37_ibr-11_1.txt 1024 1456048024 1456050268
ibr-37_ibr-19_1.txt 0 1456048024 1456048024
ibr-37_ibr-23_1.txt 1024 1456048023 1456050478
ibr-37_ibr-41_1.txt 0 1456048023 1456048023
ibr-37_ibr-4_1.txt 1024 1456048023 1456050303
ibr-37_ibr-42_1.txt 0 1456048023 1456048023
ibr-37_ibr-7_1.txt 0 1456048024 1456048024
ibr-38_ibr-12_1.txt 1024 1456048023 1456050733
ibr-38_ibr-20_1.txt 1024 1456048023 1456050063
ibr-38_ibr-32_1.txt 1024 1456048023 1456049434
ibr-38_ibr-39_1.txt 1024 1456048023 1456048764
ibr-38_ibr-42_1.txt 1024 1456048023 1456050949
ibr-38_ibr-45_1.txt 1024 1456048023 1456050533
ibr-38_ibr-45_2.txt 1024 1456048023 1456051223
ibr-38_ibr-46_1.txt 1024 1456048023 1456049788
ibr-38_ibr-47_1.txt 1024 1456048023 1456050998
ibr-38_ibr-48_1.txt 1024 1456048023 1456050016
ibr-38_ibr-51_1.txt 1024 1456048023 1456053489
ibr-38_ibr-55_1.txt 1024 1456048023 1456051589
ibr-39_ibr-13_1.txt 1024 1456048023 1456051999
ibr-39_ibr-15_1.txt 0 1456048023 1456048023
ibr-39_ibr-23_1.txt 1024 1456048023 1456052234
ibr-39_ibr-29_1.txt 1024 1456048023 1456052308
ibr-39_ibr-41_1.txt 0 1456048023 1456048023
ibr-39_ibr-50_1.txt 1024 1456048024 1456051730
ibr-39_ibr-52_1.txt 1024 1456048023 1456049463
ibr-39_ibr-54_1.txt 1024 1456048023 1456052470
ibr-39_ibr-6_1.txt 1024 1456048023 1456052345
ibr-39_ibr-6_2.txt 1024 1456048024 1456052859
ibr-3_ibr-10_1.txt 1024 1456048024 1456050988
ibr-3_ibr-12_1.txt 1024 1456048023 1456048934
ibr-3_ibr-18_1.txt 1024 1456048023 1456051363
ibr-3_ibr-39_1.txt 1024 1456048024 1456051628
ibr-3_ibr-4_1.txt 0 1456048024 1456048024
ibr-3_ibr-45_1.txt 1024 1456048023 1456051558
ibr-3_ibr-49_1.txt 0 1456048023 1456048023
ibr-3_ibr-5_1.txt 1024 1456048023 1456050028
ibr-40_ibr-14_1.txt 1024 1456048023 1456048809
ibr-40_ibr-26_1.txt 1024 1456048023 1456048909
ibr-40_ibr-27_1.txt 1024 1456048023 1456050163
ibr-40_ibr-31_1.txt 1024 1456048024 1456051969
ibr-40_ibr-3_1.txt 1024 1456048023 1456049658
ibr-40_ibr-32_1.txt 1024 1456048023 1456051478
ibr-40_ibr-34_1.txt 1024 1456048023 1456051258
ibr-40_ibr-35_1.txt 1024 1456048024 1456049053
ibr-40_ibr-37_1.txt 1024 1456048023 1456050668
ibr-40_ibr-38_1.txt 0 1456048023 1456048023
ibr-40_ibr-39_1.txt 0 1456048023 1456048023
ibr-40_ibr-4_1.txt 0 1456048023 1456048023
ibr-40_ibr-42_1.txt 1024 1456048024 1456052274
ibr-40_ibr-48_1.txt 1024 1456048023 1456049273
ibr-41_ibr-10_1.txt 1024 1456048023 1456049049
ibr-41_ibr-10_2.txt 0 1456048024 1456048024
ibr-41_ibr-11_1.txt 1024 1456048023 1456049022
ibr-41_ibr-11_2.txt 0 1456048024 1456048024
ibr-41_ibr-11_3.txt 0 1456048024 1456048024
ibr-41_ibr-11_4.txt 0 1456048023 1456048023
ibr-41_ibr-1_1.txt 0 1456048023 1456048023
ibr-41_ibr-1_2.txt 0 1456048023 1456048023
ibr-41_ibr-1_3.txt 0 1456048024 1456048024
ibr-41_ibr-1_4.txt 0 1456048023 1456048023
ibr-41_ibr-16_1.txt 0 1456048024 1456048024
ibr-41_ibr-16_2.txt 0 1456048023 1456048023
ibr-41_ibr-16_3.txt 0 1456048023 1456048023
ibr-41_ibr-16_4.txt 0 1456048024 1456048024
ibr-41_ibr-16_5.txt 0 1456048023 1456048023
ibr-41_ibr-19_1.txt 0 1456048023 1456048023
ibr-41_ibr-21_1.txt 1024 1456048023 1456048772
ibr-41_ibr-21_2.txt 1024 1456048023 1456049379
ibr-41_ibr-21_3.txt 1024 1456048024 1456049379
ibr-41_ibr-21_4.txt 0 1456048024 1456048024
ibr-41_ibr-21_5.txt 0 1456048024 1456048024
ibr-41_ibr-21_6.txt 0 1456048023 1456048023
ibr-41_ibr-21_7.txt 0 1456048024 1456048024
ibr-41_ibr-21_8.txt 0 1456048023 1456048023
ibr-41_ibr-25_1.txt 0 1456048023 1456048023
ibr-41_ibr-30_1.txt 0 1456048023 1456048023
ibr-41_ibr-31_1.txt 1024 1456048023 1456052688
ibr-41_ibr-31_2.txt 0 1456048023 1456048023
ibr-41_ibr-31_3.txt 0 1456048024 1456048024
ibr-41_ibr-36_1.txt 1024 1456048023 1456051328
ibr-41_ibr-36_2.txt 0 1456048023 1456048023
ibr-41_ibr-36_3.txt 0 1456048023 1456048023
ibr-41_ibr-37_1.txt 0 1456048024 1456048024
ibr-41_ibr-43_1.txt 1024 1456048023 1456049718
ibr-41_ibr-46_1.txt 1024 1456048024 1456049539
ibr-41_ibr-46_2.txt 1024 1456048023 1456049539
ibr-41_ibr-46_3.txt 0 1456048025 1456048025
ibr-41_ibr-46_4.txt 0 1456048025 1456048025
ibr-41_ibr-46_5.txt 0 1456048024 1456048024
ibr-41_ibr-46_6.txt 0 1456048023 1456048023
ibr-41_ibr-51_1.txt 1024 1456048023 1456049848
ibr-41_ibr-51_2.txt 0 1456048023 1456048023
ibr-41_ibr-51_3.txt 0 1456048023 1456048023
ibr-41_ibr-51_4.txt 0 1456048024 1456048024
ibr-41_ibr-51_5.txt 0 1456048023 1456048023
ibr-41_ibr-56_1.txt 1024 1456048024 1456050488
ibr-41_ibr-56_2.txt 1024 1456048024 1456050488
ibr-41_ibr-56_3.txt 1024 1456048023 1456051889
ibr-41_ibr-56_4.txt 0 1456048024 1456048024
ibr-41_ibr-56_5.txt 0 1456048024 1456048024
ibr-41_ibr-56_6.txt 0 1456048024 1456048024
ibr-41_ibr-56_7.txt 0 1456048023 1456048023
ibr-41_ibr-56_8.txt 0 1456048024 1456048024
ibr-41_ibr-6_1.txt 0 1456048023 1456048023
ibr-41_ibr-6_2.txt 0 1456048024 1456048024
ibr-41_ibr-6_3.txt 0 1456048023 1456048023
ibr-41_ibr-6_4.txt 0 1456048024 1456048024
ibr-42_ibr-14_1.txt 1024 1456048023 1456049001
ibr-42_ibr-24_1.txt 0 1456048024 1456048024
ibr-42_ibr-25_1.txt 1024 1456048024 1456050128
ibr-42_ibr-26_1.txt 0 1456048024 1456048024
ibr-42_ibr-29_1.txt 1024 1456048023 1456052678
ibr-42_ibr-33_1.txt 1024 1456048023 1456052948
ibr-42_ibr-35_1.txt 1024 1456048023 1456049943
ibr-42_ibr-37_1.txt 1024 1456048024 1456052978
ibr-42_ibr-44_1.txt 1024 1456048023 1456048674
ibr-42_ibr-44_2.txt 1024 1456048023 1456049459
ibr-42_ibr-50_1.txt 1024 1456048024 1456050974
ibr-42_ibr-5_1.txt 1024 1456048024 1456052793
ibr-43_ibr-12_1.txt 1024 1456048023 1456051393
ibr-43_ibr-19_1.txt 0 1456048023 1456048023
ibr-43_ibr-28_1.txt 1024 1456048024 1456050443
ibr-43_ibr-4_1.txt 1024 1456048024 1456051484
ibr-43_ibr-42_1.txt 1024 1456048024 1456050949
ibr-43_ibr-48_1.txt 1024 1456048023 1456051344
ibr-43_ibr-55_1.txt 1024 1456048023 1456049903
ibr-43_ibr-7_1.txt 1024 1456048023 1456052144
ibr-44_ibr-12_1.txt 1024 1456048023 1456048934
ibr-44_ibr-15_1.txt 1024 1456048023 1456052474
ibr-44_ibr-19_1.txt 0 1456048024 1456048024
ibr-44_ibr-21_1.txt 1024 1456048023 1456052919
ibr-44_ibr-23_1.txt 1024 1456048023 1456048919
ibr-44_ibr-27_1.txt 1024 1456048023 1456049993
ibr-44_ibr-35_1.txt 1024 1456048023 1456050613
ibr-44_ibr-36_1.txt 0 1456048023 1456048023
ibr-44_ibr-39_1.txt 1024 1456048023 1456050793
ibr-44_ibr-4_1.txt 1024 1456048024 1456050943
ibr-44_ibr-4_2.txt 1024 1456048023 1456051078
ibr-44_ibr-51_1.txt 1024 1456048024 1456052979
ibr-44_ibr-53_1.txt 1024 1456048023 1456051468
ibr-45_ibr-17_1.txt 0 1456048024 1456048024
ibr-45_ibr-22_1.txt 1024 1456048023 1456052448
ibr-45_ibr-31_1.txt 1024 1456048023 1456049139
ibr-45_ibr-32_1.txt 1024 1456048023 1456050638
ibr-45_ibr-32_2.txt 1024 1456048023 1456050638
ibr-45_ibr-35_1.txt 1024 1456048023 1456049943
ibr-45_ibr-44_1.txt 1024 1456048023 1456050223
ibr-45_ibr-47_1.txt 1024 1456048023 1456051569
ibr-45_ibr-8_1.txt 1024 1456048023 1456049893
ibr-46_ibr-11_1.txt 0 1456048023 1456048023
ibr-46_ibr-11_2.txt 1024 1456048024 1456052859
ibr-46_ibr-11_3.txt 0 1456048024 1456048024
ibr-46_ibr-11_4.txt 0 1456048023 1456048023
ibr-46_ibr-11_5.txt 0 1456048024 1456048024
ibr-46_ibr-1_1.txt 0 1456048023 1456048023
ibr-46_ibr-1_2.txt 0 1456048024 1456048024
ibr-46_ibr-1_3.txt 0 1456048023 1456048023
ibr-46_ibr-1_4.txt 0 1456048023 1456048023
ibr-46_ibr-16_1.txt 1024 1456048024 1456049019
ibr-46_ibr-16_2.txt 1024 1456048024 1456049573
ibr-46_ibr-21_1.txt 1024 1456048023 1456052448
ibr-46_ibr-21_2.txt 1024 1456048023 1456052448
ibr-46_ibr-21_3.txt 1024 1456048024 1456053458
ibr-46_ibr-21_4.txt 0 1456048024 1456048024
ibr-46_ibr-21_5.txt 0 1456048023 1456048023
ibr-46_ibr-21_6.txt 0 1456048024 1456048024
ibr-46_ibr-21_7.txt 0 1456048023 1456048023
ibr-46_ibr-26_1.txt 1024 1456048024 1456048694
ibr-46_ibr-26_2.txt 1024 1456048024 1456048909
ibr-46_ibr-26_3.txt 1024 1456048023 1456049375
ibr-46_ibr-26_4.txt 1024 1456048024 1456049553
ibr-46_ibr-26_5.txt 1024 1456048023 1456053008
ibr-46_ibr-26_6.txt 0 1456048023 1456048023
ibr-46_ibr-26_7.txt 0 1456048023 1456048023
ibr-46_ibr-30_1.txt 1024 1456048023 1456048664
ibr-46_ibr-31_1.txt 1024 1456048023 1456049483
ibr-46_ibr-31_2.txt 1024 1456048023 1456049483
ibr-46_ibr-31_3.txt 0 1456048024 1456048024
ibr-46_ibr-31_4.txt 0 1456048023 1456048023
ibr-46_ibr-31_5.txt 0 1456048023 1456048023
ibr-46_ibr-36_10.txt 0 1456048024 1456048024
ibr-46_ibr-36_1.txt 1024 1456048025 1456049228
ibr-46_ibr-36_2.txt 1024 1456048023 1456049228
ibr-46_ibr-36_3.txt 1024 1456048023 1456049493
ibr-46_ibr-36_4.txt 1024 1456048023 1456049708
ibr-46_ibr-36_5.txt 0 1456048025 1456048025
ibr-46_ibr-36_6.txt 0 1456048024 1456048024
ibr-46_ibr-36_7.txt 0 1456048023 1456048023
ibr-46_ibr-36_8.txt 0 1456048024 1456048024
ibr-46_ibr-36_9.txt 0 1456048023 1456048023
ibr-46_ibr-39_1.txt 1024 1456048023 1456048874
ibr-46_ibr-41_1.txt 0 1456048023 1456048023
ibr-46_ibr-41_2.txt 0 1456048023 1456048023
ibr-46_ibr-41_3.txt 0 1456048024 1456048024
ibr-46_ibr-41_4.txt 1024 1456048024 1456053273
ibr-46_ibr-41_5.txt 1024 1456048024 1456053577
ibr-46_ibr-43_1.txt 0 1456048024 1456048024
ibr-46_ibr-48_1.txt 1024 1456048023 1456048809
ibr-46_ibr-51_1.txt 1024 1456048023 1456048835
ibr-46_ibr-51_2.txt 1024 1456048023 1456048975
ibr-46_ibr-51_3.txt 1024 1456048023 1456049573
ibr-46_ibr-51_4.txt 0 1456048024 1456048024
ibr-46_ibr-51_5.txt 0 1456048024 1456048024
ibr-46_ibr-55_1.txt 1024 1456048023 1456049903
ibr-46_ibr-56_1.txt 0 1456048023 1456048023
ibr-46_ibr-56_2.txt 0 1456048023 1456048023
ibr-46_ibr-6_1.txt 1024 1456048023 1456049424
ibr-46_ibr-6_2.txt 1024 1456048024 1456052738
ibr-46_ibr-6_3.txt 0 1456048023 1456048023
ibr-46_ibr-6_4.txt 0 1456048023 1456048023
ibr-46_ibr-6_5.txt 0 1456048024 1456048024
ibr-46_ibr-6_6.txt 0 1456048023 1456048023
ibr-47_ibr-13_1.txt 1024 1456048024 1456051408
ibr-47_ibr-16_1.txt 1024 1456048024 1456050398
ibr-47_ibr-17_1.txt 1024 1456048023 1456049578
ibr-47_ibr-20_1.txt 1024 1456048023 1456048926
ibr-47_ibr-27_1.txt 1024 1456048023 1456049171
ibr-47_ibr-27_2.txt 1024 1456048023 1456051988
ibr-47_ibr-4_1.txt 1024 1456048024 1456051973
ibr-47_ibr-46_1.txt 0 1456048023 1456048023
ibr-47_ibr-46_2.txt 0 1456048025 1456048025
ibr-48_ibr-13_1.txt 1024 1456048023 1456049759
ibr-48_ibr-19_1.txt 1024 1456048023 1456052318
ibr-48_ibr-2_1.txt 1024 1456048023 1456051058
ibr-48_ibr-27_1.txt 1024 1456048023 1456051319
ibr-48_ibr-3_1.txt 1024 1456048023 1456052098
ibr-48_ibr-32_1.txt 1024 1456048023 1456051078
ibr-48_ibr-34_1.txt 1024 1456048023 1456051814
ibr-48_ibr-37_1.txt 1024 1456048023 1456049114
ibr-48_ibr-38_1.txt 1024 1456048023 1456050279
ibr-48_ibr-45_1.txt 1024 1456048023 1456051719
ibr-48_ibr-47_1.txt 1024 1456048023 1456050308
ibr-48_ibr-8_1.txt 1024 1456048023 1456052024
ibr-49_ibr-16_1.txt 1024 1456048023 1456053990
ibr-49_ibr-22_1.txt 1024 1456048023 1456048764
ibr-49_ibr-29_1.txt 1024 1456048023 1456050268
ibr-49_ibr-34_1.txt 1024 1456048023 1456052918
ibr-49_ibr-35_1.txt 1024 1456048023 1456051159
ibr-49_ibr-37_1.txt 1024 1456048023 1456049439
ibr-49_ibr-40_1.txt 1024 1456048023 1456053733
ibr-49_ibr-5_1.txt 1024 1456048023 1456052833
ibr-49_ibr-52_1.txt 1024 1456048023 1456048863
ibr-49_ibr-53_1.txt 0 1456048023 1456048023
ibr-49_ibr-54_1.txt 1024 1456048023 1456051209
ibr-4_ibr-15_1.txt 1024 1456048023 1456051984
ibr-4_ibr-26_1.txt 1024 1456048024 1456051413
ibr-4_ibr-38_1.txt 1024 1456048023 1456052264
ibr-4_ibr-40_1.txt 0 1456048023 1456048023
ibr-4_ibr-42_1.txt 0 1456048024 1456048024
ibr-4_ibr-56_1.txt 1024 1456048024 1456052979
ibr-4_ibr-9_1.txt 0 1456048023 1456048023
ibr-50_ibr-11_1.txt 0 1456048024 1456048024
ibr-50_ibr-16_1.txt 1024 1456048024 1456052588
ibr-50_ibr-20_1.txt 1024 1456048023 1456052588
ibr-50_ibr-24_1.txt 1024 1456048023 1456053638
ibr-50_ibr-25_1.txt 0 1456048023 1456048023
ibr-50_ibr-30_1.txt 1024 1456048023 1456051610
ibr-50_ibr-31_1.txt 1024 1456048023 1456050854
ibr-50_ibr-31_2.txt 1024 1456048024 1456050854
ibr-50_ibr-3_1.txt 0 1456048023 1456048023
ibr-50_ibr-32_1.txt 1024 1456048023 1456052258
ibr-50_ibr-34_1.txt 1024 1456048023 1456051609
ibr-50_ibr-37_1.txt 1024 1456048023 1456050594
ibr-50_ibr-4_1.txt 1024 1456048023 1456051973
ibr-50_ibr-42_1.txt 1024 1456048023 1456049244
ibr-50_ibr-43_1.txt 0 1456048023 1456048023
ibr-50_ibr-47_1.txt 1024 1456048023 1456049214
ibr-50_ibr-49_1.txt 1024 1456048023 1456051329
ibr-50_ibr-5_1.txt 1024 1456048023 1456052803
ibr-50_ibr-8_1.txt 1024 1456048023 1456052024
ibr-51_ibr-11_1.txt 1024 1456048023 1456048938
ibr-51_ibr-11_2.txt 0 1456048024 1456048024
ibr-51_ibr-11_3.txt 0 1456048024 1456048024
ibr-51_ibr-11_4.txt 0 1456048023 1456048023
ibr-51_ibr-11_5.txt 0 1456048023 1456048023
ibr-51_ibr-11_6.txt 0 1456048023 1456048023
ibr-51_ibr-11_7.txt 0 1456048023 1456048023
ibr-51_ibr-1_1.txt 0 1456048023 1456048023
ibr-51_ibr-1_2.txt 0 1456048024 1456048024
ibr-51_ibr-1_3.txt 0 1456048023 1456048023
ibr-51_ibr-1_4.txt 0 1456048023 1456048023
ibr-51_ibr-1_5.txt 0 1456048023 1456048023
ibr-51_ibr-16_1.txt 1024 1456048024 1456048924
ibr-51_ibr-16_2.txt 1024 1456048023 1456049368
ibr-51_ibr-16_3.txt 1024 1456048023 1456052593
ibr-51_ibr-16_4.txt 0 1456048023 1456048023
ibr-51_ibr-16_5.txt 0 1456048023 1456048023
ibr-51_ibr-16_6.txt 0 1456048023 1456048023
ibr-51_ibr-16_7.txt 0 1456048024 1456048024
ibr-51_ibr-16_8.txt 0 1456048024 1456048024
ibr-51_ibr-17_1.txt 0 1456048023 1456048023
ibr-51_ibr-21_1.txt 1024 1456048024 1456049379
ibr-51_ibr-21_2.txt 1024 1456048024 1456049379
ibr-51_ibr-21_3.txt 0 1456048023 1456048023
ibr-51_ibr-21_4.txt 1024 1456048023 1456052448
ibr-51_ibr-21_5.txt 1024 1456048024 1456053458
ibr-51_ibr-21_6.txt 0 1456048024 1456048024
ibr-51_ibr-26_1.txt 0 1456048024 1456048024
ibr-51_ibr-26_2.txt 0 1456048023 1456048023
ibr-51_ibr-31_1.txt 1024 1456048023 1456048734
ibr-51_ibr-31_2.txt 1024 1456048023 1456048864
ibr-51_ibr-31_3.txt 1024 1456048023 1456048914
ibr-51_ibr-31_4.txt 1024 1456048024 1456049289
ibr-51_ibr-31_5.txt 0 1456048024 1456048024
ibr-51_ibr-31_6.txt 0 1456048023 1456048023
ibr-51_ibr-31_7.txt 0 1456048023 1456048023
ibr-51_ibr-31_8.txt 0 1456048023 1456048023
ibr-51_ibr-31_9.txt 0 1456048025 1456048025
ibr-51_ibr-33_1.txt 0 1456048024 1456048024
ibr-51_ibr-36_1.txt 0 1456048023 1456048023
ibr-51_ibr-36_2.txt 0 1456048023 1456048023
ibr-51_ibr-36_3.txt 0 1456048023 1456048023
ibr-51_ibr-41_1.txt 1024 1456048024 1456049534
ibr-51_ibr-41_2.txt 0 1456048023 1456048023
ibr-51_ibr-41_3.txt 0 1456048023 1456048023
ibr-51_ibr-46_1.txt 1024 1456048025 1456049214
ibr-51_ibr-46_2.txt 0 1456048025 1456048025
ibr-51_ibr-56_1.txt 1024 1456048023 1456052603
ibr-51_ibr-56_2.txt 0 1456048024 1456048024
ibr-51_ibr-56_3.txt 1024 1456048024 1456052603
ibr-51_ibr-56_4.txt 1024 1456048023 1456052603
ibr-51_ibr-56_5.txt 1024 1456048023 1456052603
ibr-51_ibr-6_1.txt 1024 1456048024 1456049548
ibr-51_ibr-6_2.txt 1024 1456048024 1456052423
ibr-51_ibr-6_3.txt 0 1456048023 1456048023
ibr-51_ibr-6_4.txt 1024 1456048024 1456052423
ibr-51_ibr-6_5.txt 0 1456048024 1456048024
ibr-51_ibr-6_6.txt 1024 1456048023 1456052423
ibr-51_ibr-6_7.txt 1024 1456048023 1456052423
ibr-51_ibr-7_1.txt 0 1456048023 1456048023
ibr-52_ibr-14_1.txt 1024 1456048023 1456049001
ibr-52_ibr-19_1.txt 1024 1456048023 1456051163
ibr-52_ibr-24_1.txt 1024 1456048024 1456051914
ibr-52_ibr-36_1.txt 0 1456048024 1456048024
ibr-52_ibr-51_1.txt 1024 1456048024 1456049128
ibr-52_ibr-54_1.txt 1024 1456048023 1456048689
ibr-53_ibr-15_1.txt 1024 1456048023 1456051353
ibr-53_ibr-2_1.txt 1024 1456048023 1456051754
ibr-53_ibr-24_1.txt 1024 1456048023 1456051473
ibr-53_ibr-26_1.txt 1024 1456048024 1456049174
ibr-53_ibr-35_1.txt 0 1456048023 1456048023
ibr-53_ibr-36_1.txt 1024 1456048024 1456053248
ibr-53_ibr-43_1.txt 1024 1456048023 1456049328
ibr-53_ibr-45_1.txt 1024 1456048023 1456048964
ibr-53_ibr-47_1.txt 1024 1456048024 1456052673
ibr-53_ibr-51_1.txt 0 1456048023 1456048023
ibr-53_ibr-6_1.txt 1024 1456048024 1456051629
ibr-54_ibr-10_1.txt 0 1456048023 1456048023
ibr-54_ibr-12_1.txt 1024 1456048024 1456050878
ibr-54_ibr-25_1.txt 1024 1456048024 1456050118
ibr-54_ibr-25_2.txt 1024 1456048023 1456051338
ibr-54_ibr-30_1.txt 1024 1456048023 1456052293
ibr-54_ibr-3_1.txt 1024 1456048023 1456049853
ibr-54_ibr-32_1.txt 1024 1456048023 1456049858
ibr-54_ibr-40_1.txt 1024 1456048023 1456052648
ibr-54_ibr-47_1.txt 1024 1456048024 1456053013
ibr-54_ibr-52_1.txt 1024 1456048024 1456050013
ibr-54_ibr-53_1.txt 1024 1456048024 1456050253
ibr-55_ibr-28_1.txt 1024 1456048023 1456048989
ibr-55_ibr-29_1.txt 1024 1456048023 1456053673
ibr-55_ibr-30_1.txt 1024 1456048024 1456051838
ibr-55_ibr-36_1.txt 1024 1456048024 1456049493
ibr-55_ibr-37_1.txt 1024 1456048023 1456049088
ibr-55_ibr-41_1.txt 0 1456048024 1456048024
ibr-55_ibr-52_1.txt 1024 1456048023 1456050643
ibr-55_ibr-54_1.txt 0 1456048023 1456048023
ibr-56_ibr-13_1.txt 1024 1456048023 1456050848
ibr-56_ibr-16_1.txt 1024 1456048024 1456051485
ibr-56_ibr-16_2.txt 1024 1456048023 1456053484
ibr-56_ibr-17_1.txt 1024 1456048023 1456049049
ibr-56_ibr-25_1.txt 1024 1456048023 1456053304
ibr-56_ibr-33_1.txt 1024 1456048023 1456048864
ibr-56_ibr-41_1.txt 1024 1456048024 1456053839
ibr-56_ibr-43_1.txt 1024 1456048023 1456053223
ibr-56_ibr-46_1.txt 1024 1456048023 1456049903
ibr-56_ibr-48_1.txt 1024 1456048023 1456049303
ibr-56_ibr-51_1.txt 1024 1456048024 1456052648
ibr-56_ibr-54_1.txt 1024 1456048023 1456050622
ibr-5_ibr-13_1.txt 1024 1456048023 1456051824
ibr-5_ibr-14_1.txt 1024 1456048023 1456051824
ibr-5_ibr-19_1.txt 1024 1456048023 1456048864
ibr-5_ibr-23_1.txt 1024 1456048023 1456050498
ibr-5_ibr-23_2.txt 1024 1456048024 1456051549
ibr-5_ibr-32_1.txt 0 1456048023 1456048023
ibr-5_ibr-36_1.txt 1024 1456048024 1456048977
ibr-5_ibr-36_2.txt 0 1456048023 1456048023
ibr-5_ibr-42_1.txt 1024 1456048024 1456049779
ibr-5_ibr-43_1.txt 1024 1456048023 1456048864
ibr-5_ibr-49_1.txt 1024 1456048023 1456049224
ibr-5_ibr-49_2.txt 1024 1456048023 1456049593
ibr-6_ibr-11_1.txt 0 1456048024 1456048024
ibr-6_ibr-11_2.txt 0 1456048023 1456048023
ibr-6_ibr-11_3.txt 0 1456048024 1456048024
ibr-6_ibr-11_4.txt 0 1456048023 1456048023
ibr-6_ibr-1_1.txt 1024 1456048024 1456052233
ibr-6_ibr-1_2.txt 0 1456048024 1456048024
ibr-6_ibr-1_3.txt 0 1456048023 1456048023
ibr-6_ibr-15_1.txt 1024 1456048023 1456048694
ibr-6_ibr-16_1.txt 1024 1456048024 1456048834
ibr-6_ibr-16_2.txt 1024 1456048023 1456048979
ibr-6_ibr-16_3.txt 1024 1456048023 1456049674
ibr-6_ibr-16_4.txt 0 1456048024 1456048024
ibr-6_ibr-16_5.txt 0 1456048024 1456048024
ibr-6_ibr-16_6.txt 1024 1456048023 1456052388
ibr-6_ibr-16_7.txt 0 1456048023 1456048023
ibr-6_ibr-16_8.txt 0 1456048023 1456048023
ibr-6_ibr-21_10.txt 1024 1456048023 1456053225
ibr-6_ibr-21_1.txt 1024 1456048023 1456048933
ibr-6_ibr-21_2.txt 1024 1456048023 1456049564
ibr-6_ibr-21_3.txt 0 1456048024 1456048024
ibr-6_ibr-21_4.txt 0 1456048024 1456048024
ibr-6_ibr-21_5.txt 0 1456048024 1456048024
ibr-6_ibr-21_6.txt 0 1456048024 1456048024
ibr-6_ibr-21_7.txt 0 1456048023 1456048023
ibr-6_ibr-21_8.txt 0 1456048024 1456048024
ibr-6_ibr-21_9.txt 0 1456048023 1456048023
ibr-6_ibr-26_1.txt 0 1456048023 1456048023
ibr-6_ibr-26_2.txt 1024 1456048023 1456052153
ibr-6_ibr-26_3.txt 0 1456048024 1456048024
ibr-6_ibr-26_4.txt 0 1456048023 1456048023
ibr-6_ibr-26_5.txt 0 1456048023 1456048023
ibr-6_ibr-26_6.txt 0 1456048024 1456048024
ibr-6_ibr-26_7.txt 0 1456048023 1456048023
ibr-6_ibr-28_1.txt 0 1456048023 1456048023
ibr-6_ibr-31_1.txt 1024 1456048023 1456049998
ibr-6_ibr-31_2.txt 1024 1456048025 1456052498
ibr-6_ibr-31_3.txt 0 1456048024 1456048024
ibr-6_ibr-31_4.txt 0 1456048024 1456048024
ibr-6_ibr-31_5.txt 0 1456048023 1456048023
ibr-6_ibr-31_6.txt 1024 1456048023 1456052683
ibr-6_ibr-32_1.txt 0 1456048023 1456048023
ibr-6_ibr-33_1.txt 1024 1456048023 1456048909
ibr-6_ibr-36_1.txt 1024 1456048024 1456049319
ibr-6_ibr-36_2.txt 0 1456048024 1456048024
ibr-6_ibr-36_3.txt 0 1456048023 1456048023
ibr-6_ibr-36_4.txt 0 1456048023 1456048023
ibr-6_ibr-41_1.txt 1024 1456048023 1456048954
ibr-6_ibr-41_2.txt 0 1456048024 1456048024
ibr-6_ibr-41_3.txt 0 1456048024 1456048024
ibr-6_ibr-41_4.txt 0 1456048024 1456048024
ibr-6_ibr-41_5.txt 1024 1456048024 1456053839
ibr-6_ibr-41_6.txt 0 1456048024 1456048024
ibr-6_ibr-4_1.txt 0 1456048023 1456048023
ibr-6_ibr-46_1.txt 1024 1456048023 1456048738
ibr-6_ibr-46_2.txt 1024 1456048023 1456053449
ibr-6_ibr-46_3.txt 0 1456048023 1456048023
ibr-6_ibr-50_1.txt 0 1456048023 1456048023
ibr-6_ibr-51_1.txt 1024 1456048024 1456048998
ibr-6_ibr-51_2.txt 1024 1456048023 1456048998
ibr-6_ibr-51_3.txt 0 1456048024 1456048024
ibr-6_ibr-51_4.txt 0 1456048024 1456048024
ibr-6_ibr-51_5.txt 0 1456048024 1456048024
ibr-6_ibr-51_6.txt 0 1456048023 1456048023
ibr-6_ibr-56_1.txt 0 1456048024 1456048024
ibr-6_ibr-56_2.txt 0 1456048024 1456048024
ibr-6_ibr-56_3.txt 0 1456048023 1456048023
ibr-6_ibr-7_1.txt 0 1456048023 1456048023
ibr-7_ibr-11_1.txt 0 1456048024 1456048024
ibr-7_ibr-11_2.txt 1024 1456048024 1456051645
ibr-7_ibr-13_1.txt 1024 1456048023 1456049634
ibr-7_ibr-24_1.txt 1024 1456048023 1456049598
ibr-7_ibr-24_2.txt 1024 1456048023 1456050233
ibr-7_ibr-24_3.txt 1024 1456048023 1456052588
ibr-7_ibr-27_1.txt 1024 1456048023 1456049548
ibr-7_ibr-36_1.txt 1024 1456048023 1456049053
ibr-7_ibr-37_1.txt 1024 1456048023 1456051053
ibr-7_ibr-38_1.txt 1024 1456048023 1456049618
ibr-7_ibr-48_1.txt 1024 1456048023 1456048939
ibr-7_ibr-56_1.txt 0 1456048023 1456048023
ibr-7_ibr-6_1.txt 1024 1456048023 1456049688
ibr-7_ibr-8_1.txt 1024 1456048023 1456052273
ibr-8_ibr-10_1.txt 1024 1456048023 1456048566
ibr-8_ibr-13_1.txt 1024 1456048023 1456052403
ibr-8_ibr-20_1.txt 1024 1456048023 1456048939
ibr-8_ibr-30_1.txt 0 1456048023 1456048023
ibr-8_ibr-30_2.txt 1024 1456048023 1456052678
ibr-8_ibr-31_1.txt 0 1456048024 1456048024
ibr-8_ibr-36_1.txt 1024 1456048024 1456051624
ibr-8_ibr-47_1.txt 1024 1456048023 1456049354
ibr-8_ibr-48_1.txt 1024 1456048023 1456052718
ibr-8_ibr-53_1.txt 1024 1456048023 1456048934
ibr-8_ibr-7_1.txt 1024 1456048023 1456051299
ibr-8_ibr-7_2.txt 1024 1456048023 1456051299
ibr-9_ibr-10_1.txt 1024 1456048023 1456051049
ibr-9_ibr-15_1.txt 1024 1456048023 1456050598
ibr-9_ibr-16_1.txt 1024 1456048024 1456048834
ibr-9_ibr-18_1.txt 1024 1456048023 1456053183
ibr-9_ibr-22_1.txt 1024 1456048024 1456052983
ibr-9_ibr-25_1.txt 1024 1456048023 1456050793
ibr-9_ibr-33_1.txt 1024 1456048023 1456051248
ibr-9_ibr-37_1.txt 1024 1456048023 1456052573
ibr-9_ibr-43_1.txt 1024 1456048023 1456053078
ibr-9_ibr-45_1.txt 1024 1456048023 1456052713
ibr-9_ibr-49_1.txt 1024 1456048024 1456049439
ibr-9_ibr-49_2.txt 0 1456048024 1456048024
ibr-9_ibr-56_1.txt 0 1456048024 1456048024
