# name size  create_time reach_time
ibr-10_ibr-22_1.txt 1024 1455980523 1455981463
ibr-10_ibr-23_1.txt 1024 1455980523 1455981848
ibr-10_ibr-24_1.txt 1024 1455980524 1455983314
ibr-10_ibr-28_1.txt 1024 1455980523 1455981758
ibr-10_ibr-33_1.txt 1024 1455980523 1455982429
ibr-10_ibr-40_1.txt 1024 1455980523 1455982774
ibr-10_ibr-41_1.txt 1024 1455980524 1455981998
ibr-10_ibr-41_2.txt 1024 1455980524 1455982455
ibr-10_ibr-42_1.txt 1024 1455980524 1455983133
ibr-10_ibr-49_1.txt 1024 1455980524 1455981853
ibr-10_ibr-49_2.txt 1024 1455980523 1455982239
ibr-10_ibr-49_3.txt 1024 1455980523 1455982654
ibr-10_ibr-50_1.txt 1024 1455980524 1455982178
ibr-10_ibr-50_2.txt 1024 1455980523 1455982948
ibr-10_ibr-53_1.txt 1024 1455980524 1455982003
ibr-11_ibr-1_1.txt 1024 1455980524 1455982028
ibr-11_ibr-12_1.txt 1024 1455980523 1455983394
ibr-11_ibr-1_2.txt 1024 1455980524 1455982423
ibr-11_ibr-1_3.txt 1024 1455980525 1455983018
ibr-11_ibr-14_1.txt 1024 1455980523 1455981792
ibr-11_ibr-1_4.txt 1024 1455980524 1455983393
ibr-11_ibr-1_5.txt 1024 1455980525 1455983958
ibr-11_ibr-16_1.txt 1024 1455980524 1455981428
ibr-11_ibr-16_2.txt 1024 1455980524 1455981758
ibr-11_ibr-16_3.txt 1024 1455980525 1455981833
ibr-11_ibr-16_4.txt 1024 1455980524 1455982293
ibr-11_ibr-16_5.txt 1024 1455980524 1455982293
ibr-11_ibr-16_6.txt 1024 1455980524 1455982323
ibr-11_ibr-1_6.txt 1024 1455980524 1455984248
ibr-11_ibr-1_7.txt 1024 1455980525 1455984248
ibr-11_ibr-21_1.txt 1024 1455980525 1455981438
ibr-11_ibr-21_2.txt 1024 1455980525 1455981556
ibr-11_ibr-21_3.txt 1024 1455980524 1455982693
ibr-11_ibr-21_4.txt 1024 1455980525 1455982693
ibr-11_ibr-21_5.txt 1024 1455980525 1455982919
ibr-11_ibr-21_6.txt 1024 1455980525 1455983319
ibr-11_ibr-21_7.txt 1024 1455980525 1455983438
ibr-11_ibr-21_8.txt 1024 1455980524 1455984003
ibr-11_ibr-26_1.txt 1024 1455980524 1455981188
ibr-11_ibr-26_2.txt 1024 1455980524 1455981408
ibr-11_ibr-26_3.txt 1024 1455980524 1455982208
ibr-11_ibr-26_4.txt 1024 1455980524 1455982208
ibr-11_ibr-26_5.txt 1024 1455980524 1455982943
ibr-11_ibr-26_6.txt 1024 1455980524 1455983703
ibr-11_ibr-26_7.txt 1024 1455980524 1455983938
ibr-11_ibr-28_1.txt 1024 1455980523 1455983839
ibr-11_ibr-29_1.txt 1024 1455980523 1455981703
ibr-11_ibr-30_1.txt 1024 1455980524 1455983204
ibr-11_ibr-31_1.txt 1024 1455980524 1455981533
ibr-11_ibr-31_2.txt 1024 1455980524 1455981663
ibr-11_ibr-31_3.txt 1024 1455980524 1455982600
ibr-11_ibr-31_4.txt 1024 1455980524 1455982752
ibr-11_ibr-36_1.txt 1024 1455980523 1455981478
ibr-11_ibr-36_2.txt 1024 1455980524 1455981648
ibr-11_ibr-36_3.txt 1024 1455980524 1455981648
ibr-11_ibr-36_4.txt 1024 1455980524 1455982753
ibr-11_ibr-36_5.txt 1024 1455980524 1455983549
ibr-11_ibr-40_1.txt 1024 1455980524 1455981653
ibr-11_ibr-41_1.txt 1024 1455980524 1455981259
ibr-11_ibr-41_2.txt 1024 1455980524 1455981259
ibr-11_ibr-41_3.txt 1024 1455980524 1455981998
ibr-11_ibr-41_4.txt 1024 1455980524 1455982093
ibr-11_ibr-41_5.txt 1024 1455980524 1455982218
ibr-11_ibr-41_6.txt 1024 1455980524 1455983039
ibr-11_ibr-41_7.txt 1024 1455980524 1455983504
ibr-11_ibr-44_1.txt 1024 1455980523 1455981958
ibr-11_ibr-51_1.txt 1024 1455980525 1455981395
ibr-11_ibr-51_2.txt 1024 1455980525 1455981395
ibr-11_ibr-51_3.txt 1024 1455980524 1455981629
ibr-11_ibr-51_4.txt 1024 1455980525 1455982049
ibr-11_ibr-51_5.txt 1024 1455980525 1455984054
ibr-11_ibr-53_1.txt 1024 1455980523 1455982003
ibr-11_ibr-55_1.txt 1024 1455980523 1455981334
ibr-11_ibr-56_1.txt 1024 1455980524 1455981433
ibr-11_ibr-56_2.txt 1024 1455980524 1455982988
ibr-11_ibr-56_3.txt 1024 1455980525 1455984008
ibr-11_ibr-56_4.txt 1024 1455980524 1455984008
ibr-11_ibr-56_5.txt 1024 1455980525 1455984008
ibr-11_ibr-56_6.txt 1024 1455980525 1455984008
ibr-11_ibr-56_7.txt 1024 1455980524 1455984388
ibr-11_ibr-6_1.txt 1024 1455980524 1455982285
ibr-11_ibr-6_2.txt 1024 1455980524 1455983095
ibr-11_ibr-6_3.txt 1024 1455980524 1455983694
ibr-11_ibr-6_4.txt 1024 1455980524 1455983785
ibr-12_ibr-17_1.txt 1024 1455980523 1455983130
ibr-12_ibr-19_1.txt 1024 1455980523 1455983778
ibr-12_ibr-21_1.txt 1024 1455980525 1455983768
ibr-12_ibr-23_1.txt 1024 1455980523 1455982638
ibr-12_ibr-24_1.txt 1024 1455980523 1455981863
ibr-12_ibr-25_1.txt 1024 1455980524 1455983199
ibr-12_ibr-26_1.txt 1024 1455980524 1455984013
ibr-12_ibr-56_1.txt 1024 1455980524 1455982988
ibr-13_ibr-14_1.txt 1024 1455980523 1455983209
ibr-13_ibr-22_1.txt 1024 1455980523 1455982013
ibr-13_ibr-28_1.txt 1024 1455980523 1455981333
ibr-13_ibr-29_1.txt 1024 1455980524 1455984093
ibr-13_ibr-30_1.txt 1024 1455980524 1455984113
ibr-13_ibr-36_1.txt 1024 1455980524 1455982753
ibr-13_ibr-38_1.txt 1024 1455980523 1455981438
ibr-13_ibr-40_1.txt 1024 1455980523 1455981563
ibr-13_ibr-47_1.txt 1024 1455980524 1455983498
ibr-13_ibr-47_2.txt 1024 1455980524 1455983733
ibr-13_ibr-48_1.txt 1024 1455980524 1455983174
ibr-13_ibr-8_1.txt 1024 1455980523 1455982605
ibr-14_ibr-16_1.txt 1024 1455980525 1455982063
ibr-14_ibr-29_1.txt 1024 1455980524 1455982534
ibr-14_ibr-29_2.txt 1024 1455980524 1455983448
ibr-14_ibr-3_1.txt 1024 1455980523 1455981839
ibr-15_ibr-24_1.txt 1024 1455980523 1455983049
ibr-15_ibr-38_1.txt 1024 1455980523 1455983633
ibr-15_ibr-39_1.txt 1024 1455980523 1455981713
ibr-15_ibr-43_1.txt 1024 1455980524 1455982664
ibr-15_ibr-49_1.txt 1024 1455980523 1455984153
ibr-15_ibr-5_1.txt 1024 1455980523 1455983859
ibr-15_ibr-55_1.txt 1024 1455980523 1455981413
ibr-15_ibr-6_1.txt 1024 1455980524 1455982563
ibr-16_ibr-11_1.txt 1024 1455980524 1455983025
ibr-16_ibr-11_2.txt 1024 1455980524 1455983438
ibr-16_ibr-1_1.txt 1024 1455980524 1455981453
ibr-16_ibr-12_1.txt 1024 1455980523 1455984148
ibr-16_ibr-1_2.txt 1024 1455980524 1455981708
ibr-16_ibr-1_3.txt 1024 1455980524 1455983018
ibr-16_ibr-1_4.txt 1024 1455980524 1455983029
ibr-16_ibr-15_1.txt 1024 1455980523 1455982463
ibr-16_ibr-15_2.txt 1024 1455980523 1455983473
ibr-16_ibr-1_5.txt 1024 1455980525 1455983029
ibr-16_ibr-1_6.txt 1024 1455980524 1455984118
ibr-16_ibr-1_7.txt 1024 1455980524 1455984118
ibr-16_ibr-20_1.txt 1024 1455980524 1455982129
ibr-16_ibr-21_1.txt 1024 1455980525 1455981583
ibr-16_ibr-21_2.txt 1024 1455980525 1455981878
ibr-16_ibr-21_3.txt 1024 1455980525 1455983025
ibr-16_ibr-23_1.txt 1024 1455980523 1455981973
ibr-16_ibr-26_1.txt 1024 1455980524 1455982413
ibr-16_ibr-26_2.txt 1024 1455980524 1455983984
ibr-16_ibr-31_1.txt 1024 1455980524 1455983855
ibr-16_ibr-37_1.txt 1024 1455980523 1455982778
ibr-16_ibr-40_1.txt 1024 1455980524 1455981143
ibr-16_ibr-41_10.txt 1024 1455980524 1455983978
ibr-16_ibr-41_11.txt 1024 1455980524 1455984173
ibr-16_ibr-41_1.txt 1024 1455980524 1455981454
ibr-16_ibr-41_2.txt 1024 1455980524 1455981259
ibr-16_ibr-41_3.txt 1024 1455980524 1455981998
ibr-16_ibr-41_4.txt 1024 1455980524 1455982093
ibr-16_ibr-41_5.txt 1024 1455980524 1455982218
ibr-16_ibr-41_6.txt 1024 1455980524 1455983039
ibr-16_ibr-41_7.txt 1024 1455980524 1455983234
ibr-16_ibr-41_8.txt 1024 1455980524 1455983504
ibr-16_ibr-41_9.txt 1024 1455980524 1455983739
ibr-16_ibr-44_1.txt 1024 1455980523 1455982263
ibr-16_ibr-46_1.txt 1024 1455980524 1455981225
ibr-16_ibr-46_2.txt 1024 1455980524 1455981638
ibr-16_ibr-46_3.txt 1024 1455980524 1455982274
ibr-16_ibr-46_4.txt 1024 1455980524 1455982753
ibr-16_ibr-46_5.txt 1024 1455980524 1455983248
ibr-16_ibr-46_6.txt 1024 1455980524 1455983463
ibr-16_ibr-46_7.txt 1024 1455980524 1455984068
ibr-16_ibr-51_1.txt 1024 1455980524 1455981395
ibr-16_ibr-51_2.txt 1024 1455980524 1455982350
ibr-16_ibr-51_3.txt 1024 1455980524 1455982909
ibr-16_ibr-51_4.txt 1024 1455980524 1455983170
ibr-16_ibr-51_5.txt 1024 1455980524 1455983324
ibr-16_ibr-51_6.txt 1024 1455980524 1455984054
ibr-16_ibr-51_7.txt 1024 1455980525 1455984054
ibr-16_ibr-54_1.txt 1024 1455980524 1455982879
ibr-16_ibr-56_1.txt 1024 1455980524 1455981643
ibr-16_ibr-56_2.txt 1024 1455980524 1455981643
ibr-16_ibr-56_3.txt 1024 1455980525 1455982988
ibr-16_ibr-56_4.txt 1024 1455980524 1455982988
ibr-16_ibr-56_5.txt 1024 1455980524 1455982988
ibr-16_ibr-6_10.txt 1024 1455980524 1455983389
ibr-16_ibr-6_11.txt 1024 1455980524 1455984059
ibr-16_ibr-6_12.txt 1024 1455980524 1455984188
ibr-16_ibr-6_1.txt 1024 1455980524 1455981334
ibr-16_ibr-6_2.txt 1024 1455980524 1455981608
ibr-16_ibr-6_3.txt 1024 1455980524 1455981728
ibr-16_ibr-6_4.txt 1024 1455980524 1455981728
ibr-16_ibr-6_5.txt 1024 1455980524 1455981773
ibr-16_ibr-6_6.txt 1024 1455980524 1455982314
ibr-16_ibr-6_7.txt 1024 1455980524 1455982713
ibr-16_ibr-6_8.txt 1024 1455980524 1455982934
ibr-16_ibr-6_9.txt 1024 1455980524 1455983324
ibr-16_ibr-7_1.txt 1024 1455980523 1455983505
ibr-16_ibr-7_2.txt 1024 1455980524 1455983619
ibr-16_ibr-8_1.txt 1024 1455980523 1455983200
ibr-17_ibr-10_1.txt 1024 1455980523 1455982235
ibr-17_ibr-11_1.txt 1024 1455980524 1455983134
ibr-17_ibr-12_1.txt 1024 1455980523 1455982773
ibr-17_ibr-19_1.txt 1024 1455980524 1455984089
ibr-17_ibr-2_1.txt 1024 1455980523 1455983304
ibr-17_ibr-26_1.txt 1024 1455980524 1455983518
ibr-17_ibr-28_1.txt 1024 1455980523 1455982459
ibr-17_ibr-30_1.txt 1024 1455980524 1455982709
ibr-17_ibr-3_1.txt 1024 1455980523 1455981898
ibr-17_ibr-50_1.txt 1024 1455980523 1455981663
ibr-17_ibr-50_2.txt 1024 1455980524 1455981868
ibr-17_ibr-7_1.txt 1024 1455980523 1455983748
ibr-18_ibr-15_1.txt 1024 1455980523 1455982784
ibr-18_ibr-19_1.txt 1024 1455980524 1455982223
ibr-18_ibr-21_1.txt 1024 1455980524 1455982035
ibr-18_ibr-2_1.txt 1024 1455980523 1455982833
ibr-18_ibr-24_1.txt 1024 1455980524 1455983803
ibr-18_ibr-36_1.txt 1024 1455980524 1455981553
ibr-18_ibr-39_1.txt 1024 1455980524 1455983414
ibr-18_ibr-4_1.txt 1024 1455980524 1455983963
ibr-18_ibr-51_1.txt 1024 1455980524 1455982773
ibr-18_ibr-53_1.txt 1024 1455980524 1455982504
ibr-18_ibr-54_1.txt 1024 1455980523 1455983270
ibr-18_ibr-7_1.txt 1024 1455980523 1455983193
ibr-19_ibr-12_1.txt 1024 1455980523 1455983034
ibr-19_ibr-18_1.txt 1024 1455980523 1455981807
ibr-19_ibr-22_1.txt 1024 1455980523 1455981753
ibr-19_ibr-30_1.txt 1024 1455980523 1455983168
ibr-19_ibr-35_1.txt 1024 1455980523 1455984030
ibr-19_ibr-40_1.txt 1024 1455980523 1455983109
ibr-19_ibr-44_1.txt 1024 1455980523 1455983853
ibr-19_ibr-44_2.txt 1024 1455980524 1455983853
ibr-19_ibr-46_1.txt 1024 1455980524 1455982035
ibr-19_ibr-47_1.txt 1024 1455980525 1455983198
ibr-19_ibr-55_1.txt 1024 1455980523 1455982508
ibr-19_ibr-9_1.txt 1024 1455980524 1455982733
ibr-1_ibr-11_1.txt 1024 1455980524 1455981209
ibr-1_ibr-11_2.txt 1024 1455980524 1455981386
ibr-1_ibr-11_3.txt 1024 1455980524 1455982134
ibr-1_ibr-11_4.txt 1024 1455980524 1455982650
ibr-1_ibr-11_5.txt 1024 1455980524 1455983130
ibr-1_ibr-11_6.txt 1024 1455980524 1455983378
ibr-1_ibr-11_7.txt 1024 1455980524 1455984044
ibr-1_ibr-16_1.txt 1024 1455980525 1455981578
ibr-1_ibr-16_2.txt 1024 1455980524 1455981998
ibr-1_ibr-16_3.txt 1024 1455980525 1455982198
ibr-1_ibr-16_4.txt 1024 1455980524 1455982759
ibr-1_ibr-16_5.txt 1024 1455980525 1455983543
ibr-1_ibr-21_1.txt 1024 1455980525 1455981583
ibr-1_ibr-21_2.txt 1024 1455980524 1455982438
ibr-1_ibr-21_3.txt 1024 1455980525 1455982673
ibr-1_ibr-26_1.txt 1024 1455980524 1455982637
ibr-1_ibr-26_2.txt 1024 1455980524 1455982858
ibr-1_ibr-26_3.txt 1024 1455980524 1455983173
ibr-1_ibr-26_4.txt 1024 1455980524 1455983457
ibr-1_ibr-31_1.txt 1024 1455980524 1455982822
ibr-1_ibr-31_2.txt 1024 1455980524 1455982965
ibr-1_ibr-36_1.txt 1024 1455980524 1455981288
ibr-1_ibr-36_2.txt 1024 1455980524 1455982098
ibr-1_ibr-36_3.txt 1024 1455980524 1455982098
ibr-1_ibr-36_4.txt 1024 1455980524 1455983434
ibr-1_ibr-41_1.txt 1024 1455980524 1455982455
ibr-1_ibr-41_2.txt 1024 1455980524 1455983234
ibr-1_ibr-41_3.txt 1024 1455980524 1455983739
ibr-1_ibr-46_1.txt 1024 1455980524 1455981859
ibr-1_ibr-46_2.txt 1024 1455980524 1455982924
ibr-1_ibr-46_3.txt 1024 1455980524 1455983058
ibr-1_ibr-46_4.txt 1024 1455980524 1455984191
ibr-1_ibr-51_1.txt 1024 1455980524 1455983133
ibr-1_ibr-51_2.txt 1024 1455980524 1455983133
ibr-1_ibr-56_1.txt 1024 1455980525 1455982988
ibr-1_ibr-56_2.txt 1024 1455980525 1455982988
ibr-1_ibr-56_3.txt 1024 1455980524 1455982988
ibr-1_ibr-56_4.txt 1024 1455980525 1455982988
ibr-1_ibr-56_5.txt 1024 1455980524 1455982988
ibr-1_ibr-56_6.txt 1024 1455980524 1455984008
ibr-1_ibr-56_7.txt 1024 1455980524 1455984008
ibr-1_ibr-6_1.txt 1024 1455980524 1455981603
ibr-1_ibr-6_2.txt 1024 1455980524 1455982073
ibr-1_ibr-6_3.txt 1024 1455980524 1455982173
ibr-1_ibr-6_4.txt 1024 1455980524 1455982393
ibr-1_ibr-6_5.txt 1024 1455980524 1455982598
ibr-1_ibr-6_6.txt 1024 1455980524 1455983929
ibr-1_ibr-6_7.txt 1024 1455980524 1455984240
ibr-20_ibr-10_1.txt 1024 1455980525 1455983569
ibr-20_ibr-15_1.txt 1024 1455980523 1455981723
ibr-20_ibr-17_1.txt 1024 1455980523 1455981836
ibr-20_ibr-17_2.txt 1024 1455980524 1455983899
ibr-20_ibr-23_1.txt 1024 1455980525 1455982854
ibr-20_ibr-28_1.txt 1024 1455980524 1455983269
ibr-20_ibr-31_1.txt 1024 1455980524 1455982601
ibr-20_ibr-3_1.txt 1024 1455980523 1455983863
ibr-20_ibr-34_1.txt 1024 1455980524 1455981483
ibr-20_ibr-4_1.txt 1024 1455980523 1455981449
ibr-20_ibr-47_1.txt 1024 1455980525 1455981983
ibr-20_ibr-47_2.txt 1024 1455980524 1455982083
ibr-20_ibr-50_1.txt 1024 1455980523 1455981663
ibr-20_ibr-52_1.txt 1024 1455980523 1455981984
ibr-20_ibr-55_1.txt 1024 1455980523 1455981648
ibr-20_ibr-56_1.txt 1024 1455980524 1455982988
ibr-21_ibr-11_1.txt 1024 1455980524 1455981703
ibr-21_ibr-11_2.txt 1024 1455980524 1455982234
ibr-21_ibr-11_3.txt 1024 1455980524 1455983304
ibr-21_ibr-11_4.txt 1024 1455980524 1455983503
ibr-21_ibr-1_1.txt 1024 1455980524 1455981393
ibr-21_ibr-1_2.txt 1024 1455980524 1455983029
ibr-21_ibr-1_3.txt 1024 1455980524 1455983179
ibr-21_ibr-14_1.txt 1024 1455980524 1455983133
ibr-21_ibr-1_4.txt 1024 1455980524 1455983363
ibr-21_ibr-1_5.txt 1024 1455980524 1455983393
ibr-21_ibr-16_1.txt 1024 1455980524 1455981998
ibr-21_ibr-16_2.txt 1024 1455980525 1455982318
ibr-21_ibr-16_3.txt 1024 1455980525 1455982759
ibr-21_ibr-16_4.txt 1024 1455980525 1455982759
ibr-21_ibr-16_5.txt 1024 1455980525 1455982759
ibr-21_ibr-16_6.txt 1024 1455980525 1455982759
ibr-21_ibr-16_7.txt 1024 1455980525 1455983098
ibr-21_ibr-16_8.txt 1024 1455980525 1455983698
ibr-21_ibr-16_9.txt 1024 1455980524 1455983698
ibr-21_ibr-1_6.txt 1024 1455980525 1455983628
ibr-21_ibr-18_1.txt 1024 1455980523 1455983153
ibr-21_ibr-26_1.txt 1024 1455980524 1455981721
ibr-21_ibr-26_2.txt 1024 1455980524 1455983229
ibr-21_ibr-26_3.txt 1024 1455980524 1455983229
ibr-21_ibr-26_4.txt 1024 1455980524 1455983423
ibr-21_ibr-31_1.txt 1024 1455980524 1455981533
ibr-21_ibr-31_2.txt 1024 1455980524 1455981613
ibr-21_ibr-31_3.txt 1024 1455980524 1455981928
ibr-21_ibr-31_4.txt 1024 1455980524 1455981928
ibr-21_ibr-31_5.txt 1024 1455980524 1455983318
ibr-21_ibr-31_6.txt 1024 1455980524 1455983743
ibr-21_ibr-31_7.txt 1024 1455980524 1455984054
ibr-21_ibr-34_1.txt 1024 1455980523 1455983064
ibr-21_ibr-36_1.txt 1024 1455980524 1455981798
ibr-21_ibr-36_2.txt 1024 1455980524 1455982063
ibr-21_ibr-36_3.txt 1024 1455980524 1455982583
ibr-21_ibr-36_4.txt 1024 1455980524 1455982753
ibr-21_ibr-36_5.txt 1024 1455980524 1455982753
ibr-21_ibr-36_6.txt 1024 1455980524 1455983194
ibr-21_ibr-36_7.txt 1024 1455980524 1455983534
ibr-21_ibr-39_1.txt 1024 1455980523 1455983125
ibr-21_ibr-41_1.txt 1024 1455980524 1455981998
ibr-21_ibr-41_2.txt 1024 1455980524 1455982219
ibr-21_ibr-41_3.txt 1024 1455980524 1455982219
ibr-21_ibr-41_4.txt 1024 1455980524 1455983790
ibr-21_ibr-41_5.txt 1024 1455980524 1455983790
ibr-21_ibr-46_1.txt 1024 1455980524 1455981638
ibr-21_ibr-46_2.txt 1024 1455980524 1455981638
ibr-21_ibr-46_3.txt 1024 1455980524 1455982035
ibr-21_ibr-46_4.txt 1024 1455980524 1455983813
ibr-21_ibr-46_5.txt 1024 1455980524 1455983813
ibr-21_ibr-46_6.txt 1024 1455980524 1455983836
ibr-21_ibr-46_7.txt 1024 1455980524 1455984068
ibr-21_ibr-47_1.txt 1024 1455980524 1455981193
ibr-21_ibr-51_1.txt 1024 1455980525 1455981774
ibr-21_ibr-51_2.txt 1024 1455980524 1455982428
ibr-21_ibr-51_3.txt 1024 1455980524 1455982428
ibr-21_ibr-5_1.txt 1024 1455980523 1455982964
ibr-21_ibr-55_1.txt 1024 1455980523 1455982098
ibr-21_ibr-56_1.txt 1024 1455980525 1455981433
ibr-21_ibr-56_2.txt 1024 1455980524 1455982988
ibr-21_ibr-56_3.txt 1024 1455980524 1455982988
ibr-21_ibr-56_4.txt 1024 1455980524 1455984008
ibr-21_ibr-56_5.txt 1024 1455980525 1455984008
ibr-21_ibr-56_6.txt 1024 1455980525 1455984388
ibr-21_ibr-6_1.txt 1024 1455980524 1455981350
ibr-21_ibr-6_2.txt 1024 1455980524 1455981246
ibr-21_ibr-6_3.txt 1024 1455980524 1455982213
ibr-21_ibr-6_4.txt 1024 1455980524 1455982598
ibr-21_ibr-6_5.txt 1024 1455980524 1455983880
ibr-21_ibr-8_1.txt 1024 1455980523 1455981223
ibr-22_ibr-15_1.txt 1024 1455980523 1455983234
ibr-22_ibr-19_1.txt 1024 1455980523 1455983968
ibr-22_ibr-2_1.txt 1024 1455980523 1455982833
ibr-22_ibr-24_1.txt 1024 1455980524 1455983134
ibr-22_ibr-25_1.txt 1024 1455980524 1455984008
ibr-22_ibr-35_1.txt 1024 1455980523 1455983468
ibr-22_ibr-40_1.txt 1024 1455980523 1455981558
ibr-22_ibr-40_2.txt 1024 1455980524 1455983534
ibr-22_ibr-4_1.txt 1024 1455980524 1455983908
ibr-22_ibr-47_1.txt 1024 1455980524 1455983928
ibr-22_ibr-49_1.txt 1024 1455980523 1455983448
ibr-22_ibr-52_1.txt 1024 1455980524 1455984059
ibr-22_ibr-9_1.txt 1024 1455980523 1455981278
ibr-23_ibr-16_1.txt 1024 1455980525 1455981293
ibr-23_ibr-19_1.txt 1024 1455980524 1455982293
ibr-23_ibr-21_1.txt 1024 1455980524 1455983319
ibr-23_ibr-25_1.txt 1024 1455980524 1455982348
ibr-23_ibr-30_1.txt 1024 1455980524 1455983719
ibr-23_ibr-31_1.txt 1024 1455980524 1455982268
ibr-23_ibr-31_2.txt 1024 1455980524 1455984273
ibr-23_ibr-34_1.txt 1024 1455980523 1455981403
ibr-23_ibr-44_1.txt 1024 1455980523 1455982643
ibr-23_ibr-47_1.txt 1024 1455980524 1455982183
ibr-23_ibr-49_1.txt 1024 1455980525 1455983753
ibr-23_ibr-51_1.txt 1024 1455980524 1455982985
ibr-23_ibr-52_1.txt 1024 1455980523 1455981734
ibr-24_ibr-16_1.txt 1024 1455980525 1455982898
ibr-24_ibr-22_1.txt 1024 1455980523 1455981863
ibr-24_ibr-26_1.txt 1024 1455980524 1455981433
ibr-24_ibr-32_1.txt 1024 1455980523 1455982989
ibr-24_ibr-36_1.txt 1024 1455980523 1455981553
ibr-24_ibr-38_1.txt 1024 1455980523 1455982958
ibr-24_ibr-41_1.txt 1024 1455980524 1455982455
ibr-24_ibr-41_2.txt 1024 1455980524 1455982671
ibr-24_ibr-4_1.txt 1024 1455980524 1455981763
ibr-24_ibr-9_1.txt 1024 1455980524 1455982213
ibr-25_ibr-13_1.txt 1024 1455980523 1455983978
ibr-25_ibr-23_1.txt 1024 1455980524 1455983308
ibr-25_ibr-24_1.txt 1024 1455980523 1455982688
ibr-25_ibr-29_1.txt 1024 1455980524 1455981383
ibr-25_ibr-29_2.txt 1024 1455980524 1455981523
ibr-25_ibr-40_1.txt 1024 1455980524 1455983449
ibr-25_ibr-42_1.txt 1024 1455980524 1455983139
ibr-25_ibr-53_1.txt 1024 1455980524 1455981658
ibr-25_ibr-53_2.txt 1024 1455980524 1455982458
ibr-25_ibr-53_3.txt 1024 1455980524 1455983153
ibr-25_ibr-54_1.txt 1024 1455980524 1455982593
ibr-25_ibr-55_1.txt 1024 1455980523 1455982404
ibr-25_ibr-55_2.txt 1024 1455980523 1455983143
ibr-25_ibr-56_1.txt 1024 1455980524 1455981433
ibr-25_ibr-56_2.txt 1024 1455980524 1455981433
ibr-25_ibr-6_1.txt 1024 1455980524 1455982373
ibr-25_ibr-7_1.txt 1024 1455980523 1455982558
ibr-26_ibr-11_1.txt 1024 1455980524 1455981393
ibr-26_ibr-11_2.txt 1024 1455980524 1455982239
ibr-26_ibr-11_3.txt 1024 1455980524 1455983130
ibr-26_ibr-11_4.txt 1024 1455980524 1455983130
ibr-26_ibr-11_5.txt 1024 1455980524 1455983229
ibr-26_ibr-1_1.txt 1024 1455980524 1455984118
ibr-26_ibr-16_1.txt 1024 1455980524 1455981998
ibr-26_ibr-16_2.txt 1024 1455980524 1455982318
ibr-26_ibr-16_3.txt 1024 1455980524 1455982318
ibr-26_ibr-16_4.txt 1024 1455980524 1455982323
ibr-26_ibr-16_5.txt 1024 1455980524 1455983064
ibr-26_ibr-16_6.txt 1024 1455980525 1455983543
ibr-26_ibr-16_7.txt 1024 1455980524 1455983753
ibr-26_ibr-16_8.txt 1024 1455980525 1455983988
ibr-26_ibr-17_1.txt 1024 1455980523 1455982183
ibr-26_ibr-19_1.txt 1024 1455980523 1455982468
ibr-26_ibr-20_1.txt 1024 1455980523 1455982323
ibr-26_ibr-21_1.txt 1024 1455980525 1455981732
ibr-26_ibr-21_2.txt 1024 1455980525 1455982058
ibr-26_ibr-21_3.txt 1024 1455980524 1455982058
ibr-26_ibr-21_4.txt 1024 1455980525 1455982223
ibr-26_ibr-21_5.txt 1024 1455980525 1455982919
ibr-26_ibr-21_6.txt 1024 1455980525 1455983668
ibr-26_ibr-21_7.txt 1024 1455980525 1455984003
ibr-26_ibr-23_1.txt 1024 1455980523 1455984543
ibr-26_ibr-31_1.txt 1024 1455980524 1455981533
ibr-26_ibr-31_2.txt 1024 1455980524 1455981948
ibr-26_ibr-31_3.txt 1024 1455980524 1455982073
ibr-26_ibr-31_4.txt 1024 1455980524 1455982073
ibr-26_ibr-31_5.txt 1024 1455980525 1455982428
ibr-26_ibr-31_6.txt 1024 1455980524 1455983941
ibr-26_ibr-35_1.txt 1024 1455980523 1455981333
ibr-26_ibr-36_1.txt 1024 1455980524 1455981798
ibr-26_ibr-36_2.txt 1024 1455980524 1455983214
ibr-26_ibr-36_3.txt 1024 1455980524 1455983803
ibr-26_ibr-36_4.txt 1024 1455980524 1455983803
ibr-26_ibr-37_1.txt 1024 1455980524 1455981613
ibr-26_ibr-41_1.txt 1024 1455980524 1455981259
ibr-26_ibr-41_2.txt 1024 1455980524 1455981259
ibr-26_ibr-41_3.txt 1024 1455980524 1455981559
ibr-26_ibr-41_4.txt 1024 1455980524 1455981998
ibr-26_ibr-41_5.txt 1024 1455980524 1455983039
ibr-26_ibr-41_6.txt 1024 1455980524 1455983504
ibr-26_ibr-41_7.txt 1024 1455980524 1455983504
ibr-26_ibr-41_8.txt 1024 1455980524 1455983504
ibr-26_ibr-42_1.txt 1024 1455980523 1455982444
ibr-26_ibr-46_1.txt 1024 1455980524 1455981468
ibr-26_ibr-46_2.txt 1024 1455980524 1455981907
ibr-26_ibr-46_3.txt 1024 1455980524 1455982680
ibr-26_ibr-46_4.txt 1024 1455980524 1455983489
ibr-26_ibr-47_1.txt 1024 1455980524 1455982920
ibr-26_ibr-48_1.txt 1024 1455980523 1455981928
ibr-26_ibr-51_1.txt 1024 1455980525 1455982150
ibr-26_ibr-51_2.txt 1024 1455980524 1455982773
ibr-26_ibr-51_3.txt 1024 1455980524 1455983160
ibr-26_ibr-51_4.txt 1024 1455980525 1455983745
ibr-26_ibr-51_5.txt 1024 1455980525 1455983904
ibr-26_ibr-51_6.txt 1024 1455980524 1455984054
ibr-26_ibr-52_1.txt 1024 1455980523 1455981887
ibr-26_ibr-52_2.txt 1024 1455980523 1455982718
ibr-26_ibr-53_1.txt 1024 1455980523 1455983388
ibr-26_ibr-56_1.txt 1024 1455980524 1455982988
ibr-26_ibr-56_2.txt 1024 1455980524 1455984008
ibr-26_ibr-56_3.txt 1024 1455980524 1455984008
ibr-26_ibr-6_1.txt 1024 1455980524 1455982483
ibr-26_ibr-6_2.txt 1024 1455980524 1455982934
ibr-26_ibr-6_3.txt 1024 1455980524 1455983459
ibr-26_ibr-6_4.txt 1024 1455980524 1455984128
ibr-26_ibr-6_5.txt 1024 1455980524 1455984128
ibr-26_ibr-6_6.txt 1024 1455980524 1455984240
ibr-26_ibr-8_1.txt 1024 1455980523 1455981334
ibr-27_ibr-16_1.txt 1024 1455980525 1455982563
ibr-27_ibr-33_1.txt 1024 1455980523 1455981929
ibr-27_ibr-33_2.txt 1024 1455980523 1455983024
ibr-27_ibr-37_1.txt 1024 1455980524 1455983454
ibr-27_ibr-47_1.txt 1024 1455980525 1455982420
ibr-27_ibr-51_1.txt 1024 1455980524 1455984054
ibr-28_ibr-10_1.txt 1024 1455980523 1455984164
ibr-28_ibr-17_1.txt 1024 1455980524 1455982183
ibr-28_ibr-18_1.txt 1024 1455980523 1455983773
ibr-28_ibr-27_1.txt 1024 1455980523 1455983879
ibr-28_ibr-3_1.txt 1024 1455980523 1455982594
ibr-28_ibr-34_1.txt 1024 1455980524 1455984278
ibr-28_ibr-4_1.txt 1024 1455980524 1455983120
ibr-28_ibr-42_1.txt 1024 1455980523 1455981798
ibr-28_ibr-42_2.txt 1024 1455980524 1455983173
ibr-28_ibr-48_1.txt 1024 1455980524 1455983844
ibr-28_ibr-51_1.txt 1024 1455980525 1455982773
ibr-28_ibr-56_1.txt 1024 1455980525 1455984008
ibr-28_ibr-9_1.txt 1024 1455980524 1455984028
ibr-29_ibr-20_1.txt 1024 1455980523 1455983994
ibr-29_ibr-2_1.txt 1024 1455980523 1455981878
ibr-29_ibr-39_1.txt 1024 1455980523 1455983028
ibr-29_ibr-47_1.txt 1024 1455980524 1455983068
ibr-29_ibr-5_1.txt 1024 1455980523 1455981708
ibr-29_ibr-52_1.txt 1024 1455980524 1455982119
ibr-29_ibr-52_2.txt 1024 1455980524 1455982508
ibr-2_ibr-14_1.txt 1024 1455980523 1455982087
ibr-2_ibr-29_1.txt 1024 1455980524 1455981713
ibr-2_ibr-30_1.txt 1024 1455980524 1455981783
ibr-2_ibr-42_1.txt 1024 1455980523 1455982241
ibr-2_ibr-48_1.txt 1024 1455980523 1455982143
ibr-2_ibr-48_2.txt 1024 1455980524 1455982748
ibr-2_ibr-50_1.txt 1024 1455980523 1455981664
ibr-2_ibr-53_1.txt 1024 1455980524 1455981838
ibr-2_ibr-54_1.txt 1024 1455980523 1455981988
ibr-2_ibr-7_1.txt 1024 1455980523 1455982949
ibr-2_ibr-7_2.txt 1024 1455980523 1455983858
ibr-30_ibr-17_1.txt 1024 1455980523 1455981901
ibr-30_ibr-18_1.txt 1024 1455980523 1455981303
ibr-30_ibr-24_1.txt 1024 1455980524 1455983973
ibr-30_ibr-36_1.txt 1024 1455980524 1455982783
ibr-30_ibr-40_1.txt 1024 1455980523 1455981743
ibr-30_ibr-41_1.txt 1024 1455980524 1455983234
ibr-30_ibr-44_1.txt 1024 1455980523 1455982493
ibr-30_ibr-45_1.txt 1024 1455980523 1455983034
ibr-30_ibr-50_1.txt 1024 1455980524 1455982803
ibr-30_ibr-50_2.txt 1024 1455980524 1455984113
ibr-31_ibr-11_1.txt 1024 1455980524 1455982038
ibr-31_ibr-11_2.txt 1024 1455980524 1455982760
ibr-31_ibr-11_3.txt 1024 1455980524 1455983749
ibr-31_ibr-11_4.txt 1024 1455980524 1455984074
ibr-31_ibr-1_1.txt 1024 1455980524 1455981268
ibr-31_ibr-1_2.txt 1024 1455980524 1455982423
ibr-31_ibr-1_3.txt 1024 1455980524 1455983029
ibr-31_ibr-1_4.txt 1024 1455980524 1455983363
ibr-31_ibr-1_5.txt 1024 1455980524 1455983634
ibr-31_ibr-16_1.txt 1024 1455980524 1455982573
ibr-31_ibr-16_2.txt 1024 1455980525 1455982759
ibr-31_ibr-16_3.txt 1024 1455980524 1455983988
ibr-31_ibr-20_1.txt 1024 1455980524 1455981426
ibr-31_ibr-20_2.txt 1024 1455980524 1455982684
ibr-31_ibr-21_1.txt 1024 1455980524 1455982058
ibr-31_ibr-21_2.txt 1024 1455980525 1455982919
ibr-31_ibr-21_3.txt 1024 1455980525 1455983319
ibr-31_ibr-21_4.txt 1024 1455980524 1455984298
ibr-31_ibr-26_1.txt 1024 1455980524 1455981486
ibr-31_ibr-26_2.txt 1024 1455980524 1455981833
ibr-31_ibr-26_3.txt 1024 1455980524 1455981944
ibr-31_ibr-26_4.txt 1024 1455980524 1455982033
ibr-31_ibr-26_5.txt 1024 1455980524 1455982338
ibr-31_ibr-26_6.txt 1024 1455980524 1455983179
ibr-31_ibr-26_7.txt 1024 1455980524 1455983423
ibr-31_ibr-26_8.txt 1024 1455980524 1455983908
ibr-31_ibr-26_9.txt 1024 1455980524 1455983938
ibr-31_ibr-33_1.txt 1024 1455980523 1455981199
ibr-31_ibr-34_1.txt 1024 1455980523 1455981694
ibr-31_ibr-35_1.txt 1024 1455980524 1455983489
ibr-31_ibr-36_1.txt 1024 1455980524 1455981553
ibr-31_ibr-36_2.txt 1024 1455980524 1455981563
ibr-31_ibr-36_3.txt 1024 1455980524 1455981798
ibr-31_ibr-36_4.txt 1024 1455980524 1455983201
ibr-31_ibr-36_5.txt 1024 1455980524 1455983803
ibr-31_ibr-36_6.txt 1024 1455980524 1455984093
ibr-31_ibr-38_1.txt 1024 1455980523 1455983649
ibr-31_ibr-41_10.txt 1024 1455980524 1455984173
ibr-31_ibr-41_1.txt 1024 1455980524 1455981259
ibr-31_ibr-41_2.txt 1024 1455980524 1455981259
ibr-31_ibr-41_3.txt 1024 1455980524 1455982220
ibr-31_ibr-41_4.txt 1024 1455980524 1455982219
ibr-31_ibr-41_5.txt 1024 1455980524 1455982575
ibr-31_ibr-41_6.txt 1024 1455980524 1455983039
ibr-31_ibr-41_7.txt 1024 1455980524 1455983504
ibr-31_ibr-41_8.txt 1024 1455980524 1455983739
ibr-31_ibr-41_9.txt 1024 1455980524 1455983978
ibr-31_ibr-46_1.txt 1024 1455980524 1455981638
ibr-31_ibr-46_2.txt 1024 1455980524 1455982035
ibr-31_ibr-46_3.txt 1024 1455980523 1455982169
ibr-31_ibr-46_4.txt 1024 1455980523 1455982274
ibr-31_ibr-46_5.txt 1024 1455980524 1455982274
ibr-31_ibr-46_6.txt 1024 1455980524 1455982309
ibr-31_ibr-46_7.txt 1024 1455980524 1455982753
ibr-31_ibr-46_8.txt 1024 1455980524 1455983170
ibr-31_ibr-46_9.txt 1024 1455980524 1455983489
ibr-31_ibr-51_1.txt 1024 1455980524 1455983324
ibr-31_ibr-54_1.txt 1024 1455980523 1455981988
ibr-31_ibr-56_1.txt 1024 1455980525 1455982988
ibr-31_ibr-56_2.txt 1024 1455980525 1455982988
ibr-31_ibr-56_3.txt 1024 1455980524 1455982988
ibr-31_ibr-56_4.txt 1024 1455980524 1455983018
ibr-31_ibr-6_1.txt 1024 1455980524 1455981440
ibr-31_ibr-6_2.txt 1024 1455980524 1455981440
ibr-31_ibr-6_3.txt 1024 1455980524 1455982188
ibr-31_ibr-6_4.txt 1024 1455980524 1455982314
ibr-31_ibr-6_5.txt 1024 1455980524 1455982934
ibr-31_ibr-6_6.txt 1024 1455980524 1455984128
ibr-32_ibr-12_1.txt 1024 1455980523 1455983214
ibr-32_ibr-16_1.txt 1024 1455980525 1455982573
ibr-32_ibr-19_1.txt 1024 1455980523 1455982714
ibr-32_ibr-21_1.txt 1024 1455980524 1455981878
ibr-32_ibr-40_1.txt 1024 1455980523 1455981073
ibr-32_ibr-50_1.txt 1024 1455980524 1455982913
ibr-32_ibr-54_1.txt 1024 1455980524 1455982618
ibr-33_ibr-13_1.txt 1024 1455980523 1455983908
ibr-33_ibr-14_1.txt 1024 1455980524 1455982869
ibr-33_ibr-19_1.txt 1024 1455980523 1455982468
ibr-33_ibr-20_1.txt 1024 1455980524 1455981723
ibr-33_ibr-22_1.txt 1024 1455980523 1455981603
ibr-33_ibr-31_1.txt 1024 1455980524 1455982436
ibr-33_ibr-34_1.txt 1024 1455980523 1455983775
ibr-33_ibr-39_1.txt 1024 1455980523 1455983294
ibr-33_ibr-4_1.txt 1024 1455980523 1455982859
ibr-33_ibr-43_1.txt 1024 1455980523 1455981428
ibr-33_ibr-46_1.txt 1024 1455980524 1455983489
ibr-33_ibr-47_1.txt 1024 1455980524 1455984068
ibr-33_ibr-48_1.txt 1024 1455980524 1455983239
ibr-33_ibr-49_1.txt 1024 1455980524 1455983483
ibr-33_ibr-53_1.txt 1024 1455980524 1455981658
ibr-33_ibr-56_1.txt 1024 1455980525 1455981433
ibr-34_ibr-18_1.txt 1024 1455980523 1455984254
ibr-34_ibr-20_1.txt 1024 1455980523 1455981538
ibr-34_ibr-20_2.txt 1024 1455980524 1455983738
ibr-34_ibr-22_1.txt 1024 1455980524 1455982663
ibr-34_ibr-23_1.txt 1024 1455980523 1455982328
ibr-34_ibr-25_1.txt 1024 1455980524 1455983199
ibr-34_ibr-26_1.txt 1024 1455980524 1455981542
ibr-34_ibr-38_1.txt 1024 1455980523 1455982958
ibr-34_ibr-39_1.txt 1024 1455980523 1455982714
ibr-34_ibr-4_1.txt 1024 1455980524 1455983304
ibr-34_ibr-48_1.txt 1024 1455980524 1455982453
ibr-34_ibr-50_1.txt 1024 1455980524 1455982913
ibr-34_ibr-9_1.txt 1024 1455980524 1455982924
ibr-35_ibr-10_1.txt 1024 1455980523 1455981403
ibr-35_ibr-17_1.txt 1024 1455980524 1455983968
ibr-35_ibr-23_1.txt 1024 1455980523 1455981219
ibr-35_ibr-29_1.txt 1024 1455980524 1455982671
ibr-35_ibr-33_1.txt 1024 1455980523 1455981064
ibr-35_ibr-8_1.txt 1024 1455980525 1455983269
ibr-36_ibr-10_1.txt 1024 1455980523 1455981433
ibr-36_ibr-11_1.txt 1024 1455980524 1455982193
ibr-36_ibr-11_2.txt 1024 1455980524 1455982760
ibr-36_ibr-11_3.txt 1024 1455980524 1455982760
ibr-36_ibr-11_4.txt 1024 1455980524 1455983229
ibr-36_ibr-11_5.txt 1024 1455980524 1455983680
ibr-36_ibr-1_1.txt 1024 1455980524 1455982203
ibr-36_ibr-1_2.txt 1024 1455980524 1455983029
ibr-36_ibr-1_3.txt 1024 1455980524 1455983478
ibr-36_ibr-1_4.txt 1024 1455980524 1455984118
ibr-36_ibr-16_1.txt 1024 1455980524 1455981903
ibr-36_ibr-16_2.txt 1024 1455980525 1455982118
ibr-36_ibr-16_3.txt 1024 1455980525 1455982573
ibr-36_ibr-16_4.txt 1024 1455980525 1455983633
ibr-36_ibr-16_5.txt 1024 1455980524 1455983753
ibr-36_ibr-16_6.txt 1024 1455980524 1455983763
ibr-36_ibr-16_7.txt 1024 1455980524 1455983988
ibr-36_ibr-21_1.txt 1024 1455980525 1455982438
ibr-36_ibr-21_2.txt 1024 1455980525 1455984028
ibr-36_ibr-21_3.txt 1024 1455980525 1455984143
ibr-36_ibr-25_1.txt 1024 1455980524 1455983793
ibr-36_ibr-26_1.txt 1024 1455980524 1455981408
ibr-36_ibr-26_2.txt 1024 1455980524 1455981674
ibr-36_ibr-26_3.txt 1024 1455980524 1455981674
ibr-36_ibr-26_4.txt 1024 1455980524 1455983913
ibr-36_ibr-31_1.txt 1024 1455980524 1455982074
ibr-36_ibr-31_2.txt 1024 1455980524 1455982278
ibr-36_ibr-31_3.txt 1024 1455980525 1455982805
ibr-36_ibr-31_4.txt 1024 1455980524 1455983211
ibr-36_ibr-31_5.txt 1024 1455980524 1455983211
ibr-36_ibr-31_6.txt 1024 1455980524 1455984273
ibr-36_ibr-41_1.txt 1024 1455980524 1455981559
ibr-36_ibr-41_2.txt 1024 1455980524 1455982220
ibr-36_ibr-41_3.txt 1024 1455980524 1455982220
ibr-36_ibr-41_4.txt 1024 1455980524 1455983978
ibr-36_ibr-42_1.txt 1024 1455980523 1455981783
ibr-36_ibr-46_1.txt 1024 1455980524 1455981638
ibr-36_ibr-46_2.txt 1024 1455980524 1455982924
ibr-36_ibr-46_3.txt 1024 1455980524 1455983761
ibr-36_ibr-46_4.txt 1024 1455980524 1455983761
ibr-36_ibr-46_5.txt 1024 1455980524 1455983761
ibr-36_ibr-46_6.txt 1024 1455980524 1455983761
ibr-36_ibr-50_1.txt 1024 1455980524 1455983768
ibr-36_ibr-51_1.txt 1024 1455980525 1455982049
ibr-36_ibr-51_2.txt 1024 1455980524 1455982243
ibr-36_ibr-51_3.txt 1024 1455980524 1455982469
ibr-36_ibr-51_4.txt 1024 1455980524 1455983324
ibr-36_ibr-51_5.txt 1024 1455980524 1455983415
ibr-36_ibr-51_6.txt 1024 1455980524 1455983729
ibr-36_ibr-51_7.txt 1024 1455980524 1455983729
ibr-36_ibr-51_8.txt 1024 1455980525 1455984286
ibr-36_ibr-53_1.txt 1024 1455980523 1455981378
ibr-36_ibr-56_1.txt 1024 1455980524 1455981643
ibr-36_ibr-56_2.txt 1024 1455980524 1455981643
ibr-36_ibr-56_3.txt 1024 1455980525 1455981643
ibr-36_ibr-56_4.txt 1024 1455980524 1455982988
ibr-36_ibr-56_5.txt 1024 1455980524 1455982988
ibr-36_ibr-56_6.txt 1024 1455980524 1455982988
ibr-36_ibr-56_7.txt 1024 1455980524 1455982988
ibr-36_ibr-56_8.txt 1024 1455980524 1455982988
ibr-36_ibr-56_9.txt 1024 1455980525 1455985103
ibr-36_ibr-6_1.txt 1024 1455980524 1455981220
ibr-36_ibr-6_2.txt 1024 1455980524 1455983269
ibr-36_ibr-6_3.txt 1024 1455980524 1455983899
ibr-37_ibr-11_1.txt 1024 1455980524 1455982519
ibr-37_ibr-19_1.txt 1024 1455980523 1455982118
ibr-37_ibr-23_1.txt 1024 1455980524 1455982904
ibr-37_ibr-41_1.txt 1024 1455980524 1455983234
ibr-37_ibr-4_1.txt 1024 1455980524 1455982753
ibr-37_ibr-42_1.txt 1024 1455980523 1455982444
ibr-37_ibr-7_1.txt 1024 1455980523 1455982803
ibr-38_ibr-12_1.txt 1024 1455980524 1455983214
ibr-38_ibr-20_1.txt 1024 1455980523 1455982554
ibr-38_ibr-32_1.txt 1024 1455980523 1455981933
ibr-38_ibr-39_1.txt 1024 1455980523 1455981373
ibr-38_ibr-42_1.txt 1024 1455980524 1455983133
ibr-38_ibr-45_1.txt 1024 1455980523 1455982043
ibr-38_ibr-45_2.txt 1024 1455980523 1455983449
ibr-38_ibr-46_1.txt 1024 1455980524 1455982035
ibr-38_ibr-47_1.txt 1024 1455980524 1455983138
ibr-38_ibr-48_1.txt 1024 1455980523 1455982268
ibr-38_ibr-51_1.txt 1024 1455980525 1455983729
ibr-38_ibr-55_1.txt 1024 1455980523 1455983628
ibr-39_ibr-13_1.txt 1024 1455980523 1455983908
ibr-39_ibr-15_1.txt 1024 1455980523 1455982178
ibr-39_ibr-23_1.txt 1024 1455980525 1455982638
ibr-39_ibr-29_1.txt 1024 1455980524 1455984018
ibr-39_ibr-41_1.txt 1024 1455980524 1455982575
ibr-39_ibr-50_1.txt 1024 1455980524 1455983833
ibr-39_ibr-52_1.txt 1024 1455980524 1455981964
ibr-39_ibr-54_1.txt 1024 1455980524 1455982468
ibr-39_ibr-6_1.txt 1024 1455980524 1455983324
ibr-39_ibr-6_2.txt 1024 1455980524 1455983348
ibr-3_ibr-10_1.txt 1024 1455980523 1455983489
ibr-3_ibr-12_1.txt 1024 1455980524 1455981463
ibr-3_ibr-18_1.txt 1024 1455980523 1455983863
ibr-3_ibr-39_1.txt 1024 1455980523 1455983263
ibr-3_ibr-4_1.txt 1024 1455980523 1455981998
ibr-3_ibr-45_1.txt 1024 1455980523 1455984018
ibr-3_ibr-49_1.txt 1024 1455980523 1455983424
ibr-3_ibr-5_1.txt 1024 1455980523 1455982529
ibr-40_ibr-14_1.txt 1024 1455980523 1455981308
ibr-40_ibr-26_1.txt 1024 1455980524 1455981408
ibr-40_ibr-27_1.txt 1024 1455980523 1455982529
ibr-40_ibr-31_1.txt 1024 1455980524 1455983318
ibr-40_ibr-3_1.txt 1024 1455980523 1455981878
ibr-40_ibr-32_1.txt 1024 1455980524 1455983837
ibr-40_ibr-34_1.txt 1024 1455980523 1455983323
ibr-40_ibr-35_1.txt 1024 1455980523 1455981553
ibr-40_ibr-37_1.txt 1024 1455980524 1455983134
ibr-40_ibr-38_1.txt 1024 1455980523 1455983144
ibr-40_ibr-39_1.txt 1024 1455980524 1455983194
ibr-40_ibr-4_1.txt 1024 1455980524 1455982703
ibr-40_ibr-42_1.txt 1024 1455980524 1455983573
ibr-40_ibr-48_1.txt 1024 1455980523 1455981698
ibr-41_ibr-10_1.txt 1024 1455980524 1455981548
ibr-41_ibr-10_2.txt 1024 1455980523 1455984239
ibr-41_ibr-11_1.txt 1024 1455980524 1455981516
ibr-41_ibr-11_2.txt 1024 1455980524 1455982749
ibr-41_ibr-11_3.txt 1024 1455980524 1455984074
ibr-41_ibr-11_4.txt 1024 1455980524 1455984084
ibr-41_ibr-1_1.txt 1024 1455980524 1455982203
ibr-41_ibr-1_2.txt 1024 1455980524 1455982534
ibr-41_ibr-1_3.txt 1024 1455980524 1455984248
ibr-41_ibr-1_4.txt 1024 1455980524 1455984248
ibr-41_ibr-16_1.txt 1024 1455980525 1455983224
ibr-41_ibr-16_2.txt 1024 1455980524 1455983224
ibr-41_ibr-16_3.txt 1024 1455980525 1455983224
ibr-41_ibr-16_4.txt 1024 1455980524 1455984133
ibr-41_ibr-16_5.txt 1024 1455980524 1455984393
ibr-41_ibr-19_1.txt 1024 1455980524 1455982118
ibr-41_ibr-21_1.txt 1024 1455980525 1455981328
ibr-41_ibr-21_2.txt 1024 1455980524 1455981878
ibr-41_ibr-21_3.txt 1024 1455980525 1455981878
ibr-41_ibr-21_4.txt 1024 1455980524 1455982643
ibr-41_ibr-21_5.txt 1024 1455980524 1455983319
ibr-41_ibr-21_6.txt 1024 1455980525 1455983319
ibr-41_ibr-21_7.txt 1024 1455980525 1455983669
ibr-41_ibr-21_8.txt 1024 1455980525 1455984143
ibr-41_ibr-25_1.txt 1024 1455980523 1455984394
ibr-41_ibr-30_1.txt 1024 1455980523 1455983488
ibr-41_ibr-31_1.txt 1024 1455980524 1455982403
ibr-41_ibr-31_2.txt 1024 1455980525 1455982698
ibr-41_ibr-31_3.txt 1024 1455980524 1455982698
ibr-41_ibr-36_1.txt 1024 1455980524 1455982208
ibr-41_ibr-36_2.txt 1024 1455980524 1455982583
ibr-41_ibr-36_3.txt 1024 1455980524 1455984123
ibr-41_ibr-37_1.txt 1024 1455980524 1455982783
ibr-41_ibr-43_1.txt 1024 1455980523 1455982109
ibr-41_ibr-46_1.txt 1024 1455980524 1455982035
ibr-41_ibr-46_2.txt 1024 1455980523 1455982035
ibr-41_ibr-46_3.txt 1024 1455980524 1455982284
ibr-41_ibr-46_4.txt 1024 1455980523 1455982284
ibr-41_ibr-46_5.txt 1024 1455980524 1455983170
ibr-41_ibr-46_6.txt 1024 1455980524 1455983525
ibr-41_ibr-51_1.txt 1024 1455980525 1455982243
ibr-41_ibr-51_2.txt 1024 1455980525 1455983170
ibr-41_ibr-51_3.txt 1024 1455980525 1455983170
ibr-41_ibr-51_4.txt 1024 1455980524 1455983170
ibr-41_ibr-51_5.txt 1024 1455980525 1455984340
ibr-41_ibr-56_1.txt 1024 1455980525 1455982988
ibr-41_ibr-56_2.txt 1024 1455980525 1455982988
ibr-41_ibr-56_3.txt 1024 1455980524 1455982988
ibr-41_ibr-56_4.txt 1024 1455980525 1455984008
ibr-41_ibr-56_5.txt 1024 1455980524 1455984008
ibr-41_ibr-56_6.txt 1024 1455980524 1455984008
ibr-41_ibr-56_7.txt 1024 1455980525 1455984388
ibr-41_ibr-56_8.txt 1024 1455980525 1455984388
ibr-41_ibr-6_1.txt 1024 1455980524 1455982208
ibr-41_ibr-6_2.txt 1024 1455980524 1455982208
ibr-41_ibr-6_3.txt 1024 1455980524 1455983694
ibr-41_ibr-6_4.txt 1024 1455980524 1455984188
ibr-42_ibr-14_1.txt 1024 1455980523 1455981498
ibr-42_ibr-24_1.txt 1024 1455980523 1455982473
ibr-42_ibr-25_1.txt 1024 1455980523 1455982534
ibr-42_ibr-26_1.txt 1024 1455980524 1455984498
ibr-42_ibr-29_1.txt 1024 1455980524 1455983169
ibr-42_ibr-33_1.txt 1024 1455980523 1455983109
ibr-42_ibr-35_1.txt 1024 1455980523 1455982444
ibr-42_ibr-37_1.txt 1024 1455980523 1455984503
ibr-42_ibr-44_1.txt 1024 1455980523 1455981173
ibr-42_ibr-44_2.txt 1024 1455980524 1455981958
ibr-42_ibr-50_1.txt 1024 1455980523 1455983474
ibr-42_ibr-5_1.txt 1024 1455980523 1455982964
ibr-43_ibr-12_1.txt 1024 1455980524 1455983893
ibr-43_ibr-19_1.txt 1024 1455980524 1455981843
ibr-43_ibr-28_1.txt 1024 1455980523 1455982643
ibr-43_ibr-4_1.txt 1024 1455980523 1455983120
ibr-43_ibr-42_1.txt 1024 1455980524 1455983474
ibr-43_ibr-48_1.txt 1024 1455980524 1455983718
ibr-43_ibr-55_1.txt 1024 1455980523 1455982139
ibr-43_ibr-7_1.txt 1024 1455980524 1455984388
ibr-44_ibr-12_1.txt 1024 1455980523 1455981463
ibr-44_ibr-15_1.txt 1024 1455980523 1455984154
ibr-44_ibr-19_1.txt 1024 1455980523 1455982118
ibr-44_ibr-21_1.txt 1024 1455980524 1455984068
ibr-44_ibr-23_1.txt 1024 1455980523 1455981418
ibr-44_ibr-27_1.txt 1024 1455980523 1455982354
ibr-44_ibr-35_1.txt 1024 1455980523 1455982489
ibr-44_ibr-36_1.txt 1024 1455980524 1455982183
ibr-44_ibr-39_1.txt 1024 1455980524 1455982503
ibr-44_ibr-4_1.txt 1024 1455980523 1455983304
ibr-44_ibr-4_2.txt 1024 1455980524 1455983543
ibr-44_ibr-51_1.txt 1024 1455980524 1455984220
ibr-44_ibr-53_1.txt 1024 1455980523 1455983793
ibr-45_ibr-17_1.txt 1024 1455980523 1455983899
ibr-45_ibr-22_1.txt 1024 1455980523 1455983863
ibr-45_ibr-31_1.txt 1024 1455980524 1455981533
ibr-45_ibr-32_1.txt 1024 1455980523 1455982418
ibr-45_ibr-32_2.txt 1024 1455980523 1455983139
ibr-45_ibr-35_1.txt 1024 1455980523 1455982184
ibr-45_ibr-44_1.txt 1024 1455980523 1455983054
ibr-45_ibr-47_1.txt 1024 1455980524 1455983354
ibr-45_ibr-8_1.txt 1024 1455980525 1455982249
ibr-46_ibr-11_1.txt 1024 1455980524 1455981881
ibr-46_ibr-11_2.txt 1024 1455980524 1455982749
ibr-46_ibr-11_3.txt 1024 1455980524 1455983099
ibr-46_ibr-11_4.txt 1024 1455980524 1455983229
ibr-46_ibr-11_5.txt 1024 1455980524 1455983864
ibr-46_ibr-1_1.txt 1024 1455980524 1455982423
ibr-46_ibr-1_2.txt 1024 1455980525 1455983029
ibr-46_ibr-1_3.txt 1024 1455980524 1455983363
ibr-46_ibr-1_4.txt 1024 1455980524 1455984248
ibr-46_ibr-16_1.txt 1024 1455980524 1455981518
ibr-46_ibr-16_2.txt 1024 1455980525 1455982073
ibr-46_ibr-21_1.txt 1024 1455980525 1455982058
ibr-46_ibr-21_2.txt 1024 1455980524 1455982058
ibr-46_ibr-21_3.txt 1024 1455980525 1455982673
ibr-46_ibr-21_4.txt 1024 1455980524 1455983319
ibr-46_ibr-21_5.txt 1024 1455980525 1455983319
ibr-46_ibr-21_6.txt 1024 1455980525 1455983319
ibr-46_ibr-21_7.txt 1024 1455980525 1455983768
ibr-46_ibr-26_1.txt 1024 1455980524 1455981183
ibr-46_ibr-26_2.txt 1024 1455980524 1455981542
ibr-46_ibr-26_3.txt 1024 1455980524 1455981875
ibr-46_ibr-26_4.txt 1024 1455980524 1455982033
ibr-46_ibr-26_5.txt 1024 1455980524 1455982466
ibr-46_ibr-26_6.txt 1024 1455980524 1455983588
ibr-46_ibr-26_7.txt 1024 1455980524 1455984114
ibr-46_ibr-30_1.txt 1024 1455980524 1455981164
ibr-46_ibr-31_1.txt 1024 1455980524 1455981983
ibr-46_ibr-31_2.txt 1024 1455980524 1455981983
ibr-46_ibr-31_3.txt 1024 1455980524 1455983208
ibr-46_ibr-31_4.txt 1024 1455980524 1455983918
ibr-46_ibr-31_5.txt 1024 1455980524 1455983941
ibr-46_ibr-36_10.txt 1024 1455980524 1455984013
ibr-46_ibr-36_1.txt 1024 1455980524 1455981553
ibr-46_ibr-36_2.txt 1024 1455980524 1455981663
ibr-46_ibr-36_3.txt 1024 1455980524 1455981990
ibr-46_ibr-36_4.txt 1024 1455980524 1455982063
ibr-46_ibr-36_5.txt 1024 1455980524 1455982583
ibr-46_ibr-36_6.txt 1024 1455980524 1455982623
ibr-46_ibr-36_7.txt 1024 1455980524 1455983309
ibr-46_ibr-36_8.txt 1024 1455980524 1455983706
ibr-46_ibr-36_9.txt 1024 1455980524 1455984013
ibr-46_ibr-39_1.txt 1024 1455980524 1455981373
ibr-46_ibr-41_1.txt 1024 1455980524 1455982220
ibr-46_ibr-41_2.txt 1024 1455980524 1455982575
ibr-46_ibr-41_3.txt 1024 1455980524 1455982575
ibr-46_ibr-41_4.txt 1024 1455980524 1455982575
ibr-46_ibr-41_5.txt 1024 1455980524 1455983039
ibr-46_ibr-43_1.txt 1024 1455980523 1455984339
ibr-46_ibr-48_1.txt 1024 1455980524 1455981305
ibr-46_ibr-51_1.txt 1024 1455980524 1455981388
ibr-46_ibr-51_2.txt 1024 1455980525 1455981518
ibr-46_ibr-51_3.txt 1024 1455980525 1455982049
ibr-46_ibr-51_4.txt 1024 1455980524 1455983160
ibr-46_ibr-51_5.txt 1024 1455980524 1455983529
ibr-46_ibr-55_1.txt 1024 1455980523 1455982404
ibr-46_ibr-56_1.txt 1024 1455980524 1455982988
ibr-46_ibr-56_2.txt 1024 1455980525 1455984008
ibr-46_ibr-6_1.txt 1024 1455980524 1455981855
ibr-46_ibr-6_2.txt 1024 1455980524 1455982598
ibr-46_ibr-6_3.txt 1024 1455980524 1455983143
ibr-46_ibr-6_4.txt 1024 1455980524 1455983459
ibr-46_ibr-6_5.txt 1024 1455980524 1455983883
ibr-46_ibr-6_6.txt 1024 1455980524 1455984128
ibr-47_ibr-13_1.txt 1024 1455980524 1455983623
ibr-47_ibr-16_1.txt 1024 1455980525 1455982573
ibr-47_ibr-17_1.txt 1024 1455980523 1455982078
ibr-47_ibr-20_1.txt 1024 1455980524 1455981426
ibr-47_ibr-27_1.txt 1024 1455980524 1455981671
ibr-47_ibr-27_2.txt 1024 1455980523 1455983444
ibr-47_ibr-4_1.txt 1024 1455980524 1455983120
ibr-47_ibr-46_1.txt 1024 1455980524 1455982274
ibr-47_ibr-46_2.txt 1024 1455980524 1455983836
ibr-48_ibr-13_1.txt 1024 1455980523 1455981938
ibr-48_ibr-19_1.txt 1024 1455980523 1455983034
ibr-48_ibr-2_1.txt 1024 1455980523 1455982643
ibr-48_ibr-27_1.txt 1024 1455980523 1455983072
ibr-48_ibr-3_1.txt 1024 1455980523 1455984058
ibr-48_ibr-32_1.txt 1024 1455980523 1455983453
ibr-48_ibr-34_1.txt 1024 1455980523 1455984105
ibr-48_ibr-37_1.txt 1024 1455980523 1455981658
ibr-48_ibr-38_1.txt 1024 1455980523 1455982164
ibr-48_ibr-45_1.txt 1024 1455980523 1455984388
ibr-48_ibr-47_1.txt 1024 1455980524 1455982803
ibr-48_ibr-8_1.txt 1024 1455980523 1455983873
ibr-49_ibr-16_1.txt 1024 1455980525 1455984038
ibr-49_ibr-22_1.txt 1024 1455980523 1455981263
ibr-49_ibr-29_1.txt 1024 1455980524 1455982329
ibr-49_ibr-34_1.txt 1024 1455980523 1455983774
ibr-49_ibr-35_1.txt 1024 1455980523 1455983513
ibr-49_ibr-37_1.txt 1024 1455980524 1455981943
ibr-49_ibr-40_1.txt 1024 1455980523 1455983613
ibr-49_ibr-5_1.txt 1024 1455980523 1455982343
ibr-49_ibr-52_1.txt 1024 1455980523 1455981363
ibr-49_ibr-53_1.txt 1024 1455980523 1455982654
ibr-49_ibr-54_1.txt 1024 1455980523 1455983482
ibr-4_ibr-15_1.txt 1024 1455980523 1455983584
ibr-4_ibr-26_1.txt 1024 1455980524 1455982923
ibr-4_ibr-38_1.txt 1024 1455980523 1455984018
ibr-4_ibr-40_1.txt 1024 1455980524 1455982198
ibr-4_ibr-42_1.txt 1024 1455980524 1455983133
ibr-4_ibr-56_1.txt 1024 1455980524 1455984008
ibr-4_ibr-9_1.txt 1024 1455980524 1455982273
ibr-50_ibr-11_1.txt 1024 1455980524 1455981881
ibr-50_ibr-16_1.txt 1024 1455980524 1455984038
ibr-50_ibr-20_1.txt 1024 1455980523 1455982854
ibr-50_ibr-24_1.txt 1024 1455980524 1455983049
ibr-50_ibr-25_1.txt 1024 1455980524 1455982213
ibr-50_ibr-30_1.txt 1024 1455980524 1455983923
ibr-50_ibr-31_1.txt 1024 1455980524 1455982679
ibr-50_ibr-31_2.txt 1024 1455980524 1455983014
ibr-50_ibr-3_1.txt 1024 1455980523 1455982423
ibr-50_ibr-32_1.txt 1024 1455980523 1455983863
ibr-50_ibr-34_1.txt 1024 1455980523 1455984053
ibr-50_ibr-37_1.txt 1024 1455980524 1455983084
ibr-50_ibr-4_1.txt 1024 1455980524 1455982703
ibr-50_ibr-42_1.txt 1024 1455980523 1455981748
ibr-50_ibr-43_1.txt 1024 1455980523 1455983163
ibr-50_ibr-47_1.txt 1024 1455980524 1455981715
ibr-50_ibr-49_1.txt 1024 1455980524 1455983833
ibr-50_ibr-5_1.txt 1024 1455980523 1455983869
ibr-50_ibr-8_1.txt 1024 1455980523 1455982795
ibr-51_ibr-11_1.txt 1024 1455980524 1455981403
ibr-51_ibr-11_2.txt 1024 1455980524 1455982519
ibr-51_ibr-11_3.txt 1024 1455980524 1455982519
ibr-51_ibr-11_4.txt 1024 1455980524 1455982760
ibr-51_ibr-11_5.txt 1024 1455980524 1455983099
ibr-51_ibr-11_6.txt 1024 1455980524 1455983839
ibr-51_ibr-11_7.txt 1024 1455980524 1455983839
ibr-51_ibr-1_1.txt 1024 1455980524 1455983393
ibr-51_ibr-1_2.txt 1024 1455980524 1455984248
ibr-51_ibr-1_3.txt 1024 1455980525 1455984493
ibr-51_ibr-1_4.txt 1024 1455980525 1455984248
ibr-51_ibr-1_5.txt 1024 1455980524 1455984493
ibr-51_ibr-16_1.txt 1024 1455980525 1455981423
ibr-51_ibr-16_2.txt 1024 1455980524 1455981868
ibr-51_ibr-16_3.txt 1024 1455980525 1455982573
ibr-51_ibr-16_4.txt 1024 1455980524 1455982573
ibr-51_ibr-16_5.txt 1024 1455980525 1455982764
ibr-51_ibr-16_6.txt 1024 1455980524 1455983274
ibr-51_ibr-16_7.txt 1024 1455980525 1455983988
ibr-51_ibr-16_8.txt 1024 1455980525 1455984329
ibr-51_ibr-17_1.txt 1024 1455980523 1455983273
ibr-51_ibr-21_1.txt 1024 1455980525 1455981878
ibr-51_ibr-21_2.txt 1024 1455980524 1455981878
ibr-51_ibr-21_3.txt 1024 1455980524 1455982058
ibr-51_ibr-21_4.txt 1024 1455980524 1455982058
ibr-51_ibr-21_5.txt 1024 1455980525 1455982674
ibr-51_ibr-21_6.txt 1024 1455980525 1455984028
ibr-51_ibr-26_1.txt 1024 1455980524 1455982338
ibr-51_ibr-26_2.txt 1024 1455980524 1455982738
ibr-51_ibr-31_1.txt 1024 1455980524 1455981308
ibr-51_ibr-31_2.txt 1024 1455980524 1455981363
ibr-51_ibr-31_3.txt 1024 1455980524 1455981413
ibr-51_ibr-31_4.txt 1024 1455980524 1455981818
ibr-51_ibr-31_5.txt 1024 1455980524 1455982679
ibr-51_ibr-31_6.txt 1024 1455980524 1455982752
ibr-51_ibr-31_7.txt 1024 1455980524 1455983318
ibr-51_ibr-31_8.txt 1024 1455980524 1455983318
ibr-51_ibr-31_9.txt 1024 1455980524 1455983668
ibr-51_ibr-33_1.txt 1024 1455980525 1455984054
ibr-51_ibr-36_1.txt 1024 1455980524 1455983323
ibr-51_ibr-36_2.txt 1024 1455980524 1455983793
ibr-51_ibr-36_3.txt 1024 1455980524 1455983913
ibr-51_ibr-41_1.txt 1024 1455980524 1455981817
ibr-51_ibr-41_2.txt 1024 1455980524 1455982220
ibr-51_ibr-41_3.txt 1024 1455980524 1455984173
ibr-51_ibr-46_1.txt 1024 1455980524 1455981715
ibr-51_ibr-46_2.txt 1024 1455980524 1455984323
ibr-51_ibr-56_1.txt 1024 1455980524 1455982988
ibr-51_ibr-56_2.txt 1024 1455980524 1455982988
ibr-51_ibr-56_3.txt 1024 1455980524 1455982988
ibr-51_ibr-56_4.txt 1024 1455980524 1455984008
ibr-51_ibr-56_5.txt 1024 1455980524 1455985103
ibr-51_ibr-6_1.txt 1024 1455980524 1455981968
ibr-51_ibr-6_2.txt 1024 1455980524 1455982068
ibr-51_ibr-6_3.txt 1024 1455980524 1455982598
ibr-51_ibr-6_4.txt 1024 1455980524 1455982638
ibr-51_ibr-6_5.txt 1024 1455980524 1455983093
ibr-51_ibr-6_6.txt 1024 1455980524 1455983344
ibr-51_ibr-6_7.txt 1024 1455980524 1455983344
ibr-51_ibr-7_1.txt 1024 1455980523 1455983503
ibr-52_ibr-14_1.txt 1024 1455980524 1455981508
ibr-52_ibr-19_1.txt 1024 1455980524 1455982714
ibr-52_ibr-24_1.txt 1024 1455980524 1455984263
ibr-52_ibr-36_1.txt 1024 1455980524 1455983363
ibr-52_ibr-51_1.txt 1024 1455980524 1455981629
ibr-52_ibr-54_1.txt 1024 1455980523 1455981188
ibr-53_ibr-15_1.txt 1024 1455980524 1455982143
ibr-53_ibr-2_1.txt 1024 1455980523 1455983538
ibr-53_ibr-24_1.txt 1024 1455980524 1455983973
ibr-53_ibr-26_1.txt 1024 1455980524 1455981674
ibr-53_ibr-35_1.txt 1024 1455980523 1455982825
ibr-53_ibr-36_1.txt 1024 1455980524 1455984123
ibr-53_ibr-43_1.txt 1024 1455980523 1455981829
ibr-53_ibr-45_1.txt 1024 1455980523 1455981418
ibr-53_ibr-47_1.txt 1024 1455980524 1455983763
ibr-53_ibr-51_1.txt 1024 1455980524 1455984220
ibr-53_ibr-6_1.txt 1024 1455980524 1455984268
ibr-54_ibr-10_1.txt 1024 1455980523 1455981993
ibr-54_ibr-12_1.txt 1024 1455980523 1455983378
ibr-54_ibr-25_1.txt 1024 1455980524 1455982604
ibr-54_ibr-25_2.txt 1024 1455980524 1455983703
ibr-54_ibr-30_1.txt 1024 1455980524 1455983918
ibr-54_ibr-3_1.txt 1024 1455980523 1455982349
ibr-54_ibr-32_1.txt 1024 1455980523 1455982358
ibr-54_ibr-40_1.txt 1024 1455980523 1455983253
ibr-54_ibr-47_1.txt 1024 1455980524 1455983674
ibr-54_ibr-52_1.txt 1024 1455980523 1455982738
ibr-54_ibr-53_1.txt 1024 1455980524 1455982368
ibr-55_ibr-28_1.txt 1024 1455980523 1455981488
ibr-55_ibr-29_1.txt 1024 1455980524 1455983808
ibr-55_ibr-30_1.txt 1024 1455980524 1455983463
ibr-55_ibr-36_1.txt 1024 1455980524 1455981990
ibr-55_ibr-37_1.txt 1024 1455980524 1455981588
ibr-55_ibr-41_1.txt 1024 1455980524 1455982575
ibr-55_ibr-52_1.txt 1024 1455980524 1455983143
ibr-55_ibr-54_1.txt 1024 1455980524 1455982753
ibr-56_ibr-13_1.txt 1024 1455980523 1455983129
ibr-56_ibr-16_1.txt 1024 1455980525 1455983224
ibr-56_ibr-16_2.txt 1024 1455980524 1455984330
ibr-56_ibr-17_1.txt 1024 1455980523 1455981548
ibr-56_ibr-25_1.txt 1024 1455980524 1455984248
ibr-56_ibr-33_1.txt 1024 1455980524 1455981349
ibr-56_ibr-41_1.txt 1024 1455980524 1455985389
ibr-56_ibr-43_1.txt 1024 1455980523 1455984059
ibr-56_ibr-46_1.txt 1024 1455980524 1455982035
ibr-56_ibr-48_1.txt 1024 1455980523 1455981803
ibr-56_ibr-51_1.txt 1024 1455980524 1455984513
ibr-56_ibr-54_1.txt 1024 1455980523 1455983011
ibr-5_ibr-13_1.txt 1024 1455980523 1455983553
ibr-5_ibr-14_1.txt 1024 1455980523 1455983558
ibr-5_ibr-19_1.txt 1024 1455980524 1455981328
ibr-5_ibr-23_1.txt 1024 1455980523 1455982999
ibr-5_ibr-23_2.txt 1024 1455980524 1455983209
ibr-5_ibr-32_1.txt 1024 1455980523 1455983039
ibr-5_ibr-36_1.txt 1024 1455980524 1455981478
ibr-5_ibr-36_2.txt 1024 1455980524 1455983194
ibr-5_ibr-42_1.txt 1024 1455980523 1455982083
ibr-5_ibr-43_1.txt 1024 1455980523 1455981364
ibr-5_ibr-49_1.txt 1024 1455980523 1455981853
ibr-5_ibr-49_2.txt 1024 1455980523 1455982093
ibr-6_ibr-11_1.txt 1024 1455980524 1455982828
ibr-6_ibr-11_2.txt 1024 1455980524 1455982828
ibr-6_ibr-11_3.txt 1024 1455980524 1455982828
ibr-6_ibr-11_4.txt 1024 1455980524 1455983019
ibr-6_ibr-1_1.txt 1024 1455980524 1455981773
ibr-6_ibr-1_2.txt 1024 1455980524 1455983029
ibr-6_ibr-1_3.txt 1024 1455980524 1455984248
ibr-6_ibr-15_1.txt 1024 1455980523 1455981223
ibr-6_ibr-16_1.txt 1024 1455980524 1455981333
ibr-6_ibr-16_2.txt 1024 1455980524 1455981518
ibr-6_ibr-16_3.txt 1024 1455980524 1455981903
ibr-6_ibr-16_4.txt 1024 1455980525 1455982083
ibr-6_ibr-16_5.txt 1024 1455980524 1455982573
ibr-6_ibr-16_6.txt 1024 1455980525 1455982864
ibr-6_ibr-16_7.txt 1024 1455980525 1455982864
ibr-6_ibr-16_8.txt 1024 1455980525 1455983224
ibr-6_ibr-21_10.txt 1024 1455980525 1455984518
ibr-6_ibr-21_1.txt 1024 1455980525 1455981438
ibr-6_ibr-21_2.txt 1024 1455980525 1455981878
ibr-6_ibr-21_3.txt 1024 1455980525 1455982058
ibr-6_ibr-21_4.txt 1024 1455980524 1455982223
ibr-6_ibr-21_5.txt 1024 1455980525 1455982463
ibr-6_ibr-21_6.txt 1024 1455980525 1455982463
ibr-6_ibr-21_7.txt 1024 1455980524 1455983673
ibr-6_ibr-21_8.txt 1024 1455980525 1455984028
ibr-6_ibr-21_9.txt 1024 1455980525 1455984518
ibr-6_ibr-26_1.txt 1024 1455980524 1455982159
ibr-6_ibr-26_2.txt 1024 1455980524 1455982244
ibr-6_ibr-26_3.txt 1024 1455980524 1455983188
ibr-6_ibr-26_4.txt 1024 1455980524 1455983808
ibr-6_ibr-26_5.txt 1024 1455980524 1455983965
ibr-6_ibr-26_6.txt 1024 1455980524 1455983965
ibr-6_ibr-26_7.txt 1024 1455980524 1455984179
ibr-6_ibr-28_1.txt 1024 1455980523 1455982148
ibr-6_ibr-31_1.txt 1024 1455980524 1455982178
ibr-6_ibr-31_2.txt 1024 1455980524 1455982824
ibr-6_ibr-31_3.txt 1024 1455980524 1455983076
ibr-6_ibr-31_4.txt 1024 1455980524 1455983208
ibr-6_ibr-31_5.txt 1024 1455980524 1455983428
ibr-6_ibr-31_6.txt 1024 1455980524 1455983628
ibr-6_ibr-32_1.txt 1024 1455980523 1455982118
ibr-6_ibr-33_1.txt 1024 1455980523 1455981324
ibr-6_ibr-36_1.txt 1024 1455980524 1455981798
ibr-6_ibr-36_2.txt 1024 1455980524 1455983549
ibr-6_ibr-36_3.txt 1024 1455980524 1455983549
ibr-6_ibr-36_4.txt 1024 1455980524 1455983913
ibr-6_ibr-41_1.txt 1024 1455980524 1455981454
ibr-6_ibr-41_2.txt 1024 1455980524 1455982220
ibr-6_ibr-41_3.txt 1024 1455980524 1455983039
ibr-6_ibr-41_4.txt 1024 1455980524 1455983504
ibr-6_ibr-41_5.txt 1024 1455980524 1455983039
ibr-6_ibr-41_6.txt 1024 1455980524 1455984173
ibr-6_ibr-4_1.txt 1024 1455980524 1455982143
ibr-6_ibr-46_1.txt 1024 1455980524 1455981236
ibr-6_ibr-46_2.txt 1024 1455980524 1455983170
ibr-6_ibr-46_3.txt 1024 1455980524 1455983525
ibr-6_ibr-50_1.txt 1024 1455980523 1455982178
ibr-6_ibr-51_1.txt 1024 1455980525 1455981528
ibr-6_ibr-51_2.txt 1024 1455980525 1455981528
ibr-6_ibr-51_3.txt 1024 1455980524 1455983324
ibr-6_ibr-51_4.txt 1024 1455980524 1455983529
ibr-6_ibr-51_5.txt 1024 1455980524 1455984054
ibr-6_ibr-51_6.txt 1024 1455980524 1455984054
ibr-6_ibr-56_1.txt 1024 1455980524 1455983018
ibr-6_ibr-56_2.txt 1024 1455980525 1455985103
ibr-6_ibr-56_3.txt 1024 1455980525 1455985103
ibr-6_ibr-7_1.txt 1024 1455980523 1455983694
ibr-7_ibr-11_1.txt 1024 1455980524 1455982699
ibr-7_ibr-11_2.txt 1024 1455980524 1455983864
ibr-7_ibr-13_1.txt 1024 1455980523 1455982138
ibr-7_ibr-24_1.txt 1024 1455980524 1455981963
ibr-7_ibr-24_2.txt 1024 1455980523 1455982558
ibr-7_ibr-24_3.txt 1024 1455980524 1455983778
ibr-7_ibr-27_1.txt 1024 1455980523 1455981949
ibr-7_ibr-36_1.txt 1024 1455980523 1455981553
ibr-7_ibr-37_1.txt 1024 1455980524 1455983553
ibr-7_ibr-38_1.txt 1024 1455980523 1455982118
ibr-7_ibr-48_1.txt 1024 1455980524 1455981438
ibr-7_ibr-56_1.txt 1024 1455980524 1455984008
ibr-7_ibr-6_1.txt 1024 1455980524 1455982188
ibr-7_ibr-8_1.txt 1024 1455980523 1455983420
ibr-8_ibr-10_1.txt 1024 1455980523 1455981067
ibr-8_ibr-13_1.txt 1024 1455980523 1455983978
ibr-8_ibr-20_1.txt 1024 1455980524 1455981438
ibr-8_ibr-30_1.txt 1024 1455980525 1455982183
ibr-8_ibr-30_2.txt 1024 1455980524 1455983149
ibr-8_ibr-31_1.txt 1024 1455980524 1455983208
ibr-8_ibr-36_1.txt 1024 1455980524 1455983323
ibr-8_ibr-47_1.txt 1024 1455980524 1455982083
ibr-8_ibr-48_1.txt 1024 1455980523 1455984183
ibr-8_ibr-53_1.txt 1024 1455980523 1455981433
ibr-8_ibr-7_1.txt 1024 1455980523 1455983798
ibr-8_ibr-7_2.txt 1024 1455980523 1455983798
ibr-9_ibr-10_1.txt 1024 1455980523 1455983549
ibr-9_ibr-15_1.txt 1024 1455980523 1455982493
ibr-9_ibr-16_1.txt 1024 1455980524 1455981333
ibr-9_ibr-18_1.txt 1024 1455980523 1455983818
ibr-9_ibr-22_1.txt 1024 1455980523 1455984414
ibr-9_ibr-25_1.txt 1024 1455980524 1455983249
ibr-9_ibr-33_1.txt 1024 1455980523 1455983428
ibr-9_ibr-37_1.txt 1024 1455980525 1455983941
ibr-9_ibr-43_1.txt 1024 1455980523 1455984283
ibr-9_ibr-45_1.txt 1024 1455980523 1455983114
ibr-9_ibr-49_1.txt 1024 1455980523 1455981943
ibr-9_ibr-49_2.txt 1024 1455980524 1455982564
ibr-9_ibr-56_1.txt 1024 1455980524 1455984008
