# name size  create_time reach_time
ibr-10_ibr-22_1.txt 1024 1455981337 1455981337
ibr-10_ibr-23_1.txt 1024 1455981677 1455981677
ibr-10_ibr-24_1.txt 1024 1455983167 1455983167
ibr-10_ibr-28_1.txt 1024 1455981657 1455981657
ibr-10_ibr-33_1.txt 1024 1455982257 1455982257
ibr-10_ibr-40_1.txt 1024 1455982627 1455982627
ibr-10_ibr-41_1.txt 1024 1455981457 1455981457
ibr-10_ibr-41_2.txt 1024 1455982127 1455982127
ibr-10_ibr-42_1.txt 1024 1455983007 1455983007
ibr-10_ibr-49_1.txt 1024 1455981587 1455981587
ibr-10_ibr-49_2.txt 1024 1455982157 1455982157
ibr-10_ibr-49_3.txt 1024 1455982467 1455982467
ibr-10_ibr-50_1.txt 1024 1455982167 1455982167
ibr-10_ibr-50_2.txt 1024 1455982797 1455982797
ibr-10_ibr-53_1.txt 1024 1455981747 1455981747
ibr-11_ibr-1_1.txt 1024 1455981902 1455981902
ibr-11_ibr-12_1.txt 1024 1455983247 1455983247
ibr-11_ibr-1_2.txt 1024 1455982332 1455982332
ibr-11_ibr-1_3.txt 1024 1455982692 1455982692
ibr-11_ibr-14_1.txt 1024 1455981777 1455981777
ibr-11_ibr-1_4.txt 1024 1455983142 1455983142
ibr-11_ibr-1_5.txt 1024 1455983682 1455983682
ibr-11_ibr-16_1.txt 1024 1455981262 1455981262
ibr-11_ibr-16_2.txt 1024 1455981652 1455981652
ibr-11_ibr-16_3.txt 1024 1455981762 1455981762
ibr-11_ibr-16_4.txt 1024 1455982122 1455982122
ibr-11_ibr-16_5.txt 1024 1455982232 1455982232
ibr-11_ibr-16_6.txt 1024 1455982252 1455982252
ibr-11_ibr-1_6.txt 1024 1455984012 1455984012
ibr-11_ibr-1_7.txt 1024 1455984022 1455984022
ibr-11_ibr-21_1.txt 1024 1455981252 1455981252
ibr-11_ibr-21_2.txt 1024 1455981342 1455981342
ibr-11_ibr-21_3.txt 1024 1455982562 1455982562
ibr-11_ibr-21_4.txt 1024 1455982572 1455982572
ibr-11_ibr-21_5.txt 1024 1455982622 1455982622
ibr-11_ibr-21_6.txt 1024 1455983182 1455983182
ibr-11_ibr-21_7.txt 1024 1455983222 1455983222
ibr-11_ibr-21_8.txt 1024 1455983902 1455983902
ibr-11_ibr-26_1.txt 1024 1455981032 1455981032
ibr-11_ibr-26_2.txt 1024 1455981212 1455981212
ibr-11_ibr-26_3.txt 1024 1455982042 1455982042
ibr-11_ibr-26_4.txt 1024 1455982052 1455982052
ibr-11_ibr-26_5.txt 1024 1455982882 1455982882
ibr-11_ibr-26_6.txt 1024 1455983552 1455983552
ibr-11_ibr-26_7.txt 1024 1455983762 1455983762
ibr-11_ibr-28_1.txt 1024 1455983687 1455983687
ibr-11_ibr-29_1.txt 1024 1455981697 1455981697
ibr-11_ibr-30_1.txt 1024 1455983187 1455983187
ibr-11_ibr-31_1.txt 1024 1455981442 1455981442
ibr-11_ibr-31_2.txt 1024 1455981532 1455981532
ibr-11_ibr-31_3.txt 1024 1455982412 1455982412
ibr-11_ibr-31_4.txt 1024 1455982552 1455982552
ibr-11_ibr-36_1.txt 1024 1455981352 1455981352
ibr-11_ibr-36_2.txt 1024 1455981542 1455981542
ibr-11_ibr-36_3.txt 1024 1455981582 1455981582
ibr-11_ibr-36_4.txt 1024 1455982532 1455982532
ibr-11_ibr-36_5.txt 1024 1455983462 1455983462
ibr-11_ibr-40_1.txt 1024 1455981587 1455981587
ibr-11_ibr-41_1.txt 1024 1455981102 1455981102
ibr-11_ibr-41_2.txt 1024 1455981142 1455981142
ibr-11_ibr-41_3.txt 1024 1455981492 1455981492
ibr-11_ibr-41_4.txt 1024 1455981802 1455981802
ibr-11_ibr-41_5.txt 1024 1455981962 1455981962
ibr-11_ibr-41_6.txt 1024 1455982762 1455982762
ibr-11_ibr-41_7.txt 1024 1455983232 1455983232
ibr-11_ibr-44_1.txt 1024 1455981757 1455981757
ibr-11_ibr-51_1.txt 1024 1455981272 1455981272
ibr-11_ibr-51_2.txt 1024 1455981292 1455981292
ibr-11_ibr-51_3.txt 1024 1455981422 1455981422
ibr-11_ibr-51_4.txt 1024 1455981672 1455981672
ibr-11_ibr-51_5.txt 1024 1455983942 1455983942
ibr-11_ibr-53_1.txt 1024 1455981887 1455981887
ibr-11_ibr-55_1.txt 1024 1455981137 1455981137
ibr-11_ibr-56_1.txt 1024 1455981332 1455981332
ibr-11_ibr-56_2.txt 1024 1455982312 1455982312
ibr-11_ibr-56_3.txt 1024 1455982842 1455982842
ibr-11_ibr-56_4.txt 1024 1455982982 1455982982
ibr-11_ibr-56_5.txt 1024 1455983472 1455983472
ibr-11_ibr-56_6.txt 1024 1455983692 1455983692
ibr-11_ibr-56_7.txt 1024 1455983992 1455983992
ibr-11_ibr-6_1.txt 1024 1455982162 1455982162
ibr-11_ibr-6_2.txt 1024 1455982917 1455982917
ibr-11_ibr-6_3.txt 1024 1455983442 1455983442
ibr-11_ibr-6_4.txt 1024 1455983662 1455983662
ibr-12_ibr-17_1.txt 1024 1455983107 1455983107
ibr-12_ibr-19_1.txt 1024 1455983697 1455983697
ibr-12_ibr-21_1.txt 1024 1455983477 1455983477
ibr-12_ibr-23_1.txt 1024 1455982357 1455982357
ibr-12_ibr-24_1.txt 1024 1455981547 1455981547
ibr-12_ibr-25_1.txt 1024 1455982887 1455982887
ibr-12_ibr-26_1.txt 1024 1455983867 1455983867
ibr-12_ibr-56_1.txt 1024 1455981447 1455981447
ibr-13_ibr-14_1.txt 1024 1455983137 1455983137
ibr-13_ibr-22_1.txt 1024 1455981767 1455981767
ibr-13_ibr-28_1.txt 1024 1455981177 1455981177
ibr-13_ibr-29_1.txt 1024 1455983957 1455983957
ibr-13_ibr-30_1.txt 1024 1455983927 1455983927
ibr-13_ibr-36_1.txt 1024 1455982677 1455982677
ibr-13_ibr-38_1.txt 1024 1455981257 1455981257
ibr-13_ibr-40_1.txt 1024 1455981497 1455981497
ibr-13_ibr-47_1.txt 1024 1455983327 1455983327
ibr-13_ibr-47_2.txt 1024 1455983497 1455983497
ibr-13_ibr-48_1.txt 1024 1455983037 1455983037
ibr-13_ibr-8_1.txt 1024 1455982497 1455982497
ibr-14_ibr-16_1.txt 1024 1455981987 1455981987
ibr-14_ibr-29_1.txt 1024 1455982427 1455982427
ibr-14_ibr-29_2.txt 1024 1455983337 1455983337
ibr-14_ibr-3_1.txt 1024 1455981607 1455981607
ibr-15_ibr-24_1.txt 1024 1455982877 1455982877
ibr-15_ibr-38_1.txt 1024 1455983387 1455983387
ibr-15_ibr-39_1.txt 1024 1455981697 1455981697
ibr-15_ibr-43_1.txt 1024 1455982457 1455982457
ibr-15_ibr-49_1.txt 1024 1455983977 1455983977
ibr-15_ibr-5_1.txt 1024 1455983607 1455983607
ibr-15_ibr-55_1.txt 1024 1455981327 1455981327
ibr-15_ibr-6_1.txt 1024 1455982417 1455982417
ibr-16_ibr-11_1.txt 1024 1455982952 1455982952
ibr-16_ibr-11_2.txt 1024 1455983302 1455983302
ibr-16_ibr-1_1.txt 1024 1455981052 1455981052
ibr-16_ibr-12_1.txt 1024 1455983937 1455983937
ibr-16_ibr-1_2.txt 1024 1455981502 1455981502
ibr-16_ibr-1_3.txt 1024 1455982652 1455982652
ibr-16_ibr-1_4.txt 1024 1455982702 1455982702
ibr-16_ibr-15_1.txt 1024 1455982227 1455982227
ibr-16_ibr-15_2.txt 1024 1455983327 1455983327
ibr-16_ibr-1_5.txt 1024 1455982862 1455982862
ibr-16_ibr-1_6.txt 1024 1455983582 1455983582
ibr-16_ibr-1_7.txt 1024 1455983612 1455983612
ibr-16_ibr-20_1.txt 1024 1455982097 1455982097
ibr-16_ibr-21_1.txt 1024 1455981332 1455981332
ibr-16_ibr-21_2.txt 1024 1455981562 1455981562
ibr-16_ibr-21_3.txt 1024 1455982592 1455982592
ibr-16_ibr-23_1.txt 1024 1455981937 1455981937
ibr-16_ibr-26_1.txt 1024 1455982222 1455982222
ibr-16_ibr-26_2.txt 1024 1455983882 1455983882
ibr-16_ibr-31_1.txt 1024 1455983642 1455983642
ibr-16_ibr-37_1.txt 1024 1455982517 1455982517
ibr-16_ibr-40_1.txt 1024 1455981037 1455981037
ibr-16_ibr-41_10.txt 1024 1455983527 1455983527
ibr-16_ibr-41_11.txt 1024 1455983772 1455983772
ibr-16_ibr-41_1.txt 1024 1455981072 1455981072
ibr-16_ibr-41_2.txt 1024 1455981122 1455981122
ibr-16_ibr-41_3.txt 1024 1455981462 1455981462
ibr-16_ibr-41_4.txt 1024 1455981692 1455981692
ibr-16_ibr-41_5.txt 1024 1455981932 1455981932
ibr-16_ibr-41_6.txt 1024 1455982642 1455982642
ibr-16_ibr-41_7.txt 1024 1455982912 1455982912
ibr-16_ibr-41_8.txt 1024 1455983192 1455983192
ibr-16_ibr-41_9.txt 1024 1455983412 1455983412
ibr-16_ibr-44_1.txt 1024 1455982007 1455982007
ibr-16_ibr-46_1.txt 1024 1455981112 1455981112
ibr-16_ibr-46_2.txt 1024 1455981472 1455981472
ibr-16_ibr-46_3.txt 1024 1455982132 1455982132
ibr-16_ibr-46_4.txt 1024 1455982532 1455982532
ibr-16_ibr-46_5.txt 1024 1455983052 1455983052
ibr-16_ibr-46_6.txt 1024 1455983112 1455983112
ibr-16_ibr-46_7.txt 1024 1455983852 1455983852
ibr-16_ibr-51_1.txt 1024 1455981222 1455981222
ibr-16_ibr-51_2.txt 1024 1455982142 1455982142
ibr-16_ibr-51_3.txt 1024 1455982672 1455982672
ibr-16_ibr-51_4.txt 1024 1455982922 1455982922
ibr-16_ibr-51_5.txt 1024 1455983147 1455983147
ibr-16_ibr-51_6.txt 1024 1455983702 1455983702
ibr-16_ibr-51_7.txt 1024 1455983892 1455983892
ibr-16_ibr-54_1.txt 1024 1455982687 1455982687
ibr-16_ibr-56_1.txt 1024 1455981362 1455981362
ibr-16_ibr-56_2.txt 1024 1455981422 1455981422
ibr-16_ibr-56_3.txt 1024 1455981537 1455981537
ibr-16_ibr-56_4.txt 1024 1455981992 1455981992
ibr-16_ibr-56_5.txt 1024 1455982782 1455982782
ibr-16_ibr-6_10.txt 1024 1455983292 1455983292
ibr-16_ibr-6_11.txt 1024 1455983842 1455983842
ibr-16_ibr-6_12.txt 1024 1455983922 1455983922
ibr-16_ibr-6_1.txt 1024 1455981042 1455981042
ibr-16_ibr-6_2.txt 1024 1455981477 1455981477
ibr-16_ibr-6_3.txt 1024 1455981602 1455981602
ibr-16_ibr-6_4.txt 1024 1455981612 1455981612
ibr-16_ibr-6_5.txt 1024 1455981642 1455981642
ibr-16_ibr-6_6.txt 1024 1455982202 1455982202
ibr-16_ibr-6_7.txt 1024 1455982482 1455982482
ibr-16_ibr-6_8.txt 1024 1455982632 1455982632
ibr-16_ibr-6_9.txt 1024 1455983132 1455983132
ibr-16_ibr-7_1.txt 1024 1455983407 1455983407
ibr-16_ibr-7_2.txt 1024 1455983457 1455983457
ibr-16_ibr-8_1.txt 1024 1455982997 1455982997
ibr-17_ibr-10_1.txt 1024 1455982047 1455982047
ibr-17_ibr-11_1.txt 1024 1455982938 1455982938
ibr-17_ibr-12_1.txt 1024 1455982547 1455982547
ibr-17_ibr-19_1.txt 1024 1455983967 1455983967
ibr-17_ibr-2_1.txt 1024 1455983177 1455983177
ibr-17_ibr-26_1.txt 1024 1455983307 1455983307
ibr-17_ibr-28_1.txt 1024 1455982337 1455982337
ibr-17_ibr-30_1.txt 1024 1455982557 1455982557
ibr-17_ibr-3_1.txt 1024 1455981637 1455981637
ibr-17_ibr-50_1.txt 1024 1455981397 1455981397
ibr-17_ibr-50_2.txt 1024 1455981837 1455981837
ibr-17_ibr-7_1.txt 1024 1455983547 1455983547
ibr-18_ibr-15_1.txt 1024 1455982637 1455982637
ibr-18_ibr-19_1.txt 1024 1455982117 1455982117
ibr-18_ibr-21_1.txt 1024 1455981817 1455981817
ibr-18_ibr-2_1.txt 1024 1455982707 1455982707
ibr-18_ibr-24_1.txt 1024 1455983657 1455983657
ibr-18_ibr-36_1.txt 1024 1455981467 1455981467
ibr-18_ibr-39_1.txt 1024 1455983277 1455983277
ibr-18_ibr-4_1.txt 1024 1455983887 1455983887
ibr-18_ibr-51_1.txt 1024 1455982697 1455982697
ibr-18_ibr-53_1.txt 1024 1455982367 1455982367
ibr-18_ibr-54_1.txt 1024 1455983227 1455983227
ibr-18_ibr-7_1.txt 1024 1455982967 1455982967
ibr-19_ibr-12_1.txt 1024 1455982927 1455982927
ibr-19_ibr-18_1.txt 1024 1455981807 1455981807
ibr-19_ibr-22_1.txt 1024 1455981617 1455981617
ibr-19_ibr-30_1.txt 1024 1455983037 1455983037
ibr-19_ibr-35_1.txt 1024 1455983837 1455983837
ibr-19_ibr-40_1.txt 1024 1455982947 1455982947
ibr-19_ibr-44_1.txt 1024 1455983417 1455983417
ibr-19_ibr-44_2.txt 1024 1455983467 1455983467
ibr-19_ibr-46_1.txt 1024 1455981787 1455981787
ibr-19_ibr-47_1.txt 1024 1455982987 1455982987
ibr-19_ibr-55_1.txt 1024 1455982437 1455982437
ibr-19_ibr-9_1.txt 1024 1455982597 1455982597
ibr-1_ibr-11_1.txt 1024 1455981082 1455981082
ibr-1_ibr-11_2.txt 1024 1455981202 1455981202
ibr-1_ibr-11_3.txt 1024 1455981802 1455981802
ibr-1_ibr-11_4.txt 1024 1455982352 1455982352
ibr-1_ibr-11_5.txt 1024 1455983042 1455983042
ibr-1_ibr-11_6.txt 1024 1455983242 1455983242
ibr-1_ibr-11_7.txt 1024 1455983822 1455983822
ibr-1_ibr-16_1.txt 1024 1455981292 1455981292
ibr-1_ibr-16_2.txt 1024 1455981792 1455981792
ibr-1_ibr-16_3.txt 1024 1455981852 1455981852
ibr-1_ibr-16_4.txt 1024 1455982302 1455982302
ibr-1_ibr-16_5.txt 1024 1455983352 1455983352
ibr-1_ibr-21_1.txt 1024 1455981372 1455981372
ibr-1_ibr-21_2.txt 1024 1455982122 1455982122
ibr-1_ibr-21_3.txt 1024 1455982522 1455982522
ibr-1_ibr-26_1.txt 1024 1455982502 1455982502
ibr-1_ibr-26_2.txt 1024 1455982642 1455982642
ibr-1_ibr-26_3.txt 1024 1455982962 1455982962
ibr-1_ibr-26_4.txt 1024 1455983312 1455983312
ibr-1_ibr-31_1.txt 1024 1455982622 1455982622
ibr-1_ibr-31_2.txt 1024 1455982702 1455982702
ibr-1_ibr-36_1.txt 1024 1455981032 1455981032
ibr-1_ibr-36_2.txt 1024 1455981862 1455981862
ibr-1_ibr-36_3.txt 1024 1455981892 1455981892
ibr-1_ibr-36_4.txt 1024 1455983152 1455983152
ibr-1_ibr-41_1.txt 1024 1455982272 1455982272
ibr-1_ibr-41_2.txt 1024 1455982832 1455982832
ibr-1_ibr-41_3.txt 1024 1455983372 1455983372
ibr-1_ibr-46_1.txt 1024 1455981782 1455981782
ibr-1_ibr-46_2.txt 1024 1455982572 1455982572
ibr-1_ibr-46_3.txt 1024 1455982632 1455982632
ibr-1_ibr-46_4.txt 1024 1455983932 1455983932
ibr-1_ibr-51_1.txt 1024 1455982772 1455982772
ibr-1_ibr-51_2.txt 1024 1455982782 1455982782
ibr-1_ibr-56_1.txt 1024 1455981712 1455981712
ibr-1_ibr-56_2.txt 1024 1455982212 1455982212
ibr-1_ibr-56_3.txt 1024 1455982282 1455982282
ibr-1_ibr-56_4.txt 1024 1455982292 1455982292
ibr-1_ibr-56_5.txt 1024 1455982462 1455982462
ibr-1_ibr-56_6.txt 1024 1455983022 1455983022
ibr-1_ibr-56_7.txt 1024 1455983282 1455983282
ibr-1_ibr-6_1.txt 1024 1455981492 1455981492
ibr-1_ibr-6_2.txt 1024 1455981872 1455981872
ibr-1_ibr-6_3.txt 1024 1455981992 1455981992
ibr-1_ibr-6_4.txt 1024 1455982152 1455982152
ibr-1_ibr-6_5.txt 1024 1455982472 1455982472
ibr-1_ibr-6_6.txt 1024 1455983652 1455983652
ibr-1_ibr-6_7.txt 1024 1455984002 1455984002
ibr-20_ibr-10_1.txt 1024 1455983537 1455983537
ibr-20_ibr-15_1.txt 1024 1455981717 1455981717
ibr-20_ibr-17_1.txt 1024 1455981737 1455981737
ibr-20_ibr-17_2.txt 1024 1455983707 1455983707
ibr-20_ibr-23_1.txt 1024 1455982707 1455982707
ibr-20_ibr-28_1.txt 1024 1455983207 1455983207
ibr-20_ibr-31_1.txt 1024 1455982477 1455982477
ibr-20_ibr-3_1.txt 1024 1455983597 1455983597
ibr-20_ibr-34_1.txt 1024 1455981447 1455981447
ibr-20_ibr-4_1.txt 1024 1455981227 1455981227
ibr-20_ibr-47_1.txt 1024 1455981837 1455981837
ibr-20_ibr-47_2.txt 1024 1455982057 1455982057
ibr-20_ibr-50_1.txt 1024 1455981377 1455981377
ibr-20_ibr-52_1.txt 1024 1455981767 1455981767
ibr-20_ibr-55_1.txt 1024 1455981467 1455981467
ibr-20_ibr-56_1.txt 1024 1455982267 1455982267
ibr-21_ibr-11_1.txt 1024 1455981532 1455981532
ibr-21_ibr-11_2.txt 1024 1455982012 1455982012
ibr-21_ibr-11_3.txt 1024 1455983102 1455983102
ibr-21_ibr-11_4.txt 1024 1455983322 1455983322
ibr-21_ibr-1_1.txt 1024 1455981312 1455981312
ibr-21_ibr-1_2.txt 1024 1455982582 1455982582
ibr-21_ibr-1_3.txt 1024 1455982932 1455982932
ibr-21_ibr-14_1.txt 1024 1455982867 1455982867
ibr-21_ibr-1_4.txt 1024 1455983162 1455983162
ibr-21_ibr-1_5.txt 1024 1455983272 1455983272
ibr-21_ibr-16_1.txt 1024 1455981742 1455981742
ibr-21_ibr-16_2.txt 1024 1455981882 1455981882
ibr-21_ibr-16_3.txt 1024 1455982242 1455982242
ibr-21_ibr-16_4.txt 1024 1455982342 1455982342
ibr-21_ibr-16_5.txt 1024 1455982512 1455982512
ibr-21_ibr-16_6.txt 1024 1455982592 1455982592
ibr-21_ibr-16_7.txt 1024 1455982822 1455982822
ibr-21_ibr-16_8.txt 1024 1455983437 1455983437
ibr-21_ibr-16_9.txt 1024 1455983542 1455983542
ibr-21_ibr-1_6.txt 1024 1455983442 1455983442
ibr-21_ibr-18_1.txt 1024 1455982847 1455982847
ibr-21_ibr-26_1.txt 1024 1455981562 1455981562
ibr-21_ibr-26_2.txt 1024 1455983072 1455983072
ibr-21_ibr-26_3.txt 1024 1455983142 1455983142
ibr-21_ibr-26_4.txt 1024 1455983302 1455983302
ibr-21_ibr-31_1.txt 1024 1455981172 1455981172
ibr-21_ibr-31_2.txt 1024 1455981427 1455981427
ibr-21_ibr-31_3.txt 1024 1455981682 1455981682
ibr-21_ibr-31_4.txt 1024 1455981772 1455981772
ibr-21_ibr-31_5.txt 1024 1455983172 1455983172
ibr-21_ibr-31_6.txt 1024 1455983392 1455983392
ibr-21_ibr-31_7.txt 1024 1455983782 1455983782
ibr-21_ibr-34_1.txt 1024 1455982747 1455982747
ibr-21_ibr-36_1.txt 1024 1455981592 1455981592
ibr-21_ibr-36_2.txt 1024 1455981712 1455981712
ibr-21_ibr-36_3.txt 1024 1455982282 1455982282
ibr-21_ibr-36_4.txt 1024 1455982492 1455982492
ibr-21_ibr-36_5.txt 1024 1455982522 1455982522
ibr-21_ibr-36_6.txt 1024 1455982812 1455982812
ibr-21_ibr-36_7.txt 1024 1455983217 1455983217
ibr-21_ibr-39_1.txt 1024 1455982827 1455982827
ibr-21_ibr-41_1.txt 1024 1455981482 1455981482
ibr-21_ibr-41_2.txt 1024 1455981692 1455981692
ibr-21_ibr-41_3.txt 1024 1455982002 1455982002
ibr-21_ibr-41_4.txt 1024 1455983712 1455983712
ibr-21_ibr-41_5.txt 1024 1455983752 1455983752
ibr-21_ibr-46_1.txt 1024 1455981232 1455981232
ibr-21_ibr-46_2.txt 1024 1455981512 1455981512
ibr-21_ibr-46_3.txt 1024 1455981622 1455981622
ibr-21_ibr-46_4.txt 1024 1455983332 1455983332
ibr-21_ibr-46_5.txt 1024 1455983492 1455983492
ibr-21_ibr-46_6.txt 1024 1455983502 1455983502
ibr-21_ibr-46_7.txt 1024 1455983747 1455983747
ibr-21_ibr-47_1.txt 1024 1455981097 1455981097
ibr-21_ibr-51_1.txt 1024 1455981572 1455981572
ibr-21_ibr-51_2.txt 1024 1455982202 1455982202
ibr-21_ibr-51_3.txt 1024 1455982222 1455982222
ibr-21_ibr-5_1.txt 1024 1455982397 1455982397
ibr-21_ibr-55_1.txt 1024 1455981757 1455981757
ibr-21_ibr-56_1.txt 1024 1455981042 1455981042
ibr-21_ibr-56_2.txt 1024 1455981262 1455981262
ibr-21_ibr-56_3.txt 1024 1455982332 1455982332
ibr-21_ibr-56_4.txt 1024 1455982872 1455982872
ibr-21_ibr-56_5.txt 1024 1455983292 1455983292
ibr-21_ibr-56_6.txt 1024 1455983872 1455983872
ibr-21_ibr-6_1.txt 1024 1455981092 1455981092
ibr-21_ibr-6_2.txt 1024 1455981112 1455981112
ibr-21_ibr-6_3.txt 1024 1455982082 1455982082
ibr-21_ibr-6_4.txt 1024 1455982442 1455982442
ibr-21_ibr-6_5.txt 1024 1455983672 1455983672
ibr-21_ibr-8_1.txt 1024 1455981057 1455981057
ibr-22_ibr-15_1.txt 1024 1455983067 1455983067
ibr-22_ibr-19_1.txt 1024 1455983767 1455983767
ibr-22_ibr-2_1.txt 1024 1455982517 1455982517
ibr-22_ibr-24_1.txt 1024 1455983007 1455983007
ibr-22_ibr-25_1.txt 1024 1455983877 1455983877
ibr-22_ibr-35_1.txt 1024 1455983197 1455983197
ibr-22_ibr-40_1.txt 1024 1455981377 1455981377
ibr-22_ibr-40_2.txt 1024 1455983417 1455983417
ibr-22_ibr-4_1.txt 1024 1455983727 1455983727
ibr-22_ibr-47_1.txt 1024 1455983657 1455983657
ibr-22_ibr-49_1.txt 1024 1455983357 1455983357
ibr-22_ibr-52_1.txt 1024 1455983867 1455983867
ibr-22_ibr-9_1.txt 1024 1455981067 1455981067
ibr-23_ibr-16_1.txt 1024 1455981077 1455981077
ibr-23_ibr-19_1.txt 1024 1455982147 1455982147
ibr-23_ibr-21_1.txt 1024 1455983147 1455983147
ibr-23_ibr-25_1.txt 1024 1455982267 1455982267
ibr-23_ibr-30_1.txt 1024 1455983377 1455983377
ibr-23_ibr-31_1.txt 1024 1455982137 1455982137
ibr-23_ibr-31_2.txt 1024 1455984017 1455984017
ibr-23_ibr-34_1.txt 1024 1455981187 1455981187
ibr-23_ibr-44_1.txt 1024 1455982527 1455982527
ibr-23_ibr-47_1.txt 1024 1455982127 1455982127
ibr-23_ibr-49_1.txt 1024 1455983567 1455983567
ibr-23_ibr-51_1.txt 1024 1455982777 1455982777
ibr-23_ibr-52_1.txt 1024 1455981427 1455981427
ibr-24_ibr-16_1.txt 1024 1455982737 1455982737
ibr-24_ibr-22_1.txt 1024 1455981807 1455981807
ibr-24_ibr-26_1.txt 1024 1455981197 1455981197
ibr-24_ibr-32_1.txt 1024 1455982797 1455982797
ibr-24_ibr-36_1.txt 1024 1455981307 1455981307
ibr-24_ibr-38_1.txt 1024 1455982727 1455982727
ibr-24_ibr-41_1.txt 1024 1455982057 1455982057
ibr-24_ibr-41_2.txt 1024 1455982277 1455982277
ibr-24_ibr-4_1.txt 1024 1455981457 1455981457
ibr-24_ibr-9_1.txt 1024 1455981997 1455981997
ibr-25_ibr-13_1.txt 1024 1455983907 1455983907
ibr-25_ibr-23_1.txt 1024 1455983157 1455983157
ibr-25_ibr-24_1.txt 1024 1455982577 1455982577
ibr-25_ibr-29_1.txt 1024 1455981197 1455981197
ibr-25_ibr-29_2.txt 1024 1455981397 1455981397
ibr-25_ibr-40_1.txt 1024 1455983067 1455983067
ibr-25_ibr-42_1.txt 1024 1455982747 1455982747
ibr-25_ibr-53_1.txt 1024 1455981347 1455981347
ibr-25_ibr-53_2.txt 1024 1455982377 1455982377
ibr-25_ibr-53_3.txt 1024 1455982777 1455982777
ibr-25_ibr-54_1.txt 1024 1455982387 1455982387
ibr-25_ibr-55_1.txt 1024 1455981997 1455981997
ibr-25_ibr-55_2.txt 1024 1455982667 1455982667
ibr-25_ibr-56_1.txt 1024 1455981247 1455981247
ibr-25_ibr-56_2.txt 1024 1455981267 1455981267
ibr-25_ibr-6_1.txt 1024 1455982297 1455982297
ibr-25_ibr-7_1.txt 1024 1455982447 1455982447
ibr-26_ibr-11_1.txt 1024 1455981202 1455981202
ibr-26_ibr-11_2.txt 1024 1455982092 1455982092
ibr-26_ibr-11_3.txt 1024 1455982992 1455982992
ibr-26_ibr-11_4.txt 1024 1455983052 1455983052
ibr-26_ibr-11_5.txt 1024 1455983122 1455983122
ibr-26_ibr-1_1.txt 1024 1455983842 1455983842
ibr-26_ibr-16_1.txt 1024 1455981722 1455981722
ibr-26_ibr-16_2.txt 1024 1455982062 1455982062
ibr-26_ibr-16_3.txt 1024 1455982072 1455982072
ibr-26_ibr-16_4.txt 1024 1455982212 1455982212
ibr-26_ibr-16_5.txt 1024 1455982852 1455982852
ibr-26_ibr-16_6.txt 1024 1455983352 1455983352
ibr-26_ibr-16_7.txt 1024 1455983532 1455983532
ibr-26_ibr-16_8.txt 1024 1455983742 1455983742
ibr-26_ibr-17_1.txt 1024 1455982077 1455982077
ibr-26_ibr-19_1.txt 1024 1455982347 1455982347
ibr-26_ibr-20_1.txt 1024 1455982217 1455982217
ibr-26_ibr-21_1.txt 1024 1455981372 1455981372
ibr-26_ibr-21_2.txt 1024 1455981702 1455981702
ibr-26_ibr-21_3.txt 1024 1455981922 1455981922
ibr-26_ibr-21_4.txt 1024 1455982082 1455982082
ibr-26_ibr-21_5.txt 1024 1455982562 1455982562
ibr-26_ibr-21_6.txt 1024 1455983392 1455983392
ibr-26_ibr-21_7.txt 1024 1455983852 1455983852
ibr-26_ibr-23_1.txt 1024 1455984007 1455984007
ibr-26_ibr-31_1.txt 1024 1455981352 1455981352
ibr-26_ibr-31_2.txt 1024 1455981772 1455981772
ibr-26_ibr-31_3.txt 1024 1455981917 1455981917
ibr-26_ibr-31_4.txt 1024 1455981942 1455981942
ibr-26_ibr-31_5.txt 1024 1455982382 1455982382
ibr-26_ibr-31_6.txt 1024 1455983812 1455983812
ibr-26_ibr-35_1.txt 1024 1455981127 1455981127
ibr-26_ibr-36_1.txt 1024 1455981612 1455981612
ibr-26_ibr-36_2.txt 1024 1455983102 1455983102
ibr-26_ibr-36_3.txt 1024 1455983512 1455983512
ibr-26_ibr-36_4.txt 1024 1455983652 1455983652
ibr-26_ibr-37_1.txt 1024 1455981567 1455981567
ibr-26_ibr-41_1.txt 1024 1455981152 1455981152
ibr-26_ibr-41_2.txt 1024 1455981162 1455981162
ibr-26_ibr-41_3.txt 1024 1455981402 1455981402
ibr-26_ibr-41_4.txt 1024 1455981592 1455981592
ibr-26_ibr-41_5.txt 1024 1455982402 1455982402
ibr-26_ibr-41_6.txt 1024 1455983202 1455983202
ibr-26_ibr-41_7.txt 1024 1455983237 1455983237
ibr-26_ibr-41_8.txt 1024 1455983272 1455983272
ibr-26_ibr-42_1.txt 1024 1455982177 1455982177
ibr-26_ibr-46_1.txt 1024 1455981272 1455981272
ibr-26_ibr-46_2.txt 1024 1455981622 1455981622
ibr-26_ibr-46_3.txt 1024 1455982362 1455982362
ibr-26_ibr-46_4.txt 1024 1455983212 1455983212
ibr-26_ibr-47_1.txt 1024 1455982737 1455982737
ibr-26_ibr-48_1.txt 1024 1455981597 1455981597
ibr-26_ibr-51_1.txt 1024 1455981822 1455981822
ibr-26_ibr-51_2.txt 1024 1455982492 1455982492
ibr-26_ibr-51_3.txt 1024 1455982902 1455982902
ibr-26_ibr-51_4.txt 1024 1455983482 1455983482
ibr-26_ibr-51_5.txt 1024 1455983572 1455983572
ibr-26_ibr-51_6.txt 1024 1455983712 1455983712
ibr-26_ibr-52_1.txt 1024 1455981637 1455981637
ibr-26_ibr-52_2.txt 1024 1455982507 1455982507
ibr-26_ibr-53_1.txt 1024 1455983317 1455983317
ibr-26_ibr-56_1.txt 1024 1455981392 1455981392
ibr-26_ibr-56_2.txt 1024 1455982942 1455982942
ibr-26_ibr-56_3.txt 1024 1455983382 1455983382
ibr-26_ibr-6_1.txt 1024 1455982392 1455982392
ibr-26_ibr-6_2.txt 1024 1455982802 1455982802
ibr-26_ibr-6_3.txt 1024 1455983372 1455983372
ibr-26_ibr-6_4.txt 1024 1455983802 1455983802
ibr-26_ibr-6_5.txt 1024 1455983972 1455983972
ibr-26_ibr-6_6.txt 1024 1455984022 1455984022
ibr-26_ibr-8_1.txt 1024 1455981107 1455981107
ibr-27_ibr-16_1.txt 1024 1455982187 1455982187
ibr-27_ibr-33_1.txt 1024 1455981727 1455981727
ibr-27_ibr-33_2.txt 1024 1455982938 1455982938
ibr-27_ibr-37_1.txt 1024 1455983357 1455983357
ibr-27_ibr-47_1.txt 1024 1455982207 1455982207
ibr-27_ibr-51_1.txt 1024 1455983737 1455983737
ibr-28_ibr-10_1.txt 1024 1455983997 1455983997
ibr-28_ibr-17_1.txt 1024 1455982107 1455982107
ibr-28_ibr-18_1.txt 1024 1455983507 1455983507
ibr-28_ibr-27_1.txt 1024 1455983827 1455983827
ibr-28_ibr-3_1.txt 1024 1455982437 1455982437
ibr-28_ibr-34_1.txt 1024 1455984017 1455984017
ibr-28_ibr-4_1.txt 1024 1455982987 1455982987
ibr-28_ibr-42_1.txt 1024 1455981577 1455981577
ibr-28_ibr-42_2.txt 1024 1455982857 1455982857
ibr-28_ibr-48_1.txt 1024 1455983787 1455983787
ibr-28_ibr-51_1.txt 1024 1455982507 1455982507
ibr-28_ibr-56_1.txt 1024 1455983617 1455983617
ibr-28_ibr-9_1.txt 1024 1455983917 1455983917
ibr-29_ibr-20_1.txt 1024 1455983837 1455983837
ibr-29_ibr-2_1.txt 1024 1455981717 1455981717
ibr-29_ibr-39_1.txt 1024 1455982927 1455982927
ibr-29_ibr-47_1.txt 1024 1455982887 1455982887
ibr-29_ibr-5_1.txt 1024 1455981627 1455981627
ibr-29_ibr-52_1.txt 1024 1455981917 1455981917
ibr-29_ibr-52_2.txt 1024 1455982357 1455982357
ibr-2_ibr-14_1.txt 1024 1455981927 1455981927
ibr-2_ibr-29_1.txt 1024 1455981567 1455981567
ibr-2_ibr-30_1.txt 1024 1455981657 1455981657
ibr-2_ibr-42_1.txt 1024 1455981977 1455981977
ibr-2_ibr-48_1.txt 1024 1455982067 1455982067
ibr-2_ibr-48_2.txt 1024 1455982287 1455982287
ibr-2_ibr-50_1.txt 1024 1455981547 1455981547
ibr-2_ibr-53_1.txt 1024 1455981647 1455981647
ibr-2_ibr-54_1.txt 1024 1455981887 1455981887
ibr-2_ibr-7_1.txt 1024 1455982787 1455982787
ibr-2_ibr-7_2.txt 1024 1455983607 1455983607
ibr-30_ibr-17_1.txt 1024 1455981707 1455981707
ibr-30_ibr-18_1.txt 1024 1455981137 1455981137
ibr-30_ibr-24_1.txt 1024 1455983907 1455983907
ibr-30_ibr-36_1.txt 1024 1455982567 1455982567
ibr-30_ibr-40_1.txt 1024 1455981667 1455981667
ibr-30_ibr-41_1.txt 1024 1455982847 1455982847
ibr-30_ibr-44_1.txt 1024 1455982257 1455982257
ibr-30_ibr-45_1.txt 1024 1455982657 1455982657
ibr-30_ibr-50_1.txt 1024 1455982617 1455982617
ibr-30_ibr-50_2.txt 1024 1455983967 1455983967
ibr-31_ibr-11_1.txt 1024 1455981842 1455981842
ibr-31_ibr-11_2.txt 1024 1455982662 1455982662
ibr-31_ibr-11_3.txt 1024 1455983622 1455983622
ibr-31_ibr-11_4.txt 1024 1455983992 1455983992
ibr-31_ibr-1_1.txt 1024 1455981102 1455981102
ibr-31_ibr-1_2.txt 1024 1455982052 1455982052
ibr-31_ibr-1_3.txt 1024 1455982512 1455982512
ibr-31_ibr-1_4.txt 1024 1455983112 1455983112
ibr-31_ibr-1_5.txt 1024 1455983342 1455983342
ibr-31_ibr-16_1.txt 1024 1455982242 1455982242
ibr-31_ibr-16_2.txt 1024 1455982542 1455982542
ibr-31_ibr-16_3.txt 1024 1455983792 1455983792
ibr-31_ibr-20_1.txt 1024 1455981237 1455981237
ibr-31_ibr-20_2.txt 1024 1455982527 1455982527
ibr-31_ibr-21_1.txt 1024 1455981722 1455981722
ibr-31_ibr-21_2.txt 1024 1455982672 1455982672
ibr-31_ibr-21_3.txt 1024 1455982722 1455982722
ibr-31_ibr-21_4.txt 1024 1455983972 1455983972
ibr-31_ibr-26_1.txt 1024 1455981402 1455981402
ibr-31_ibr-26_2.txt 1024 1455981552 1455981552
ibr-31_ibr-26_3.txt 1024 1455981847 1455981847
ibr-31_ibr-26_4.txt 1024 1455981962 1455981962
ibr-31_ibr-26_5.txt 1024 1455982132 1455982132
ibr-31_ibr-26_6.txt 1024 1455983092 1455983092
ibr-31_ibr-26_7.txt 1024 1455983182 1455983182
ibr-31_ibr-26_8.txt 1024 1455983742 1455983742
ibr-31_ibr-26_9.txt 1024 1455983902 1455983902
ibr-31_ibr-33_1.txt 1024 1455981187 1455981187
ibr-31_ibr-34_1.txt 1024 1455981497 1455981497
ibr-31_ibr-35_1.txt 1024 1455983447 1455983447
ibr-31_ibr-36_1.txt 1024 1455981382 1455981382
ibr-31_ibr-36_2.txt 1024 1455981512 1455981512
ibr-31_ibr-36_3.txt 1024 1455981752 1455981752
ibr-31_ibr-36_4.txt 1024 1455983012 1455983012
ibr-31_ibr-36_5.txt 1024 1455983552 1455983552
ibr-31_ibr-36_6.txt 1024 1455983982 1455983982
ibr-31_ibr-38_1.txt 1024 1455983427 1455983427
ibr-31_ibr-41_10.txt 1024 1455983962 1455983962
ibr-31_ibr-41_1.txt 1024 1455981077 1455981077
ibr-31_ibr-41_2.txt 1024 1455981122 1455981122
ibr-31_ibr-41_3.txt 1024 1455981672 1455981672
ibr-31_ibr-41_4.txt 1024 1455981952 1455981952
ibr-31_ibr-41_5.txt 1024 1455982192 1455982192
ibr-31_ibr-41_6.txt 1024 1455982752 1455982752
ibr-31_ibr-41_7.txt 1024 1455983282 1455983282
ibr-31_ibr-41_8.txt 1024 1455983492 1455983492
ibr-31_ibr-41_9.txt 1024 1455983632 1455983632
ibr-31_ibr-46_1.txt 1024 1455981362 1455981362
ibr-31_ibr-46_2.txt 1024 1455981522 1455981522
ibr-31_ibr-46_3.txt 1024 1455981982 1455981982
ibr-31_ibr-46_4.txt 1024 1455982032 1455982032
ibr-31_ibr-46_5.txt 1024 1455982092 1455982092
ibr-31_ibr-46_6.txt 1024 1455982172 1455982172
ibr-31_ibr-46_7.txt 1024 1455982602 1455982602
ibr-31_ibr-46_8.txt 1024 1455982972 1455982972
ibr-31_ibr-46_9.txt 1024 1455983242 1455983242
ibr-31_ibr-51_1.txt 1024 1455983162 1455983162
ibr-31_ibr-54_1.txt 1024 1455981857 1455981857
ibr-31_ibr-56_1.txt 1024 1455981482 1455981482
ibr-31_ibr-56_2.txt 1024 1455981942 1455981942
ibr-31_ibr-56_3.txt 1024 1455982237 1455982237
ibr-31_ibr-56_4.txt 1024 1455982862 1455982862
ibr-31_ibr-6_1.txt 1024 1455981242 1455981242
ibr-31_ibr-6_2.txt 1024 1455981302 1455981302
ibr-31_ibr-6_3.txt 1024 1455982012 1455982012
ibr-31_ibr-6_4.txt 1024 1455982182 1455982182
ibr-31_ibr-6_5.txt 1024 1455982762 1455982762
ibr-31_ibr-6_6.txt 1024 1455983892 1455983892
ibr-32_ibr-12_1.txt 1024 1455983197 1455983197
ibr-32_ibr-16_1.txt 1024 1455982447 1455982447
ibr-32_ibr-19_1.txt 1024 1455982567 1455982567
ibr-32_ibr-21_1.txt 1024 1455981557 1455981557
ibr-32_ibr-40_1.txt 1024 1455981048 1455981048
ibr-32_ibr-50_1.txt 1024 1455982647 1455982647
ibr-32_ibr-54_1.txt 1024 1455982387 1455982387
ibr-33_ibr-13_1.txt 1024 1455983787 1455983787
ibr-33_ibr-14_1.txt 1024 1455982757 1455982757
ibr-33_ibr-19_1.txt 1024 1455982367 1455982367
ibr-33_ibr-20_1.txt 1024 1455981607 1455981607
ibr-33_ibr-22_1.txt 1024 1455981357 1455981357
ibr-33_ibr-31_1.txt 1024 1455982427 1455982427
ibr-33_ibr-34_1.txt 1024 1455983707 1455983707
ibr-33_ibr-39_1.txt 1024 1455983247 1455983247
ibr-33_ibr-4_1.txt 1024 1455982827 1455982827
ibr-33_ibr-43_1.txt 1024 1455981207 1455981207
ibr-33_ibr-46_1.txt 1024 1455983167 1455983167
ibr-33_ibr-47_1.txt 1024 1455983897 1455983897
ibr-33_ibr-48_1.txt 1024 1455983117 1455983117
ibr-33_ibr-49_1.txt 1024 1455983437 1455983437
ibr-33_ibr-53_1.txt 1024 1455981417 1455981417
ibr-33_ibr-56_1.txt 1024 1455981117 1455981117
ibr-34_ibr-18_1.txt 1024 1455983997 1455983997
ibr-34_ibr-20_1.txt 1024 1455981357 1455981357
ibr-34_ibr-20_2.txt 1024 1455983557 1455983557
ibr-34_ibr-22_1.txt 1024 1455982407 1455982407
ibr-34_ibr-23_1.txt 1024 1455982227 1455982227
ibr-34_ibr-25_1.txt 1024 1455983077 1455983077
ibr-34_ibr-26_1.txt 1024 1455981237 1455981237
ibr-34_ibr-38_1.txt 1024 1455982947 1455982947
ibr-34_ibr-39_1.txt 1024 1455982627 1455982627
ibr-34_ibr-4_1.txt 1024 1455983227 1455983227
ibr-34_ibr-48_1.txt 1024 1455982307 1455982307
ibr-34_ibr-50_1.txt 1024 1455982717 1455982717
ibr-34_ibr-9_1.txt 1024 1455982757 1455982757
ibr-35_ibr-10_1.txt 1024 1455981287 1455981287
ibr-35_ibr-17_1.txt 1024 1455983887 1455983887
ibr-35_ibr-23_1.txt 1024 1455981207 1455981207
ibr-35_ibr-29_1.txt 1024 1455982587 1455982587
ibr-35_ibr-33_1.txt 1024 1455981037 1455981037
ibr-35_ibr-8_1.txt 1024 1455983127 1455983127
ibr-36_ibr-10_1.txt 1024 1455981407 1455981407
ibr-36_ibr-11_1.txt 1024 1455981852 1455981852
ibr-36_ibr-11_2.txt 1024 1455982462 1455982462
ibr-36_ibr-11_3.txt 1024 1455982652 1455982652
ibr-36_ibr-11_4.txt 1024 1455982897 1455982897
ibr-36_ibr-11_5.txt 1024 1455983402 1455983402
ibr-36_ibr-1_1.txt 1024 1455981832 1455981832
ibr-36_ibr-1_2.txt 1024 1455982712 1455982712
ibr-36_ibr-1_3.txt 1024 1455983232 1455983232
ibr-36_ibr-1_4.txt 1024 1455983922 1455983922
ibr-36_ibr-16_1.txt 1024 1455981752 1455981752
ibr-36_ibr-16_2.txt 1024 1455981892 1455981892
ibr-36_ibr-16_3.txt 1024 1455982352 1455982352
ibr-36_ibr-16_4.txt 1024 1455983432 1455983432
ibr-36_ibr-16_5.txt 1024 1455983452 1455983452
ibr-36_ibr-16_6.txt 1024 1455983627 1455983627
ibr-36_ibr-16_7.txt 1024 1455983792 1455983792
ibr-36_ibr-21_1.txt 1024 1455982017 1455982017
ibr-36_ibr-21_2.txt 1024 1455983672 1455983672
ibr-36_ibr-21_3.txt 1024 1455983812 1455983812
ibr-36_ibr-25_1.txt 1024 1455983637 1455983637
ibr-36_ibr-26_1.txt 1024 1455981132 1455981132
ibr-36_ibr-26_2.txt 1024 1455981502 1455981502
ibr-36_ibr-26_3.txt 1024 1455981552 1455981552
ibr-36_ibr-26_4.txt 1024 1455983582 1455983582
ibr-36_ibr-31_1.txt 1024 1455981842 1455981842
ibr-36_ibr-31_2.txt 1024 1455982142 1455982142
ibr-36_ibr-31_3.txt 1024 1455982452 1455982452
ibr-36_ibr-31_4.txt 1024 1455982832 1455982832
ibr-36_ibr-31_5.txt 1024 1455983092 1455983092
ibr-36_ibr-31_6.txt 1024 1455983942 1455983942
ibr-36_ibr-41_1.txt 1024 1455981192 1455981192
ibr-36_ibr-41_2.txt 1024 1455981812 1455981812
ibr-36_ibr-41_3.txt 1024 1455981922 1455981922
ibr-36_ibr-41_4.txt 1024 1455983312 1455983312
ibr-36_ibr-42_1.txt 1024 1455981387 1455981387
ibr-36_ibr-46_1.txt 1024 1455981412 1455981412
ibr-36_ibr-46_2.txt 1024 1455982682 1455982682
ibr-36_ibr-46_3.txt 1024 1455983337 1455983337
ibr-36_ibr-46_4.txt 1024 1455983422 1455983422
ibr-36_ibr-46_5.txt 1024 1455983512 1455983512
ibr-36_ibr-46_6.txt 1024 1455983522 1455983522
ibr-36_ibr-50_1.txt 1024 1455983647 1455983647
ibr-36_ibr-51_1.txt 1024 1455981902 1455981902
ibr-36_ibr-51_2.txt 1024 1455982112 1455982112
ibr-36_ibr-51_3.txt 1024 1455982262 1455982262
ibr-36_ibr-51_4.txt 1024 1455982872 1455982872
ibr-36_ibr-51_5.txt 1024 1455983122 1455983122
ibr-36_ibr-51_6.txt 1024 1455983562 1455983562
ibr-36_ibr-51_7.txt 1024 1455983592 1455983592
ibr-36_ibr-51_8.txt 1024 1455983952 1455983952
ibr-36_ibr-53_1.txt 1024 1455981307 1455981307
ibr-36_ibr-56_1.txt 1024 1455981282 1455981282
ibr-36_ibr-56_2.txt 1024 1455981392 1455981392
ibr-36_ibr-56_3.txt 1024 1455981472 1455981472
ibr-36_ibr-56_4.txt 1024 1455981572 1455981572
ibr-36_ibr-56_5.txt 1024 1455981632 1455981632
ibr-36_ibr-56_6.txt 1024 1455981972 1455981972
ibr-36_ibr-56_7.txt 1024 1455982322 1455982322
ibr-36_ibr-56_8.txt 1024 1455982422 1455982422
ibr-36_ibr-56_9.txt 1024 1455983692 1455983692
ibr-36_ibr-6_1.txt 1024 1455981052 1455981052
ibr-36_ibr-6_2.txt 1024 1455983033 1455983033
ibr-36_ibr-6_3.txt 1024 1455983722 1455983722
ibr-37_ibr-11_1.txt 1024 1455982337 1455982337
ibr-37_ibr-19_1.txt 1024 1455981677 1455981677
ibr-37_ibr-23_1.txt 1024 1455982617 1455982617
ibr-37_ibr-41_1.txt 1024 1455982817 1455982817
ibr-37_ibr-4_1.txt 1024 1455982487 1455982487
ibr-37_ibr-42_1.txt 1024 1455982007 1455982007
ibr-37_ibr-7_1.txt 1024 1455982587 1455982587
ibr-38_ibr-12_1.txt 1024 1455983017 1455983017
ibr-38_ibr-20_1.txt 1024 1455982187 1455982187
ibr-38_ibr-32_1.txt 1024 1455981877 1455981877
ibr-38_ibr-39_1.txt 1024 1455981167 1455981167
ibr-38_ibr-42_1.txt 1024 1455982607 1455982607
ibr-38_ibr-45_1.txt 1024 1455981777 1455981777
ibr-38_ibr-45_2.txt 1024 1455983257 1455983257
ibr-38_ibr-46_1.txt 1024 1455981727 1455981727
ibr-38_ibr-47_1.txt 1024 1455982817 1455982817
ibr-38_ibr-48_1.txt 1024 1455981907 1455981907
ibr-38_ibr-51_1.txt 1024 1455983577 1455983577
ibr-38_ibr-55_1.txt 1024 1455983487 1455983487
ibr-39_ibr-13_1.txt 1024 1455983587 1455983587
ibr-39_ibr-15_1.txt 1024 1455981747 1455981747
ibr-39_ibr-23_1.txt 1024 1455982297 1455982297
ibr-39_ibr-29_1.txt 1024 1455983797 1455983797
ibr-39_ibr-41_1.txt 1024 1455982097 1455982097
ibr-39_ibr-50_1.txt 1024 1455983467 1455983467
ibr-39_ibr-52_1.txt 1024 1455981877 1455981877
ibr-39_ibr-54_1.txt 1024 1455982277 1455982277
ibr-39_ibr-6_1.txt 1024 1455983137 1455983137
ibr-39_ibr-6_2.txt 1024 1455983217 1455983217
ibr-3_ibr-10_1.txt 1024 1455983367 1455983367
ibr-3_ibr-12_1.txt 1024 1455981247 1455981247
ibr-3_ibr-18_1.txt 1024 1455983727 1455983727
ibr-3_ibr-39_1.txt 1024 1455983047 1455983047
ibr-3_ibr-4_1.txt 1024 1455981737 1455981737
ibr-3_ibr-45_1.txt 1024 1455983757 1455983757
ibr-3_ibr-49_1.txt 1024 1455983237 1455983237
ibr-3_ibr-5_1.txt 1024 1455982247 1455982247
ibr-40_ibr-14_1.txt 1024 1455981257 1455981257
ibr-40_ibr-26_1.txt 1024 1455981127 1455981127
ibr-40_ibr-27_1.txt 1024 1455982317 1455982317
ibr-40_ibr-31_1.txt 1024 1455982977 1455982977
ibr-40_ibr-3_1.txt 1024 1455981667 1455981667
ibr-40_ibr-32_1.txt 1024 1455983577 1455983577
ibr-40_ibr-34_1.txt 1024 1455983077 1455983077
ibr-40_ibr-35_1.txt 1024 1455981437 1455981437
ibr-40_ibr-37_1.txt 1024 1455983087 1455983087
ibr-40_ibr-38_1.txt 1024 1455982907 1455982907
ibr-40_ibr-39_1.txt 1024 1455983047 1455983047
ibr-40_ibr-4_1.txt 1024 1455982497 1455982497
ibr-40_ibr-42_1.txt 1024 1455983487 1455983487
ibr-40_ibr-48_1.txt 1024 1455981537 1455981537
ibr-41_ibr-10_1.txt 1024 1455981277 1455981277
ibr-41_ibr-10_2.txt 1024 1455983717 1455983717
ibr-41_ibr-11_1.txt 1024 1455981322 1455981322
ibr-41_ibr-11_2.txt 1024 1455982452 1455982452
ibr-41_ibr-11_3.txt 1024 1455983662 1455983662
ibr-41_ibr-11_4.txt 1024 1455983772 1455983772
ibr-41_ibr-1_1.txt 1024 1455981862 1455981862
ibr-41_ibr-1_2.txt 1024 1455982152 1455982152
ibr-41_ibr-1_3.txt 1024 1455983602 1455983602
ibr-41_ibr-1_4.txt 1024 1455983702 1455983702
ibr-41_ibr-16_1.txt 1024 1455982682 1455982682
ibr-41_ibr-16_2.txt 1024 1455982752 1455982752
ibr-41_ibr-16_3.txt 1024 1455982812 1455982812
ibr-41_ibr-16_4.txt 1024 1455983872 1455983872
ibr-41_ibr-16_5.txt 1024 1455984012 1455984012
ibr-41_ibr-19_1.txt 1024 1455981787 1455981787
ibr-41_ibr-21_1.txt 1024 1455981143 1455981143
ibr-41_ibr-21_2.txt 1024 1455981382 1455981382
ibr-41_ibr-21_3.txt 1024 1455981432 1455981432
ibr-41_ibr-21_4.txt 1024 1455982482 1455982482
ibr-41_ibr-21_5.txt 1024 1455982792 1455982792
ibr-41_ibr-21_6.txt 1024 1455982892 1455982892
ibr-41_ibr-21_7.txt 1024 1455983362 1455983362
ibr-41_ibr-21_8.txt 1024 1455983522 1455983522
ibr-41_ibr-25_1.txt 1024 1455983947 1455983947
ibr-41_ibr-30_1.txt 1024 1455983287 1455983287
ibr-41_ibr-31_1.txt 1024 1455982252 1455982252
ibr-41_ibr-31_2.txt 1024 1455982382 1455982382
ibr-41_ibr-31_3.txt 1024 1455982412 1455982412
ibr-41_ibr-36_1.txt 1024 1455981972 1455981972
ibr-41_ibr-36_2.txt 1024 1455982172 1455982172
ibr-41_ibr-36_3.txt 1024 1455983632 1455983632
ibr-41_ibr-37_1.txt 1024 1455982557 1455982557
ibr-41_ibr-43_1.txt 1024 1455981927 1455981927
ibr-41_ibr-46_1.txt 1024 1455981082 1455981082
ibr-41_ibr-46_2.txt 1024 1455981162 1455981162
ibr-41_ibr-46_3.txt 1024 1455982022 1455982022
ibr-41_ibr-46_4.txt 1024 1455982182 1455982182
ibr-41_ibr-46_5.txt 1024 1455982722 1455982722
ibr-41_ibr-46_6.txt 1024 1455983262 1455983262
ibr-41_ibr-51_1.txt 1024 1455981882 1455981882
ibr-41_ibr-51_2.txt 1024 1455982742 1455982742
ibr-41_ibr-51_3.txt 1024 1455983042 1455983042
ibr-41_ibr-51_4.txt 1024 1455983062 1455983062
ibr-41_ibr-51_5.txt 1024 1455984002 1455984002
ibr-41_ibr-56_1.txt 1024 1455981212 1455981212
ibr-41_ibr-56_2.txt 1024 1455981302 1455981302
ibr-41_ibr-56_3.txt 1024 1455981912 1455981912
ibr-41_ibr-56_4.txt 1024 1455982952 1455982952
ibr-41_ibr-56_5.txt 1024 1455983022 1455983022
ibr-41_ibr-56_6.txt 1024 1455983252 1455983252
ibr-41_ibr-56_7.txt 1024 1455983677 1455983677
ibr-41_ibr-56_8.txt 1024 1455983732 1455983732
ibr-41_ibr-6_1.txt 1024 1455981932 1455981932
ibr-41_ibr-6_2.txt 1024 1455982042 1455982042
ibr-41_ibr-6_3.txt 1024 1455983382 1455983382
ibr-41_ibr-6_4.txt 1024 1455983862 1455983862
ibr-42_ibr-14_1.txt 1024 1455981387 1455981387
ibr-42_ibr-24_1.txt 1024 1455982217 1455982217
ibr-42_ibr-25_1.txt 1024 1455982407 1455982407
ibr-42_ibr-26_1.txt 1024 1455983827 1455983827
ibr-42_ibr-29_1.txt 1024 1455983027 1455983027
ibr-42_ibr-33_1.txt 1024 1455982867 1455982867
ibr-42_ibr-35_1.txt 1024 1455982147 1455982147
ibr-42_ibr-37_1.txt 1024 1455983617 1455983617
ibr-42_ibr-44_1.txt 1024 1455981107 1455981107
ibr-42_ibr-44_2.txt 1024 1455981797 1455981797
ibr-42_ibr-50_1.txt 1024 1455983457 1455983457
ibr-42_ibr-5_1.txt 1024 1455982307 1455982307
ibr-43_ibr-12_1.txt 1024 1455983877 1455983877
ibr-43_ibr-19_1.txt 1024 1455981517 1455981517
ibr-43_ibr-28_1.txt 1024 1455982547 1455982547
ibr-43_ibr-4_1.txt 1024 1455982897 1455982897
ibr-43_ibr-42_1.txt 1024 1455983307 1455983307
ibr-43_ibr-48_1.txt 1024 1455983527 1455983527
ibr-43_ibr-55_1.txt 1024 1455981827 1455981827
ibr-43_ibr-7_1.txt 1024 1455983937 1455983937
ibr-44_ibr-12_1.txt 1024 1455981287 1455981287
ibr-44_ibr-15_1.txt 1024 1455983917 1455983917
ibr-44_ibr-19_1.txt 1024 1455981687 1455981687
ibr-44_ibr-21_1.txt 1024 1455983777 1455983777
ibr-44_ibr-23_1.txt 1024 1455981367 1455981367
ibr-44_ibr-27_1.txt 1024 1455982067 1455982067
ibr-44_ibr-35_1.txt 1024 1455982287 1455982287
ibr-44_ibr-36_1.txt 1024 1455981967 1455981967
ibr-44_ibr-39_1.txt 1024 1455982087 1455982087
ibr-44_ibr-4_1.txt 1024 1455982957 1455982957
ibr-44_ibr-4_2.txt 1024 1455983317 1455983317
ibr-44_ibr-51_1.txt 1024 1455984007 1455984007
ibr-44_ibr-53_1.txt 1024 1455983647 1455983647
ibr-45_ibr-17_1.txt 1024 1455983807 1455983807
ibr-45_ibr-22_1.txt 1024 1455983537 1455983537
ibr-45_ibr-31_1.txt 1024 1455981327 1455981327
ibr-45_ibr-32_1.txt 1024 1455982077 1455982077
ibr-45_ibr-32_2.txt 1024 1455982907 1455982907
ibr-45_ibr-35_1.txt 1024 1455982027 1455982027
ibr-45_ibr-44_1.txt 1024 1455982577 1455982577
ibr-45_ibr-47_1.txt 1024 1455983087 1455983087
ibr-45_ibr-8_1.txt 1024 1455981947 1455981947
ibr-46_ibr-11_1.txt 1024 1455981632 1455981632
ibr-46_ibr-11_2.txt 1024 1455982442 1455982442
ibr-46_ibr-11_3.txt 1024 1455982732 1455982732
ibr-46_ibr-11_4.txt 1024 1455982902 1455982902
ibr-46_ibr-11_5.txt 1024 1455983622 1455983622
ibr-46_ibr-1_1.txt 1024 1455982062 1455982062
ibr-46_ibr-1_2.txt 1024 1455982402 1455982402
ibr-46_ibr-1_3.txt 1024 1455983002 1455983002
ibr-46_ibr-1_4.txt 1024 1455983782 1455983782
ibr-46_ibr-16_1.txt 1024 1455981312 1455981312
ibr-46_ibr-16_2.txt 1024 1455981832 1455981832
ibr-46_ibr-21_1.txt 1024 1455981782 1455981782
ibr-46_ibr-21_2.txt 1024 1455981872 1455981872
ibr-46_ibr-21_3.txt 1024 1455982372 1455982372
ibr-46_ibr-21_4.txt 1024 1455982742 1455982742
ibr-46_ibr-21_5.txt 1024 1455983033 1455983033
ibr-46_ibr-21_6.txt 1024 1455983072 1455983072
ibr-46_ibr-21_7.txt 1024 1455983592 1455983592
ibr-46_ibr-26_1.txt 1024 1455981157 1455981157
ibr-46_ibr-26_2.txt 1024 1455981182 1455981182
ibr-46_ibr-26_3.txt 1024 1455981662 1455981662
ibr-46_ibr-26_4.txt 1024 1455981812 1455981812
ibr-46_ibr-26_5.txt 1024 1455982002 1455982002
ibr-46_ibr-26_6.txt 1024 1455983482 1455983482
ibr-46_ibr-26_7.txt 1024 1455983962 1455983962
ibr-46_ibr-30_1.txt 1024 1455981097 1455981097
ibr-46_ibr-31_1.txt 1024 1455981742 1455981742
ibr-46_ibr-31_2.txt 1024 1455981792 1455981792
ibr-46_ibr-31_3.txt 1024 1455983062 1455983062
ibr-46_ibr-31_4.txt 1024 1455983752 1455983752
ibr-46_ibr-31_5.txt 1024 1455983802 1455983802
ibr-46_ibr-36_10.txt 1024 1455983862 1455983862
ibr-46_ibr-36_1.txt 1024 1455981322 1455981322
ibr-46_ibr-36_2.txt 1024 1455981442 1455981442
ibr-46_ibr-36_3.txt 1024 1455981652 1455981652
ibr-46_ibr-36_4.txt 1024 1455981762 1455981762
ibr-46_ibr-36_5.txt 1024 1455982272 1455982272
ibr-46_ibr-36_6.txt 1024 1455982392 1455982392
ibr-46_ibr-36_7.txt 1024 1455982842 1455982842
ibr-46_ibr-36_8.txt 1024 1455983402 1455983402
ibr-46_ibr-36_9.txt 1024 1455983822 1455983822
ibr-46_ibr-39_1.txt 1024 1455981087 1455981087
ibr-46_ibr-41_1.txt 1024 1455981732 1455981732
ibr-46_ibr-41_2.txt 1024 1455982022 1455982022
ibr-46_ibr-41_3.txt 1024 1455982162 1455982162
ibr-46_ibr-41_4.txt 1024 1455982422 1455982422
ibr-46_ibr-41_5.txt 1024 1455982612 1455982612
ibr-46_ibr-43_1.txt 1024 1455983987 1455983987
ibr-46_ibr-48_1.txt 1024 1455981217 1455981217
ibr-46_ibr-51_1.txt 1024 1455981092 1455981092
ibr-46_ibr-51_2.txt 1024 1455981152 1455981152
ibr-46_ibr-51_3.txt 1024 1455981702 1455981702
ibr-46_ibr-51_4.txt 1024 1455982912 1455982912
ibr-46_ibr-51_5.txt 1024 1455983082 1455983082
ibr-46_ibr-55_1.txt 1024 1455981957 1455981957
ibr-46_ibr-56_1.txt 1024 1455982312 1455982312
ibr-46_ibr-56_2.txt 1024 1455983212 1455983212
ibr-46_ibr-6_1.txt 1024 1455981462 1455981462
ibr-46_ibr-6_2.txt 1024 1455982417 1455982417
ibr-46_ibr-6_3.txt 1024 1455982962 1455982962
ibr-46_ibr-6_4.txt 1024 1455983252 1455983252
ibr-46_ibr-6_5.txt 1024 1455983602 1455983602
ibr-46_ibr-6_6.txt 1024 1455983832 1455983832
ibr-47_ibr-13_1.txt 1024 1455983397 1455983397
ibr-47_ibr-16_1.txt 1024 1455982157 1455982157
ibr-47_ibr-17_1.txt 1024 1455981867 1455981867
ibr-47_ibr-20_1.txt 1024 1455981087 1455981087
ibr-47_ibr-27_1.txt 1024 1455981647 1455981647
ibr-47_ibr-27_2.txt 1024 1455983097 1455983097
ibr-47_ibr-4_1.txt 1024 1455982767 1455982767
ibr-47_ibr-46_1.txt 1024 1455982177 1455982177
ibr-47_ibr-46_2.txt 1024 1455983797 1455983797
ibr-48_ibr-13_1.txt 1024 1455981687 1455981687
ibr-48_ibr-19_1.txt 1024 1455982787 1455982787
ibr-48_ibr-2_1.txt 1024 1455981937 1455981937
ibr-48_ibr-27_1.txt 1024 1455982837 1455982837
ibr-48_ibr-3_1.txt 1024 1455983767 1455983767
ibr-48_ibr-32_1.txt 1024 1455983347 1455983347
ibr-48_ibr-34_1.txt 1024 1455983927 1455983927
ibr-48_ibr-37_1.txt 1024 1455981527 1455981527
ibr-48_ibr-38_1.txt 1024 1455981897 1455981897
ibr-48_ibr-45_1.txt 1024 1455983957 1455983957
ibr-48_ibr-47_1.txt 1024 1455982597 1455982597
ibr-48_ibr-8_1.txt 1024 1455983717 1455983717
ibr-49_ibr-16_1.txt 1024 1455983817 1455983817
ibr-49_ibr-22_1.txt 1024 1455981147 1455981147
ibr-49_ibr-29_1.txt 1024 1455982197 1455982197
ibr-49_ibr-34_1.txt 1024 1455983677 1455983677
ibr-49_ibr-35_1.txt 1024 1455983207 1455983207
ibr-49_ibr-37_1.txt 1024 1455981617 1455981617
ibr-49_ibr-40_1.txt 1024 1455983177 1455983177
ibr-49_ibr-5_1.txt 1024 1455982167 1455982167
ibr-49_ibr-52_1.txt 1024 1455981317 1455981317
ibr-49_ibr-53_1.txt 1024 1455982647 1455982647
ibr-49_ibr-54_1.txt 1024 1455983297 1455983297
ibr-4_ibr-15_1.txt 1024 1455983477 1455983477
ibr-4_ibr-26_1.txt 1024 1455982687 1455982687
ibr-4_ibr-38_1.txt 1024 1455983847 1455983847
ibr-4_ibr-40_1.txt 1024 1455981947 1455981947
ibr-4_ibr-42_1.txt 1024 1455982607 1455982607
ibr-4_ibr-56_1.txt 1024 1455983017 1455983017
ibr-4_ibr-9_1.txt 1024 1455981987 1455981987
ibr-50_ibr-11_1.txt 1024 1455981707 1455981707
ibr-50_ibr-16_1.txt 1024 1455983667 1455983667
ibr-50_ibr-20_1.txt 1024 1455982637 1455982637
ibr-50_ibr-24_1.txt 1024 1455982807 1455982807
ibr-50_ibr-25_1.txt 1024 1455981967 1455981967
ibr-50_ibr-30_1.txt 1024 1455983777 1455983777
ibr-50_ibr-31_1.txt 1024 1455982377 1455982377
ibr-50_ibr-31_2.txt 1024 1455982917 1455982917
ibr-50_ibr-3_1.txt 1024 1455982027 1455982027
ibr-50_ibr-32_1.txt 1024 1455983627 1455983627
ibr-50_ibr-34_1.txt 1024 1455983977 1455983977
ibr-50_ibr-37_1.txt 1024 1455982967 1455982967
ibr-50_ibr-4_1.txt 1024 1455982207 1455982207
ibr-50_ibr-42_1.txt 1024 1455981477 1455981477
ibr-50_ibr-43_1.txt 1024 1455982717 1455982717
ibr-50_ibr-47_1.txt 1024 1455981557 1455981557
ibr-50_ibr-49_1.txt 1024 1455983737 1455983737
ibr-50_ibr-5_1.txt 1024 1455983377 1455983377
ibr-50_ibr-8_1.txt 1024 1455982487 1455982487
ibr-51_ibr-11_1.txt 1024 1455981062 1455981062
ibr-51_ibr-11_2.txt 1024 1455982232 1455982232
ibr-51_ibr-11_3.txt 1024 1455982302 1455982302
ibr-51_ibr-11_4.txt 1024 1455982662 1455982662
ibr-51_ibr-11_5.txt 1024 1455982792 1455982792
ibr-51_ibr-11_6.txt 1024 1455983432 1455983432
ibr-51_ibr-11_7.txt 1024 1455983472 1455983472
ibr-51_ibr-1_1.txt 1024 1455983082 1455983082
ibr-51_ibr-1_2.txt 1024 1455983422 1455983422
ibr-51_ibr-1_3.txt 1024 1455983502 1455983502
ibr-51_ibr-1_4.txt 1024 1455983732 1455983732
ibr-51_ibr-1_5.txt 1024 1455983952 1455983952
ibr-51_ibr-16_1.txt 1024 1455981192 1455981192
ibr-51_ibr-16_2.txt 1024 1455981662 1455981662
ibr-51_ibr-16_3.txt 1024 1455982072 1455982072
ibr-51_ibr-16_4.txt 1024 1455982292 1455982292
ibr-51_ibr-16_5.txt 1024 1455982502 1455982502
ibr-51_ibr-16_6.txt 1024 1455983192 1455983192
ibr-51_ibr-16_7.txt 1024 1455983722 1455983722
ibr-51_ibr-16_8.txt 1024 1455983932 1455983932
ibr-51_ibr-17_1.txt 1024 1455983107 1455983107
ibr-51_ibr-21_1.txt 1024 1455981412 1455981412
ibr-51_ibr-21_2.txt 1024 1455981542 1455981542
ibr-51_ibr-21_3.txt 1024 1455981682 1455981682
ibr-51_ibr-21_4.txt 1024 1455981822 1455981822
ibr-51_ibr-21_5.txt 1024 1455982432 1455982432
ibr-51_ibr-21_6.txt 1024 1455983532 1455983532
ibr-51_ibr-26_1.txt 1024 1455982032 1455982032
ibr-51_ibr-26_2.txt 1024 1455982582 1455982582
ibr-51_ibr-31_1.txt 1024 1455981132 1455981132
ibr-51_ibr-31_2.txt 1024 1455981252 1455981252
ibr-51_ibr-31_3.txt 1024 1455981342 1455981342
ibr-51_ibr-31_4.txt 1024 1455981432 1455981432
ibr-51_ibr-31_5.txt 1024 1455982542 1455982542
ibr-51_ibr-31_6.txt 1024 1455982612 1455982612
ibr-51_ibr-31_7.txt 1024 1455983152 1455983152
ibr-51_ibr-31_8.txt 1024 1455983202 1455983202
ibr-51_ibr-31_9.txt 1024 1455983452 1455983452
ibr-51_ibr-33_1.txt 1024 1455983747 1455983747
ibr-51_ibr-36_1.txt 1024 1455982922 1455982922
ibr-51_ibr-36_2.txt 1024 1455983557 1455983557
ibr-51_ibr-36_3.txt 1024 1455983682 1455983682
ibr-51_ibr-41_1.txt 1024 1455981072 1455981072
ibr-51_ibr-41_2.txt 1024 1455981982 1455981982
ibr-51_ibr-41_3.txt 1024 1455983562 1455983562
ibr-51_ibr-46_1.txt 1024 1455981452 1455981452
ibr-51_ibr-46_2.txt 1024 1455983912 1455983912
ibr-51_ibr-56_1.txt 1024 1455982102 1455982102
ibr-51_ibr-56_2.txt 1024 1455982342 1455982342
ibr-51_ibr-56_3.txt 1024 1455982372 1455982372
ibr-51_ibr-56_4.txt 1024 1455983172 1455983172
ibr-51_ibr-56_5.txt 1024 1455983982 1455983982
ibr-51_ibr-6_1.txt 1024 1455981522 1455981522
ibr-51_ibr-6_2.txt 1024 1455981912 1455981912
ibr-51_ibr-6_3.txt 1024 1455982322 1455982322
ibr-51_ibr-6_4.txt 1024 1455982362 1455982362
ibr-51_ibr-6_5.txt 1024 1455982772 1455982772
ibr-51_ibr-6_6.txt 1024 1455983002 1455983002
ibr-51_ibr-6_7.txt 1024 1455983012 1455983012
ibr-51_ibr-7_1.txt 1024 1455983117 1455983117
ibr-52_ibr-14_1.txt 1024 1455981317 1455981317
ibr-52_ibr-19_1.txt 1024 1455982327 1455982327
ibr-52_ibr-24_1.txt 1024 1455983857 1455983857
ibr-52_ibr-36_1.txt 1024 1455983157 1455983157
ibr-52_ibr-51_1.txt 1024 1455981577 1455981577
ibr-52_ibr-54_1.txt 1024 1455981157 1455981157
ibr-53_ibr-15_1.txt 1024 1455981797 1455981797
ibr-53_ibr-2_1.txt 1024 1455983257 1455983257
ibr-53_ibr-24_1.txt 1024 1455983857 1455983857
ibr-53_ibr-26_1.txt 1024 1455981407 1455981407
ibr-53_ibr-35_1.txt 1024 1455982477 1455982477
ibr-53_ibr-36_1.txt 1024 1455983987 1455983987
ibr-53_ibr-43_1.txt 1024 1455981347 1455981347
ibr-53_ibr-45_1.txt 1024 1455981267 1455981267
ibr-53_ibr-47_1.txt 1024 1455983637 1455983637
ibr-53_ibr-51_1.txt 1024 1455983297 1455983297
ibr-53_ibr-6_1.txt 1024 1455983847 1455983847
ibr-54_ibr-10_1.txt 1024 1455981517 1455981517
ibr-54_ibr-12_1.txt 1024 1455983267 1455983267
ibr-54_ibr-25_1.txt 1024 1455982467 1455982467
ibr-54_ibr-25_2.txt 1024 1455983347 1455983347
ibr-54_ibr-30_1.txt 1024 1455983667 1455983667
ibr-54_ibr-3_1.txt 1024 1455982137 1455982137
ibr-54_ibr-32_1.txt 1024 1455982197 1455982197
ibr-54_ibr-40_1.txt 1024 1455983097 1455983097
ibr-54_ibr-47_1.txt 1024 1455983547 1455983547
ibr-54_ibr-52_1.txt 1024 1455982457 1455982457
ibr-54_ibr-53_1.txt 1024 1455982327 1455982327
ibr-55_ibr-28_1.txt 1024 1455981437 1455981437
ibr-55_ibr-29_1.txt 1024 1455983367 1455983367
ibr-55_ibr-30_1.txt 1024 1455983127 1455983127
ibr-55_ibr-36_1.txt 1024 1455981817 1455981817
ibr-55_ibr-37_1.txt 1024 1455981367 1455981367
ibr-55_ibr-41_1.txt 1024 1455982247 1455982247
ibr-55_ibr-52_1.txt 1024 1455982957 1455982957
ibr-55_ibr-54_1.txt 1024 1455982537 1455982537
ibr-56_ibr-13_1.txt 1024 1455982857 1455982857
ibr-56_ibr-16_1.txt 1024 1455982237 1455982237
ibr-56_ibr-16_2.txt 1024 1455983187 1455983187
ibr-56_ibr-17_1.txt 1024 1455981337 1455981337
ibr-56_ibr-25_1.txt 1024 1455983517 1455983517
ibr-56_ibr-33_1.txt 1024 1455981047 1455981047
ibr-56_ibr-41_1.txt 1024 1455983407 1455983407
ibr-56_ibr-43_1.txt 1024 1455983057 1455983057
ibr-56_ibr-46_1.txt 1024 1455981597 1455981597
ibr-56_ibr-48_1.txt 1024 1455981507 1455981507
ibr-56_ibr-51_1.txt 1024 1455983497 1455983497
ibr-56_ibr-54_1.txt 1024 1455982037 1455982037
ibr-5_ibr-13_1.txt 1024 1455983397 1455983397
ibr-5_ibr-14_1.txt 1024 1455983287 1455983287
ibr-5_ibr-19_1.txt 1024 1455981057 1455981057
ibr-5_ibr-23_1.txt 1024 1455982997 1455982997
ibr-5_ibr-23_2.txt 1024 1455983027 1455983027
ibr-5_ibr-32_1.txt 1024 1455982697 1455982697
ibr-5_ibr-36_1.txt 1024 1455981117 1455981117
ibr-5_ibr-36_2.txt 1024 1455982537 1455982537
ibr-5_ibr-42_1.txt 1024 1455981867 1455981867
ibr-5_ibr-43_1.txt 1024 1455981177 1455981177
ibr-5_ibr-49_1.txt 1024 1455981297 1455981297
ibr-5_ibr-49_2.txt 1024 1455982037 1455982037
ibr-6_ibr-11_1.txt 1024 1455982657 1455982657
ibr-6_ibr-11_2.txt 1024 1455982712 1455982712
ibr-6_ibr-11_3.txt 1024 1455982732 1455982732
ibr-6_ibr-11_4.txt 1024 1455982942 1455982942
ibr-6_ibr-1_1.txt 1024 1455981642 1455981642
ibr-6_ibr-1_2.txt 1024 1455982802 1455982802
ibr-6_ibr-1_3.txt 1024 1455983322 1455983322
ibr-6_ibr-15_1.txt 1024 1455981147 1455981147
ibr-6_ibr-16_1.txt 1024 1455981232 1455981232
ibr-6_ibr-16_2.txt 1024 1455981282 1455981282
ibr-6_ibr-16_3.txt 1024 1455981627 1455981627
ibr-6_ibr-16_4.txt 1024 1455981827 1455981827
ibr-6_ibr-16_5.txt 1024 1455982102 1455982102
ibr-6_ibr-16_6.txt 1024 1455982472 1455982472
ibr-6_ibr-16_7.txt 1024 1455982602 1455982602
ibr-6_ibr-16_8.txt 1024 1455982972 1455982972
ibr-6_ibr-21_10.txt 1024 1455983947 1455983947
ibr-6_ibr-21_1.txt 1024 1455981182 1455981182
ibr-6_ibr-21_2.txt 1024 1455981602 1455981602
ibr-6_ibr-21_3.txt 1024 1455981957 1455981957
ibr-6_ibr-21_4.txt 1024 1455981977 1455981977
ibr-6_ibr-21_5.txt 1024 1455982192 1455982192
ibr-6_ibr-21_6.txt 1024 1455982262 1455982262
ibr-6_ibr-21_7.txt 1024 1455983132 1455983132
ibr-6_ibr-21_8.txt 1024 1455983572 1455983572
ibr-6_ibr-21_9.txt 1024 1455983882 1455983882
ibr-6_ibr-26_1.txt 1024 1455981952 1455981952
ibr-6_ibr-26_2.txt 1024 1455982112 1455982112
ibr-6_ibr-26_3.txt 1024 1455982992 1455982992
ibr-6_ibr-26_4.txt 1024 1455983462 1455983462
ibr-6_ibr-26_5.txt 1024 1455983507 1455983507
ibr-6_ibr-26_6.txt 1024 1455983542 1455983542
ibr-6_ibr-26_7.txt 1024 1455983832 1455983832
ibr-6_ibr-28_1.txt 1024 1455981897 1455981897
ibr-6_ibr-31_1.txt 1024 1455981732 1455981732
ibr-6_ibr-31_2.txt 1024 1455982552 1455982552
ibr-6_ibr-31_3.txt 1024 1455982822 1455982822
ibr-6_ibr-31_4.txt 1024 1455982892 1455982892
ibr-6_ibr-31_5.txt 1024 1455983262 1455983262
ibr-6_ibr-31_6.txt 1024 1455983362 1455983362
ibr-6_ibr-32_1.txt 1024 1455981857 1455981857
ibr-6_ibr-33_1.txt 1024 1455981227 1455981227
ibr-6_ibr-36_1.txt 1024 1455981452 1455981452
ibr-6_ibr-36_2.txt 1024 1455983342 1455983342
ibr-6_ibr-36_3.txt 1024 1455983412 1455983412
ibr-6_ibr-36_4.txt 1024 1455983612 1455983612
ibr-6_ibr-41_1.txt 1024 1455981172 1455981172
ibr-6_ibr-41_2.txt 1024 1455981582 1455981582
ibr-6_ibr-41_3.txt 1024 1455982692 1455982692
ibr-6_ibr-41_4.txt 1024 1455982727 1455982727
ibr-6_ibr-41_5.txt 1024 1455982882 1455982882
ibr-6_ibr-41_6.txt 1024 1455983332 1455983332
ibr-6_ibr-4_1.txt 1024 1455981907 1455981907
ibr-6_ibr-46_1.txt 1024 1455981062 1455981062
ibr-6_ibr-46_2.txt 1024 1455982852 1455982852
ibr-6_ibr-46_3.txt 1024 1455982932 1455982932
ibr-6_ibr-50_1.txt 1024 1455981847 1455981847
ibr-6_ibr-51_1.txt 1024 1455981222 1455981222
ibr-6_ibr-51_2.txt 1024 1455981242 1455981242
ibr-6_ibr-51_3.txt 1024 1455982982 1455982982
ibr-6_ibr-51_4.txt 1024 1455983222 1455983222
ibr-6_ibr-51_5.txt 1024 1455983642 1455983642
ibr-6_ibr-51_6.txt 1024 1455983687 1455983687
ibr-6_ibr-56_1.txt 1024 1455982432 1455982432
ibr-6_ibr-56_2.txt 1024 1455983762 1455983762
ibr-6_ibr-56_3.txt 1024 1455983912 1455983912
ibr-6_ibr-7_1.txt 1024 1455983587 1455983587
ibr-7_ibr-11_1.txt 1024 1455982347 1455982347
ibr-7_ibr-11_2.txt 1024 1455983757 1455983757
ibr-7_ibr-13_1.txt 1024 1455982047 1455982047
ibr-7_ibr-24_1.txt 1024 1455981507 1455981507
ibr-7_ibr-24_2.txt 1024 1455982317 1455982317
ibr-7_ibr-24_3.txt 1024 1455983387 1455983387
ibr-7_ibr-27_1.txt 1024 1455981487 1455981487
ibr-7_ibr-36_1.txt 1024 1455981417 1455981417
ibr-7_ibr-37_1.txt 1024 1455983277 1455983277
ibr-7_ibr-38_1.txt 1024 1455982087 1455982087
ibr-7_ibr-48_1.txt 1024 1455981217 1455981217
ibr-7_ibr-56_1.txt 1024 1455982677 1455982677
ibr-7_ibr-6_1.txt 1024 1455982107 1455982107
ibr-7_ibr-8_1.txt 1024 1455982837 1455982837
ibr-8_ibr-10_1.txt 1024 1455981067 1455981067
ibr-8_ibr-13_1.txt 1024 1455983697 1455983697
ibr-8_ibr-20_1.txt 1024 1455981297 1455981297
ibr-8_ibr-30_1.txt 1024 1455982017 1455982017
ibr-8_ibr-30_2.txt 1024 1455983057 1455983057
ibr-8_ibr-31_1.txt 1024 1455982767 1455982767
ibr-8_ibr-36_1.txt 1024 1455982977 1455982977
ibr-8_ibr-47_1.txt 1024 1455981527 1455981527
ibr-8_ibr-48_1.txt 1024 1455983817 1455983817
ibr-8_ibr-53_1.txt 1024 1455981167 1455981167
ibr-8_ibr-7_1.txt 1024 1455983517 1455983517
ibr-8_ibr-7_2.txt 1024 1455983567 1455983567
ibr-9_ibr-10_1.txt 1024 1455983447 1455983447
ibr-9_ibr-15_1.txt 1024 1455982117 1455982117
ibr-9_ibr-16_1.txt 1024 1455981277 1455981277
ibr-9_ibr-18_1.txt 1024 1455983427 1455983427
ibr-9_ibr-22_1.txt 1024 1455983807 1455983807
ibr-9_ibr-25_1.txt 1024 1455982667 1455982667
ibr-9_ibr-33_1.txt 1024 1455983267 1455983267
ibr-9_ibr-37_1.txt 1024 1455983597 1455983597
ibr-9_ibr-43_1.txt 1024 1455983897 1455983897
ibr-9_ibr-45_1.txt 1024 1455982807 1455982807
ibr-9_ibr-49_1.txt 1024 1455981487 1455981487
ibr-9_ibr-49_2.txt 1024 1455982397 1455982397
ibr-9_ibr-56_1.txt 1024 1455982877 1455982877
