# name size  create_time reach_time
ibr-10_ibr-22_1.txt 1024 1456048836 1456048836
ibr-10_ibr-23_1.txt 1024 1456049176 1456049176
ibr-10_ibr-24_1.txt 1024 1456050666 1456050666
ibr-10_ibr-28_1.txt 1024 1456049156 1456049156
ibr-10_ibr-33_1.txt 1024 1456049756 1456049756
ibr-10_ibr-40_1.txt 1024 1456050126 1456050126
ibr-10_ibr-41_1.txt 1024 1456048956 1456048956
ibr-10_ibr-41_2.txt 1024 1456049626 1456049626
ibr-10_ibr-42_1.txt 1024 1456050506 1456050506
ibr-10_ibr-49_1.txt 1024 1456049086 1456049086
ibr-10_ibr-49_2.txt 1024 1456049656 1456049656
ibr-10_ibr-49_3.txt 1024 1456049966 1456049966
ibr-10_ibr-50_1.txt 1024 1456049666 1456049666
ibr-10_ibr-50_2.txt 1024 1456050296 1456050296
ibr-10_ibr-53_1.txt 1024 1456049246 1456049246
ibr-11_ibr-1_1.txt 1024 1456049401 1456049401
ibr-11_ibr-12_1.txt 1024 1456050746 1456050746
ibr-11_ibr-1_2.txt 1024 1456049831 1456049831
ibr-11_ibr-1_3.txt 1024 1456050191 1456050191
ibr-11_ibr-14_1.txt 1024 1456049276 1456049276
ibr-11_ibr-1_4.txt 1024 1456050641 1456050641
ibr-11_ibr-1_5.txt 1024 1456051181 1456051181
ibr-11_ibr-16_1.txt 1024 1456048761 1456048761
ibr-11_ibr-16_2.txt 1024 1456049151 1456049151
ibr-11_ibr-16_3.txt 1024 1456049261 1456049261
ibr-11_ibr-16_4.txt 1024 1456049621 1456049621
ibr-11_ibr-16_5.txt 1024 1456049731 1456049731
ibr-11_ibr-16_6.txt 1024 1456049751 1456049751
ibr-11_ibr-1_6.txt 1024 1456051511 1456051511
ibr-11_ibr-1_7.txt 1024 1456051521 1456051521
ibr-11_ibr-21_1.txt 1024 1456048751 1456048751
ibr-11_ibr-21_2.txt 1024 1456048841 1456048841
ibr-11_ibr-21_3.txt 1024 1456050061 1456050061
ibr-11_ibr-21_4.txt 1024 1456050071 1456050071
ibr-11_ibr-21_5.txt 1024 1456050121 1456050121
ibr-11_ibr-21_6.txt 1024 1456050681 1456050681
ibr-11_ibr-21_7.txt 1024 1456050721 1456050721
ibr-11_ibr-21_8.txt 1024 1456051401 1456051401
ibr-11_ibr-26_1.txt 1024 1456048531 1456048531
ibr-11_ibr-26_2.txt 1024 1456048711 1456048711
ibr-11_ibr-26_3.txt 1024 1456049541 1456049541
ibr-11_ibr-26_4.txt 1024 1456049551 1456049551
ibr-11_ibr-26_5.txt 1024 1456050381 1456050381
ibr-11_ibr-26_6.txt 1024 1456051051 1456051051
ibr-11_ibr-26_7.txt 1024 1456051261 1456051261
ibr-11_ibr-28_1.txt 1024 1456051186 1456051186
ibr-11_ibr-29_1.txt 1024 1456049196 1456049196
ibr-11_ibr-30_1.txt 1024 1456050686 1456050686
ibr-11_ibr-31_1.txt 1024 1456048941 1456048941
ibr-11_ibr-31_2.txt 1024 1456049031 1456049031
ibr-11_ibr-31_3.txt 1024 1456049911 1456049911
ibr-11_ibr-31_4.txt 1024 1456050051 1456050051
ibr-11_ibr-36_1.txt 1024 1456048851 1456048851
ibr-11_ibr-36_2.txt 1024 1456049041 1456049041
ibr-11_ibr-36_3.txt 1024 1456049081 1456049081
ibr-11_ibr-36_4.txt 1024 1456050031 1456050031
ibr-11_ibr-36_5.txt 1024 1456050961 1456050961
ibr-11_ibr-40_1.txt 1024 1456049086 1456049086
ibr-11_ibr-41_1.txt 1024 1456048601 1456048601
ibr-11_ibr-41_2.txt 1024 1456048641 1456048641
ibr-11_ibr-41_3.txt 1024 1456048991 1456048991
ibr-11_ibr-41_4.txt 1024 1456049301 1456049301
ibr-11_ibr-41_5.txt 1024 1456049461 1456049461
ibr-11_ibr-41_6.txt 1024 1456050261 1456050261
ibr-11_ibr-41_7.txt 1024 1456050731 1456050731
ibr-11_ibr-44_1.txt 1024 1456049256 1456049256
ibr-11_ibr-51_1.txt 1024 1456048771 1456048771
ibr-11_ibr-51_2.txt 1024 1456048791 1456048791
ibr-11_ibr-51_3.txt 1024 1456048921 1456048921
ibr-11_ibr-51_4.txt 1024 1456049171 1456049171
ibr-11_ibr-51_5.txt 1024 1456051441 1456051441
ibr-11_ibr-53_1.txt 1024 1456049386 1456049386
ibr-11_ibr-55_1.txt 1024 1456048636 1456048636
ibr-11_ibr-56_1.txt 1024 1456048831 1456048831
ibr-11_ibr-56_2.txt 1024 1456049811 1456049811
ibr-11_ibr-56_3.txt 1024 1456050341 1456050341
ibr-11_ibr-56_4.txt 1024 1456050481 1456050481
ibr-11_ibr-56_5.txt 1024 1456050971 1456050971
ibr-11_ibr-56_6.txt 1024 1456051191 1456051191
ibr-11_ibr-56_7.txt 1024 1456051491 1456051491
ibr-11_ibr-6_1.txt 1024 1456049661 1456049661
ibr-11_ibr-6_2.txt 1024 1456050416 1456050416
ibr-11_ibr-6_3.txt 1024 1456050941 1456050941
ibr-11_ibr-6_4.txt 1024 1456051161 1456051161
ibr-12_ibr-17_1.txt 1024 1456050606 1456050606
ibr-12_ibr-19_1.txt 1024 1456051196 1456051196
ibr-12_ibr-21_1.txt 1024 1456050976 1456050976
ibr-12_ibr-23_1.txt 1024 1456049856 1456049856
ibr-12_ibr-24_1.txt 1024 1456049046 1456049046
ibr-12_ibr-25_1.txt 1024 1456050386 1456050386
ibr-12_ibr-26_1.txt 1024 1456051366 1456051366
ibr-12_ibr-56_1.txt 1024 1456048946 1456048946
ibr-13_ibr-14_1.txt 1024 1456050636 1456050636
ibr-13_ibr-22_1.txt 1024 1456049266 1456049266
ibr-13_ibr-28_1.txt 1024 1456048676 1456048676
ibr-13_ibr-29_1.txt 1024 1456051456 1456051456
ibr-13_ibr-30_1.txt 1024 1456051426 1456051426
ibr-13_ibr-36_1.txt 1024 1456050176 1456050176
ibr-13_ibr-38_1.txt 1024 1456048756 1456048756
ibr-13_ibr-40_1.txt 1024 1456048996 1456048996
ibr-13_ibr-47_1.txt 1024 1456050826 1456050826
ibr-13_ibr-47_2.txt 1024 1456050996 1456050996
ibr-13_ibr-48_1.txt 1024 1456050536 1456050536
ibr-13_ibr-8_1.txt 1024 1456049996 1456049996
ibr-14_ibr-16_1.txt 1024 1456049486 1456049486
ibr-14_ibr-29_1.txt 1024 1456049926 1456049926
ibr-14_ibr-29_2.txt 1024 1456050836 1456050836
ibr-14_ibr-3_1.txt 1024 1456049106 1456049106
ibr-15_ibr-24_1.txt 1024 1456050376 1456050376
ibr-15_ibr-38_1.txt 1024 1456050886 1456050886
ibr-15_ibr-39_1.txt 1024 1456049196 1456049196
ibr-15_ibr-43_1.txt 1024 1456049956 1456049956
ibr-15_ibr-49_1.txt 1024 1456051476 1456051476
ibr-15_ibr-5_1.txt 1024 1456051106 1456051106
ibr-15_ibr-55_1.txt 1024 1456048826 1456048826
ibr-15_ibr-6_1.txt 1024 1456049916 1456049916
ibr-16_ibr-11_1.txt 1024 1456050451 1456050451
ibr-16_ibr-11_2.txt 1024 1456050801 1456050801
ibr-16_ibr-1_1.txt 1024 1456048551 1456048551
ibr-16_ibr-12_1.txt 1024 1456051436 1456051436
ibr-16_ibr-1_2.txt 1024 1456049001 1456049001
ibr-16_ibr-1_3.txt 1024 1456050151 1456050151
ibr-16_ibr-1_4.txt 1024 1456050201 1456050201
ibr-16_ibr-15_1.txt 1024 1456049726 1456049726
ibr-16_ibr-15_2.txt 1024 1456050826 1456050826
ibr-16_ibr-1_5.txt 1024 1456050361 1456050361
ibr-16_ibr-1_6.txt 1024 1456051081 1456051081
ibr-16_ibr-1_7.txt 1024 1456051111 1456051111
ibr-16_ibr-20_1.txt 1024 1456049596 1456049596
ibr-16_ibr-21_1.txt 1024 1456048831 1456048831
ibr-16_ibr-21_2.txt 1024 1456049061 1456049061
ibr-16_ibr-21_3.txt 1024 1456050091 1456050091
ibr-16_ibr-23_1.txt 1024 1456049436 1456049436
ibr-16_ibr-26_1.txt 1024 1456049721 1456049721
ibr-16_ibr-26_2.txt 1024 1456051381 1456051381
ibr-16_ibr-31_1.txt 1024 1456051141 1456051141
ibr-16_ibr-37_1.txt 1024 1456050016 1456050016
ibr-16_ibr-40_1.txt 1024 1456048536 1456048536
ibr-16_ibr-41_10.txt 1024 1456051026 1456051026
ibr-16_ibr-41_11.txt 1024 1456051271 1456051271
ibr-16_ibr-41_1.txt 1024 1456048571 1456048572
ibr-16_ibr-41_2.txt 1024 1456048621 1456048621
ibr-16_ibr-41_3.txt 1024 1456048961 1456048961
ibr-16_ibr-41_4.txt 1024 1456049191 1456049191
ibr-16_ibr-41_5.txt 1024 1456049431 1456049431
ibr-16_ibr-41_6.txt 1024 1456050141 1456050141
ibr-16_ibr-41_7.txt 1024 1456050411 1456050411
ibr-16_ibr-41_8.txt 1024 1456050692 1456050692
ibr-16_ibr-41_9.txt 1024 1456050911 1456050911
ibr-16_ibr-44_1.txt 1024 1456049506 1456049506
ibr-16_ibr-46_1.txt 1024 1456048611 1456048611
ibr-16_ibr-46_2.txt 1024 1456048971 1456048971
ibr-16_ibr-46_3.txt 1024 1456049631 1456049631
ibr-16_ibr-46_4.txt 1024 1456050031 1456050031
ibr-16_ibr-46_5.txt 1024 1456050551 1456050551
ibr-16_ibr-46_6.txt 1024 1456050611 1456050611
ibr-16_ibr-46_7.txt 1024 1456051351 1456051351
ibr-16_ibr-51_1.txt 1024 1456048721 1456048721
ibr-16_ibr-51_2.txt 1024 1456049641 1456049641
ibr-16_ibr-51_3.txt 1024 1456050171 1456050171
ibr-16_ibr-51_4.txt 1024 1456050421 1456050421
ibr-16_ibr-51_5.txt 1024 1456050646 1456050646
ibr-16_ibr-51_6.txt 1024 1456051201 1456051201
ibr-16_ibr-51_7.txt 1024 1456051391 1456051391
ibr-16_ibr-54_1.txt 1024 1456050186 1456050186
ibr-16_ibr-56_1.txt 1024 1456048861 1456048861
ibr-16_ibr-56_2.txt 1024 1456048921 1456048921
ibr-16_ibr-56_3.txt 1024 1456049036 1456049036
ibr-16_ibr-56_4.txt 1024 1456049491 1456049491
ibr-16_ibr-56_5.txt 1024 1456050281 1456050281
ibr-16_ibr-6_10.txt 1024 1456050791 1456050791
ibr-16_ibr-6_11.txt 1024 1456051341 1456051341
ibr-16_ibr-6_12.txt 1024 1456051421 1456051421
ibr-16_ibr-6_1.txt 1024 1456048541 1456048541
ibr-16_ibr-6_2.txt 1024 1456048976 1456048976
ibr-16_ibr-6_3.txt 1024 1456049101 1456049101
ibr-16_ibr-6_4.txt 1024 1456049111 1456049111
ibr-16_ibr-6_5.txt 1024 1456049141 1456049141
ibr-16_ibr-6_6.txt 1024 1456049701 1456049701
ibr-16_ibr-6_7.txt 1024 1456049981 1456049981
ibr-16_ibr-6_8.txt 1024 1456050131 1456050131
ibr-16_ibr-6_9.txt 1024 1456050631 1456050631
ibr-16_ibr-7_1.txt 1024 1456050906 1456050906
ibr-16_ibr-7_2.txt 1024 1456050956 1456050956
ibr-16_ibr-8_1.txt 1024 1456050496 1456050496
ibr-17_ibr-10_1.txt 1024 1456049546 1456049546
ibr-17_ibr-11_1.txt 1024 1456050436 1456050436
ibr-17_ibr-12_1.txt 1024 1456050046 1456050046
ibr-17_ibr-19_1.txt 1024 1456051466 1456051466
ibr-17_ibr-2_1.txt 1024 1456050676 1456050676
ibr-17_ibr-26_1.txt 1024 1456050806 1456050806
ibr-17_ibr-28_1.txt 1024 1456049836 1456049836
ibr-17_ibr-30_1.txt 1024 1456050056 1456050056
ibr-17_ibr-3_1.txt 1024 1456049136 1456049136
ibr-17_ibr-50_1.txt 1024 1456048896 1456048896
ibr-17_ibr-50_2.txt 1024 1456049336 1456049336
ibr-17_ibr-7_1.txt 1024 1456051046 1456051046
ibr-18_ibr-15_1.txt 1024 1456050136 1456050136
ibr-18_ibr-19_1.txt 1024 1456049616 1456049616
ibr-18_ibr-21_1.txt 1024 1456049316 1456049316
ibr-18_ibr-2_1.txt 1024 1456050206 1456050206
ibr-18_ibr-24_1.txt 1024 1456051156 1456051156
ibr-18_ibr-36_1.txt 1024 1456048966 1456048966
ibr-18_ibr-39_1.txt 1024 1456050776 1456050776
ibr-18_ibr-4_1.txt 1024 1456051386 1456051386
ibr-18_ibr-51_1.txt 1024 1456050196 1456050196
ibr-18_ibr-53_1.txt 1024 1456049866 1456049866
ibr-18_ibr-54_1.txt 1024 1456050726 1456050726
ibr-18_ibr-7_1.txt 1024 1456050466 1456050466
ibr-19_ibr-12_1.txt 1024 1456050426 1456050426
ibr-19_ibr-18_1.txt 1024 1456049306 1456049306
ibr-19_ibr-22_1.txt 1024 1456049116 1456049116
ibr-19_ibr-30_1.txt 1024 1456050536 1456050536
ibr-19_ibr-35_1.txt 1024 1456051336 1456051336
ibr-19_ibr-40_1.txt 1024 1456050446 1456050446
ibr-19_ibr-44_1.txt 1024 1456050916 1456050916
ibr-19_ibr-44_2.txt 1024 1456050966 1456050966
ibr-19_ibr-46_1.txt 1024 1456049286 1456049286
ibr-19_ibr-47_1.txt 1024 1456050486 1456050486
ibr-19_ibr-55_1.txt 1024 1456049936 1456049936
ibr-19_ibr-9_1.txt 1024 1456050096 1456050096
ibr-1_ibr-11_1.txt 1024 1456048581 1456048581
ibr-1_ibr-11_2.txt 1024 1456048701 1456048701
ibr-1_ibr-11_3.txt 1024 1456049301 1456049301
ibr-1_ibr-11_4.txt 1024 1456049851 1456049851
ibr-1_ibr-11_5.txt 1024 1456050541 1456050541
ibr-1_ibr-11_6.txt 1024 1456050741 1456050741
ibr-1_ibr-11_7.txt 1024 1456051321 1456051321
ibr-1_ibr-16_1.txt 1024 1456048791 1456048791
ibr-1_ibr-16_2.txt 1024 1456049291 1456049291
ibr-1_ibr-16_3.txt 1024 1456049351 1456049351
ibr-1_ibr-16_4.txt 1024 1456049801 1456049801
ibr-1_ibr-16_5.txt 1024 1456050851 1456050851
ibr-1_ibr-21_1.txt 1024 1456048871 1456048871
ibr-1_ibr-21_2.txt 1024 1456049621 1456049621
ibr-1_ibr-21_3.txt 1024 1456050021 1456050021
ibr-1_ibr-26_1.txt 1024 1456050001 1456050001
ibr-1_ibr-26_2.txt 1024 1456050141 1456050141
ibr-1_ibr-26_3.txt 1024 1456050461 1456050461
ibr-1_ibr-26_4.txt 1024 1456050811 1456050811
ibr-1_ibr-31_1.txt 1024 1456050121 1456050121
ibr-1_ibr-31_2.txt 1024 1456050201 1456050201
ibr-1_ibr-36_1.txt 1024 1456048531 1456048531
ibr-1_ibr-36_2.txt 1024 1456049361 1456049361
ibr-1_ibr-36_3.txt 1024 1456049391 1456049391
ibr-1_ibr-36_4.txt 1024 1456050651 1456050651
ibr-1_ibr-41_1.txt 1024 1456049771 1456049771
ibr-1_ibr-41_2.txt 1024 1456050331 1456050331
ibr-1_ibr-41_3.txt 1024 1456050871 1456050871
ibr-1_ibr-46_1.txt 1024 1456049281 1456049281
ibr-1_ibr-46_2.txt 1024 1456050071 1456050071
ibr-1_ibr-46_3.txt 1024 1456050131 1456050131
ibr-1_ibr-46_4.txt 1024 1456051431 1456051431
ibr-1_ibr-51_1.txt 1024 1456050271 1456050271
ibr-1_ibr-51_2.txt 1024 1456050281 1456050281
ibr-1_ibr-56_1.txt 1024 1456049212 1456049212
ibr-1_ibr-56_2.txt 1024 1456049711 1456049711
ibr-1_ibr-56_3.txt 1024 1456049781 1456049781
ibr-1_ibr-56_4.txt 1024 1456049791 1456049791
ibr-1_ibr-56_5.txt 1024 1456049961 1456049961
ibr-1_ibr-56_6.txt 1024 1456050521 1456050521
ibr-1_ibr-56_7.txt 1024 1456050781 1456050781
ibr-1_ibr-6_1.txt 1024 1456048991 1456048991
ibr-1_ibr-6_2.txt 1024 1456049371 1456049371
ibr-1_ibr-6_3.txt 1024 1456049491 1456049491
ibr-1_ibr-6_4.txt 1024 1456049651 1456049651
ibr-1_ibr-6_5.txt 1024 1456049971 1456049971
ibr-1_ibr-6_6.txt 1024 1456051151 1456051151
ibr-1_ibr-6_7.txt 1024 1456051501 1456051501
ibr-20_ibr-10_1.txt 1024 1456051036 1456051036
ibr-20_ibr-15_1.txt 1024 1456049216 1456049216
ibr-20_ibr-17_1.txt 1024 1456049236 1456049236
ibr-20_ibr-17_2.txt 1024 1456051206 1456051206
ibr-20_ibr-23_1.txt 1024 1456050206 1456050206
ibr-20_ibr-28_1.txt 1024 1456050706 1456050706
ibr-20_ibr-31_1.txt 1024 1456049976 1456049976
ibr-20_ibr-3_1.txt 1024 1456051096 1456051096
ibr-20_ibr-34_1.txt 1024 1456048946 1456048946
ibr-20_ibr-4_1.txt 1024 1456048726 1456048726
ibr-20_ibr-47_1.txt 1024 1456049336 1456049336
ibr-20_ibr-47_2.txt 1024 1456049556 1456049556
ibr-20_ibr-50_1.txt 1024 1456048876 1456048876
ibr-20_ibr-52_1.txt 1024 1456049266 1456049266
ibr-20_ibr-55_1.txt 1024 1456048966 1456048966
ibr-20_ibr-56_1.txt 1024 1456049766 1456049766
ibr-21_ibr-11_1.txt 1024 1456049031 1456049031
ibr-21_ibr-11_2.txt 1024 1456049511 1456049511
ibr-21_ibr-11_3.txt 1024 1456050601 1456050601
ibr-21_ibr-11_4.txt 1024 1456050821 1456050821
ibr-21_ibr-1_1.txt 1024 1456048811 1456048811
ibr-21_ibr-1_2.txt 1024 1456050081 1456050081
ibr-21_ibr-1_3.txt 1024 1456050431 1456050431
ibr-21_ibr-14_1.txt 1024 1456050366 1456050366
ibr-21_ibr-1_4.txt 1024 1456050661 1456050661
ibr-21_ibr-1_5.txt 1024 1456050771 1456050771
ibr-21_ibr-16_1.txt 1024 1456049241 1456049241
ibr-21_ibr-16_2.txt 1024 1456049381 1456049381
ibr-21_ibr-16_3.txt 1024 1456049741 1456049741
ibr-21_ibr-16_4.txt 1024 1456049841 1456049841
ibr-21_ibr-16_5.txt 1024 1456050011 1456050011
ibr-21_ibr-16_6.txt 1024 1456050091 1456050091
ibr-21_ibr-16_7.txt 1024 1456050321 1456050321
ibr-21_ibr-16_8.txt 1024 1456050936 1456050936
ibr-21_ibr-16_9.txt 1024 1456051041 1456051041
ibr-21_ibr-1_6.txt 1024 1456050941 1456050941
ibr-21_ibr-18_1.txt 1024 1456050346 1456050346
ibr-21_ibr-26_1.txt 1024 1456049061 1456049061
ibr-21_ibr-26_2.txt 1024 1456050571 1456050571
ibr-21_ibr-26_3.txt 1024 1456050641 1456050641
ibr-21_ibr-26_4.txt 1024 1456050801 1456050801
ibr-21_ibr-31_1.txt 1024 1456048671 1456048671
ibr-21_ibr-31_2.txt 1024 1456048926 1456048926
ibr-21_ibr-31_3.txt 1024 1456049181 1456049181
ibr-21_ibr-31_4.txt 1024 1456049271 1456049271
ibr-21_ibr-31_5.txt 1024 1456050671 1456050671
ibr-21_ibr-31_6.txt 1024 1456050891 1456050891
ibr-21_ibr-31_7.txt 1024 1456051281 1456051281
ibr-21_ibr-34_1.txt 1024 1456050246 1456050246
ibr-21_ibr-36_1.txt 1024 1456049091 1456049091
ibr-21_ibr-36_2.txt 1024 1456049212 1456049212
ibr-21_ibr-36_3.txt 1024 1456049781 1456049781
ibr-21_ibr-36_4.txt 1024 1456049991 1456049991
ibr-21_ibr-36_5.txt 1024 1456050021 1456050021
ibr-21_ibr-36_6.txt 1024 1456050311 1456050311
ibr-21_ibr-36_7.txt 1024 1456050716 1456050716
ibr-21_ibr-39_1.txt 1024 1456050326 1456050326
ibr-21_ibr-41_1.txt 1024 1456048981 1456048981
ibr-21_ibr-41_2.txt 1024 1456049191 1456049191
ibr-21_ibr-41_3.txt 1024 1456049501 1456049501
ibr-21_ibr-41_4.txt 1024 1456051211 1456051211
ibr-21_ibr-41_5.txt 1024 1456051251 1456051251
ibr-21_ibr-46_1.txt 1024 1456048731 1456048731
ibr-21_ibr-46_2.txt 1024 1456049011 1456049011
ibr-21_ibr-46_3.txt 1024 1456049121 1456049121
ibr-21_ibr-46_4.txt 1024 1456050831 1456050831
ibr-21_ibr-46_5.txt 1024 1456050991 1456050991
ibr-21_ibr-46_6.txt 1024 1456051001 1456051001
ibr-21_ibr-46_7.txt 1024 1456051246 1456051246
ibr-21_ibr-47_1.txt 1024 1456048596 1456048596
ibr-21_ibr-51_1.txt 1024 1456049071 1456049071
ibr-21_ibr-51_2.txt 1024 1456049701 1456049701
ibr-21_ibr-51_3.txt 1024 1456049721 1456049721
ibr-21_ibr-5_1.txt 1024 1456049896 1456049896
ibr-21_ibr-55_1.txt 1024 1456049256 1456049256
ibr-21_ibr-56_1.txt 1024 1456048541 1456048541
ibr-21_ibr-56_2.txt 1024 1456048761 1456048761
ibr-21_ibr-56_3.txt 1024 1456049831 1456049831
ibr-21_ibr-56_4.txt 1024 1456050371 1456050371
ibr-21_ibr-56_5.txt 1024 1456050791 1456050791
ibr-21_ibr-56_6.txt 1024 1456051371 1456051371
ibr-21_ibr-6_1.txt 1024 1456048591 1456048591
ibr-21_ibr-6_2.txt 1024 1456048611 1456048611
ibr-21_ibr-6_3.txt 1024 1456049581 1456049581
ibr-21_ibr-6_4.txt 1024 1456049941 1456049941
ibr-21_ibr-6_5.txt 1024 1456051171 1456051171
ibr-21_ibr-8_1.txt 1024 1456048556 1456048556
ibr-22_ibr-15_1.txt 1024 1456050566 1456050566
ibr-22_ibr-19_1.txt 1024 1456051266 1456051266
ibr-22_ibr-2_1.txt 1024 1456050016 1456050016
ibr-22_ibr-24_1.txt 1024 1456050506 1456050506
ibr-22_ibr-25_1.txt 1024 1456051376 1456051376
ibr-22_ibr-35_1.txt 1024 1456050696 1456050696
ibr-22_ibr-40_1.txt 1024 1456048876 1456048876
ibr-22_ibr-40_2.txt 1024 1456050916 1456050916
ibr-22_ibr-4_1.txt 1024 1456051226 1456051226
ibr-22_ibr-47_1.txt 1024 1456051156 1456051156
ibr-22_ibr-49_1.txt 1024 1456050856 1456050856
ibr-22_ibr-52_1.txt 1024 1456051366 1456051366
ibr-22_ibr-9_1.txt 1024 1456048566 1456048566
ibr-23_ibr-16_1.txt 1024 1456048576 1456048576
ibr-23_ibr-19_1.txt 1024 1456049646 1456049646
ibr-23_ibr-21_1.txt 1024 1456050646 1456050646
ibr-23_ibr-25_1.txt 1024 1456049766 1456049766
ibr-23_ibr-30_1.txt 1024 1456050876 1456050876
ibr-23_ibr-31_1.txt 1024 1456049636 1456049636
ibr-23_ibr-31_2.txt 1024 1456051516 1456051516
ibr-23_ibr-34_1.txt 1024 1456048686 1456048686
ibr-23_ibr-44_1.txt 1024 1456050026 1456050026
ibr-23_ibr-47_1.txt 1024 1456049626 1456049626
ibr-23_ibr-49_1.txt 1024 1456051066 1456051066
ibr-23_ibr-51_1.txt 1024 1456050276 1456050276
ibr-23_ibr-52_1.txt 1024 1456048926 1456048926
ibr-24_ibr-16_1.txt 1024 1456050236 1456050236
ibr-24_ibr-22_1.txt 1024 1456049306 1456049306
ibr-24_ibr-26_1.txt 1024 1456048696 1456048696
ibr-24_ibr-32_1.txt 1024 1456050296 1456050296
ibr-24_ibr-36_1.txt 1024 1456048806 1456048806
ibr-24_ibr-38_1.txt 1024 1456050226 1456050226
ibr-24_ibr-41_1.txt 1024 1456049556 1456049556
ibr-24_ibr-41_2.txt 1024 1456049776 1456049776
ibr-24_ibr-4_1.txt 1024 1456048956 1456048956
ibr-24_ibr-9_1.txt 1024 1456049496 1456049496
ibr-25_ibr-13_1.txt 1024 1456051406 1456051406
ibr-25_ibr-23_1.txt 1024 1456050656 1456050656
ibr-25_ibr-24_1.txt 1024 1456050076 1456050076
ibr-25_ibr-29_1.txt 1024 1456048696 1456048696
ibr-25_ibr-29_2.txt 1024 1456048896 1456048896
ibr-25_ibr-40_1.txt 1024 1456050566 1456050566
ibr-25_ibr-42_1.txt 1024 1456050246 1456050246
ibr-25_ibr-53_1.txt 1024 1456048846 1456048846
ibr-25_ibr-53_2.txt 1024 1456049876 1456049876
ibr-25_ibr-53_3.txt 1024 1456050276 1456050276
ibr-25_ibr-54_1.txt 1024 1456049886 1456049886
ibr-25_ibr-55_1.txt 1024 1456049496 1456049496
ibr-25_ibr-55_2.txt 1024 1456050166 1456050166
ibr-25_ibr-56_1.txt 1024 1456048746 1456048746
ibr-25_ibr-56_2.txt 1024 1456048766 1456048766
ibr-25_ibr-6_1.txt 1024 1456049796 1456049796
ibr-25_ibr-7_1.txt 1024 1456049946 1456049946
ibr-26_ibr-11_1.txt 1024 1456048701 1456048701
ibr-26_ibr-11_2.txt 1024 1456049591 1456049591
ibr-26_ibr-11_3.txt 1024 1456050491 1456050491
ibr-26_ibr-11_4.txt 1024 1456050551 1456050551
ibr-26_ibr-11_5.txt 1024 1456050621 1456050621
ibr-26_ibr-1_1.txt 1024 1456051341 1456051341
ibr-26_ibr-16_1.txt 1024 1456049221 1456049221
ibr-26_ibr-16_2.txt 1024 1456049561 1456049561
ibr-26_ibr-16_3.txt 1024 1456049571 1456049571
ibr-26_ibr-16_4.txt 1024 1456049711 1456049711
ibr-26_ibr-16_5.txt 1024 1456050351 1456050351
ibr-26_ibr-16_6.txt 1024 1456050851 1456050851
ibr-26_ibr-16_7.txt 1024 1456051031 1456051031
ibr-26_ibr-16_8.txt 1024 1456051241 1456051241
ibr-26_ibr-17_1.txt 1024 1456049576 1456049576
ibr-26_ibr-19_1.txt 1024 1456049846 1456049846
ibr-26_ibr-20_1.txt 1024 1456049716 1456049716
ibr-26_ibr-21_1.txt 1024 1456048871 1456048871
ibr-26_ibr-21_2.txt 1024 1456049201 1456049201
ibr-26_ibr-21_3.txt 1024 1456049421 1456049421
ibr-26_ibr-21_4.txt 1024 1456049581 1456049581
ibr-26_ibr-21_5.txt 1024 1456050061 1456050061
ibr-26_ibr-21_6.txt 1024 1456050891 1456050891
ibr-26_ibr-21_7.txt 1024 1456051351 1456051351
ibr-26_ibr-23_1.txt 1024 1456051506 1456051506
ibr-26_ibr-31_1.txt 1024 1456048851 1456048851
ibr-26_ibr-31_2.txt 1024 1456049271 1456049271
ibr-26_ibr-31_3.txt 1024 1456049416 1456049416
ibr-26_ibr-31_4.txt 1024 1456049441 1456049441
ibr-26_ibr-31_5.txt 1024 1456049881 1456049881
ibr-26_ibr-31_6.txt 1024 1456051311 1456051311
ibr-26_ibr-35_1.txt 1024 1456048626 1456048626
ibr-26_ibr-36_1.txt 1024 1456049111 1456049111
ibr-26_ibr-36_2.txt 1024 1456050601 1456050601
ibr-26_ibr-36_3.txt 1024 1456051011 1456051011
ibr-26_ibr-36_4.txt 1024 1456051151 1456051151
ibr-26_ibr-37_1.txt 1024 1456049066 1456049066
ibr-26_ibr-41_1.txt 1024 1456048651 1456048651
ibr-26_ibr-41_2.txt 1024 1456048661 1456048661
ibr-26_ibr-41_3.txt 1024 1456048901 1456048901
ibr-26_ibr-41_4.txt 1024 1456049091 1456049091
ibr-26_ibr-41_5.txt 1024 1456049901 1456049901
ibr-26_ibr-41_6.txt 1024 1456050701 1456050701
ibr-26_ibr-41_7.txt 1024 1456050736 1456050736
ibr-26_ibr-41_8.txt 1024 1456050771 1456050771
ibr-26_ibr-42_1.txt 1024 1456049676 1456049676
ibr-26_ibr-46_1.txt 1024 1456048771 1456048771
ibr-26_ibr-46_2.txt 1024 1456049121 1456049121
ibr-26_ibr-46_3.txt 1024 1456049861 1456049861
ibr-26_ibr-46_4.txt 1024 1456050711 1456050711
ibr-26_ibr-47_1.txt 1024 1456050236 1456050236
ibr-26_ibr-48_1.txt 1024 1456049096 1456049096
ibr-26_ibr-51_1.txt 1024 1456049321 1456049321
ibr-26_ibr-51_2.txt 1024 1456049991 1456049991
ibr-26_ibr-51_3.txt 1024 1456050401 1456050401
ibr-26_ibr-51_4.txt 1024 1456050981 1456050981
ibr-26_ibr-51_5.txt 1024 1456051071 1456051071
ibr-26_ibr-51_6.txt 1024 1456051211 1456051211
ibr-26_ibr-52_1.txt 1024 1456049136 1456049136
ibr-26_ibr-52_2.txt 1024 1456050006 1456050006
ibr-26_ibr-53_1.txt 1024 1456050816 1456050816
ibr-26_ibr-56_1.txt 1024 1456048891 1456048891
ibr-26_ibr-56_2.txt 1024 1456050441 1456050441
ibr-26_ibr-56_3.txt 1024 1456050881 1456050881
ibr-26_ibr-6_1.txt 1024 1456049891 1456049891
ibr-26_ibr-6_2.txt 1024 1456050301 1456050301
ibr-26_ibr-6_3.txt 1024 1456050871 1456050871
ibr-26_ibr-6_4.txt 1024 1456051301 1456051301
ibr-26_ibr-6_5.txt 1024 1456051471 1456051471
ibr-26_ibr-6_6.txt 1024 1456051521 1456051521
ibr-26_ibr-8_1.txt 1024 1456048606 1456048606
ibr-27_ibr-16_1.txt 1024 1456049686 1456049686
ibr-27_ibr-33_1.txt 1024 1456049226 1456049226
ibr-27_ibr-33_2.txt 1024 1456050436 1456050436
ibr-27_ibr-37_1.txt 1024 1456050856 1456050856
ibr-27_ibr-47_1.txt 1024 1456049706 1456049706
ibr-27_ibr-51_1.txt 1024 1456051236 1456051236
ibr-28_ibr-10_1.txt 1024 1456051496 1456051496
ibr-28_ibr-17_1.txt 1024 1456049606 1456049606
ibr-28_ibr-18_1.txt 1024 1456051006 1456051006
ibr-28_ibr-27_1.txt 1024 1456051326 1456051326
ibr-28_ibr-3_1.txt 1024 1456049936 1456049936
ibr-28_ibr-34_1.txt 1024 1456051516 1456051516
ibr-28_ibr-4_1.txt 1024 1456050486 1456050486
ibr-28_ibr-42_1.txt 1024 1456049076 1456049076
ibr-28_ibr-42_2.txt 1024 1456050356 1456050356
ibr-28_ibr-48_1.txt 1024 1456051286 1456051286
ibr-28_ibr-51_1.txt 1024 1456050006 1456050006
ibr-28_ibr-56_1.txt 1024 1456051116 1456051116
ibr-28_ibr-9_1.txt 1024 1456051416 1456051416
ibr-29_ibr-20_1.txt 1024 1456051336 1456051336
ibr-29_ibr-2_1.txt 1024 1456049216 1456049216
ibr-29_ibr-39_1.txt 1024 1456050426 1456050426
ibr-29_ibr-47_1.txt 1024 1456050386 1456050386
ibr-29_ibr-5_1.txt 1024 1456049126 1456049126
ibr-29_ibr-52_1.txt 1024 1456049416 1456049416
ibr-29_ibr-52_2.txt 1024 1456049856 1456049856
ibr-2_ibr-14_1.txt 1024 1456049426 1456049426
ibr-2_ibr-29_1.txt 1024 1456049066 1456049066
ibr-2_ibr-30_1.txt 1024 1456049156 1456049156
ibr-2_ibr-42_1.txt 1024 1456049476 1456049476
ibr-2_ibr-48_1.txt 1024 1456049566 1456049566
ibr-2_ibr-48_2.txt 1024 1456049786 1456049786
ibr-2_ibr-50_1.txt 1024 1456049046 1456049046
ibr-2_ibr-53_1.txt 1024 1456049146 1456049146
ibr-2_ibr-54_1.txt 1024 1456049386 1456049386
ibr-2_ibr-7_1.txt 1024 1456050286 1456050286
ibr-2_ibr-7_2.txt 1024 1456051106 1456051106
ibr-30_ibr-17_1.txt 1024 1456049206 1456049206
ibr-30_ibr-18_1.txt 1024 1456048636 1456048636
ibr-30_ibr-24_1.txt 1024 1456051406 1456051406
ibr-30_ibr-36_1.txt 1024 1456050066 1456050066
ibr-30_ibr-40_1.txt 1024 1456049166 1456049166
ibr-30_ibr-41_1.txt 1024 1456050346 1456050346
ibr-30_ibr-44_1.txt 1024 1456049756 1456049756
ibr-30_ibr-45_1.txt 1024 1456050156 1456050156
ibr-30_ibr-50_1.txt 1024 1456050116 1456050116
ibr-30_ibr-50_2.txt 1024 1456051466 1456051466
ibr-31_ibr-11_1.txt 1024 1456049341 1456049341
ibr-31_ibr-11_2.txt 1024 1456050161 1456050161
ibr-31_ibr-11_3.txt 1024 1456051121 1456051121
ibr-31_ibr-11_4.txt 1024 1456051491 1456051491
ibr-31_ibr-1_1.txt 1024 1456048601 1456048601
ibr-31_ibr-1_2.txt 1024 1456049551 1456049551
ibr-31_ibr-1_3.txt 1024 1456050011 1456050011
ibr-31_ibr-1_4.txt 1024 1456050611 1456050611
ibr-31_ibr-1_5.txt 1024 1456050841 1456050841
ibr-31_ibr-16_1.txt 1024 1456049741 1456049741
ibr-31_ibr-16_2.txt 1024 1456050041 1456050041
ibr-31_ibr-16_3.txt 1024 1456051291 1456051291
ibr-31_ibr-20_1.txt 1024 1456048736 1456048736
ibr-31_ibr-20_2.txt 1024 1456050026 1456050026
ibr-31_ibr-21_1.txt 1024 1456049221 1456049221
ibr-31_ibr-21_2.txt 1024 1456050171 1456050171
ibr-31_ibr-21_3.txt 1024 1456050221 1456050221
ibr-31_ibr-21_4.txt 1024 1456051471 1456051471
ibr-31_ibr-26_1.txt 1024 1456048901 1456048901
ibr-31_ibr-26_2.txt 1024 1456049052 1456049052
ibr-31_ibr-26_3.txt 1024 1456049346 1456049346
ibr-31_ibr-26_4.txt 1024 1456049461 1456049461
ibr-31_ibr-26_5.txt 1024 1456049631 1456049631
ibr-31_ibr-26_6.txt 1024 1456050591 1456050591
ibr-31_ibr-26_7.txt 1024 1456050681 1456050681
ibr-31_ibr-26_8.txt 1024 1456051241 1456051241
ibr-31_ibr-26_9.txt 1024 1456051401 1456051401
ibr-31_ibr-33_1.txt 1024 1456048686 1456048686
ibr-31_ibr-34_1.txt 1024 1456048996 1456048996
ibr-31_ibr-35_1.txt 1024 1456050946 1456050946
ibr-31_ibr-36_1.txt 1024 1456048881 1456048881
ibr-31_ibr-36_2.txt 1024 1456049011 1456049011
ibr-31_ibr-36_3.txt 1024 1456049251 1456049251
ibr-31_ibr-36_4.txt 1024 1456050511 1456050511
ibr-31_ibr-36_5.txt 1024 1456051051 1456051051
ibr-31_ibr-36_6.txt 1024 1456051481 1456051481
ibr-31_ibr-38_1.txt 1024 1456050926 1456050926
ibr-31_ibr-41_10.txt 1024 1456051461 1456051461
ibr-31_ibr-41_1.txt 1024 1456048576 1456048576
ibr-31_ibr-41_2.txt 1024 1456048621 1456048621
ibr-31_ibr-41_3.txt 1024 1456049171 1456049171
ibr-31_ibr-41_4.txt 1024 1456049451 1456049451
ibr-31_ibr-41_5.txt 1024 1456049691 1456049691
ibr-31_ibr-41_6.txt 1024 1456050251 1456050251
ibr-31_ibr-41_7.txt 1024 1456050781 1456050781
ibr-31_ibr-41_8.txt 1024 1456050991 1456050991
ibr-31_ibr-41_9.txt 1024 1456051131 1456051131
ibr-31_ibr-46_1.txt 1024 1456048861 1456048861
ibr-31_ibr-46_2.txt 1024 1456049021 1456049021
ibr-31_ibr-46_3.txt 1024 1456049481 1456049481
ibr-31_ibr-46_4.txt 1024 1456049531 1456049531
ibr-31_ibr-46_5.txt 1024 1456049591 1456049591
ibr-31_ibr-46_6.txt 1024 1456049671 1456049671
ibr-31_ibr-46_7.txt 1024 1456050101 1456050101
ibr-31_ibr-46_8.txt 1024 1456050471 1456050471
ibr-31_ibr-46_9.txt 1024 1456050741 1456050741
ibr-31_ibr-51_1.txt 1024 1456050661 1456050661
ibr-31_ibr-54_1.txt 1024 1456049356 1456049356
ibr-31_ibr-56_1.txt 1024 1456048981 1456048981
ibr-31_ibr-56_2.txt 1024 1456049441 1456049441
ibr-31_ibr-56_3.txt 1024 1456049736 1456049736
ibr-31_ibr-56_4.txt 1024 1456050361 1456050361
ibr-31_ibr-6_1.txt 1024 1456048741 1456048741
ibr-31_ibr-6_2.txt 1024 1456048802 1456048802
ibr-31_ibr-6_3.txt 1024 1456049511 1456049511
ibr-31_ibr-6_4.txt 1024 1456049681 1456049681
ibr-31_ibr-6_5.txt 1024 1456050261 1456050261
ibr-31_ibr-6_6.txt 1024 1456051391 1456051391
ibr-32_ibr-12_1.txt 1024 1456050696 1456050696
ibr-32_ibr-16_1.txt 1024 1456049946 1456049946
ibr-32_ibr-19_1.txt 1024 1456050066 1456050066
ibr-32_ibr-21_1.txt 1024 1456049056 1456049056
ibr-32_ibr-40_1.txt 1024 1456048546 1456048546
ibr-32_ibr-50_1.txt 1024 1456050146 1456050146
ibr-32_ibr-54_1.txt 1024 1456049886 1456049886
ibr-33_ibr-13_1.txt 1024 1456051286 1456051286
ibr-33_ibr-14_1.txt 1024 1456050256 1456050256
ibr-33_ibr-19_1.txt 1024 1456049866 1456049866
ibr-33_ibr-20_1.txt 1024 1456049106 1456049106
ibr-33_ibr-22_1.txt 1024 1456048856 1456048856
ibr-33_ibr-31_1.txt 1024 1456049926 1456049926
ibr-33_ibr-34_1.txt 1024 1456051206 1456051206
ibr-33_ibr-39_1.txt 1024 1456050746 1456050746
ibr-33_ibr-4_1.txt 1024 1456050326 1456050326
ibr-33_ibr-43_1.txt 1024 1456048707 1456048707
ibr-33_ibr-46_1.txt 1024 1456050666 1456050666
ibr-33_ibr-47_1.txt 1024 1456051396 1456051396
ibr-33_ibr-48_1.txt 1024 1456050616 1456050616
ibr-33_ibr-49_1.txt 1024 1456050936 1456050936
ibr-33_ibr-53_1.txt 1024 1456048916 1456048916
ibr-33_ibr-56_1.txt 1024 1456048616 1456048616
ibr-34_ibr-18_1.txt 1024 1456051496 1456051496
ibr-34_ibr-20_1.txt 1024 1456048856 1456048856
ibr-34_ibr-20_2.txt 1024 1456051056 1456051056
ibr-34_ibr-22_1.txt 1024 1456049906 1456049906
ibr-34_ibr-23_1.txt 1024 1456049726 1456049726
ibr-34_ibr-25_1.txt 1024 1456050576 1456050576
ibr-34_ibr-26_1.txt 1024 1456048736 1456048736
ibr-34_ibr-38_1.txt 1024 1456050446 1456050446
ibr-34_ibr-39_1.txt 1024 1456050126 1456050126
ibr-34_ibr-4_1.txt 1024 1456050726 1456050726
ibr-34_ibr-48_1.txt 1024 1456049806 1456049806
ibr-34_ibr-50_1.txt 1024 1456050216 1456050216
ibr-34_ibr-9_1.txt 1024 1456050256 1456050256
ibr-35_ibr-10_1.txt 1024 1456048786 1456048786
ibr-35_ibr-17_1.txt 1024 1456051386 1456051386
ibr-35_ibr-23_1.txt 1024 1456048707 1456048707
ibr-35_ibr-29_1.txt 1024 1456050086 1456050086
ibr-35_ibr-33_1.txt 1024 1456048536 1456048536
ibr-35_ibr-8_1.txt 1024 1456050626 1456050626
ibr-36_ibr-10_1.txt 1024 1456048906 1456048906
ibr-36_ibr-11_1.txt 1024 1456049351 1456049351
ibr-36_ibr-11_2.txt 1024 1456049961 1456049961
ibr-36_ibr-11_3.txt 1024 1456050151 1456050151
ibr-36_ibr-11_4.txt 1024 1456050396 1456050396
ibr-36_ibr-11_5.txt 1024 1456050901 1456050901
ibr-36_ibr-1_1.txt 1024 1456049331 1456049331
ibr-36_ibr-1_2.txt 1024 1456050211 1456050211
ibr-36_ibr-1_3.txt 1024 1456050731 1456050731
ibr-36_ibr-1_4.txt 1024 1456051421 1456051421
ibr-36_ibr-16_1.txt 1024 1456049251 1456049251
ibr-36_ibr-16_2.txt 1024 1456049391 1456049391
ibr-36_ibr-16_3.txt 1024 1456049851 1456049851
ibr-36_ibr-16_4.txt 1024 1456050931 1456050931
ibr-36_ibr-16_5.txt 1024 1456050951 1456050951
ibr-36_ibr-16_6.txt 1024 1456051126 1456051126
ibr-36_ibr-16_7.txt 1024 1456051291 1456051291
ibr-36_ibr-21_1.txt 1024 1456049516 1456049516
ibr-36_ibr-21_2.txt 1024 1456051171 1456051171
ibr-36_ibr-21_3.txt 1024 1456051311 1456051311
ibr-36_ibr-25_1.txt 1024 1456051136 1456051136
ibr-36_ibr-26_1.txt 1024 1456048631 1456048631
ibr-36_ibr-26_2.txt 1024 1456049001 1456049001
ibr-36_ibr-26_3.txt 1024 1456049052 1456049052
ibr-36_ibr-26_4.txt 1024 1456051081 1456051081
ibr-36_ibr-31_1.txt 1024 1456049341 1456049341
ibr-36_ibr-31_2.txt 1024 1456049641 1456049641
ibr-36_ibr-31_3.txt 1024 1456049951 1456049951
ibr-36_ibr-31_4.txt 1024 1456050331 1456050331
ibr-36_ibr-31_5.txt 1024 1456050591 1456050591
ibr-36_ibr-31_6.txt 1024 1456051441 1456051441
ibr-36_ibr-41_1.txt 1024 1456048691 1456048691
ibr-36_ibr-41_2.txt 1024 1456049311 1456049311
ibr-36_ibr-41_3.txt 1024 1456049421 1456049421
ibr-36_ibr-41_4.txt 1024 1456050811 1456050811
ibr-36_ibr-42_1.txt 1024 1456048886 1456048886
ibr-36_ibr-46_1.txt 1024 1456048911 1456048911
ibr-36_ibr-46_2.txt 1024 1456050181 1456050181
ibr-36_ibr-46_3.txt 1024 1456050836 1456050836
ibr-36_ibr-46_4.txt 1024 1456050921 1456050921
ibr-36_ibr-46_5.txt 1024 1456051011 1456051011
ibr-36_ibr-46_6.txt 1024 1456051021 1456051021
ibr-36_ibr-50_1.txt 1024 1456051146 1456051146
ibr-36_ibr-51_1.txt 1024 1456049401 1456049401
ibr-36_ibr-51_2.txt 1024 1456049611 1456049611
ibr-36_ibr-51_3.txt 1024 1456049761 1456049761
ibr-36_ibr-51_4.txt 1024 1456050371 1456050371
ibr-36_ibr-51_5.txt 1024 1456050621 1456050621
ibr-36_ibr-51_6.txt 1024 1456051061 1456051061
ibr-36_ibr-51_7.txt 1024 1456051091 1456051091
ibr-36_ibr-51_8.txt 1024 1456051451 1456051451
ibr-36_ibr-53_1.txt 1024 1456048806 1456048806
ibr-36_ibr-56_1.txt 1024 1456048781 1456048781
ibr-36_ibr-56_2.txt 1024 1456048891 1456048891
ibr-36_ibr-56_3.txt 1024 1456048971 1456048971
ibr-36_ibr-56_4.txt 1024 1456049071 1456049071
ibr-36_ibr-56_5.txt 1024 1456049131 1456049131
ibr-36_ibr-56_6.txt 1024 1456049471 1456049471
ibr-36_ibr-56_7.txt 1024 1456049821 1456049821
ibr-36_ibr-56_8.txt 1024 1456049921 1456049921
ibr-36_ibr-56_9.txt 1024 1456051191 1456051191
ibr-36_ibr-6_1.txt 1024 1456048551 1456048551
ibr-36_ibr-6_2.txt 1024 1456050531 1456050531
ibr-36_ibr-6_3.txt 1024 1456051221 1456051221
ibr-37_ibr-11_1.txt 1024 1456049836 1456049836
ibr-37_ibr-19_1.txt 1024 1456049176 1456049176
ibr-37_ibr-23_1.txt 1024 1456050116 1456050116
ibr-37_ibr-41_1.txt 1024 1456050316 1456050316
ibr-37_ibr-4_1.txt 1024 1456049986 1456049986
ibr-37_ibr-42_1.txt 1024 1456049506 1456049506
ibr-37_ibr-7_1.txt 1024 1456050086 1456050086
ibr-38_ibr-12_1.txt 1024 1456050516 1456050516
ibr-38_ibr-20_1.txt 1024 1456049686 1456049686
ibr-38_ibr-32_1.txt 1024 1456049376 1456049376
ibr-38_ibr-39_1.txt 1024 1456048666 1456048666
ibr-38_ibr-42_1.txt 1024 1456050106 1456050106
ibr-38_ibr-45_1.txt 1024 1456049276 1456049276
ibr-38_ibr-45_2.txt 1024 1456050756 1456050756
ibr-38_ibr-46_1.txt 1024 1456049226 1456049226
ibr-38_ibr-47_1.txt 1024 1456050316 1456050316
ibr-38_ibr-48_1.txt 1024 1456049406 1456049406
ibr-38_ibr-51_1.txt 1024 1456051076 1456051076
ibr-38_ibr-55_1.txt 1024 1456050986 1456050986
ibr-39_ibr-13_1.txt 1024 1456051086 1456051086
ibr-39_ibr-15_1.txt 1024 1456049246 1456049246
ibr-39_ibr-23_1.txt 1024 1456049796 1456049796
ibr-39_ibr-29_1.txt 1024 1456051296 1456051296
ibr-39_ibr-41_1.txt 1024 1456049596 1456049596
ibr-39_ibr-50_1.txt 1024 1456050966 1456050966
ibr-39_ibr-52_1.txt 1024 1456049376 1456049376
ibr-39_ibr-54_1.txt 1024 1456049776 1456049776
ibr-39_ibr-6_1.txt 1024 1456050636 1456050636
ibr-39_ibr-6_2.txt 1024 1456050716 1456050716
ibr-3_ibr-10_1.txt 1024 1456050866 1456050866
ibr-3_ibr-12_1.txt 1024 1456048746 1456048746
ibr-3_ibr-18_1.txt 1024 1456051226 1456051226
ibr-3_ibr-39_1.txt 1024 1456050546 1456050546
ibr-3_ibr-4_1.txt 1024 1456049236 1456049236
ibr-3_ibr-45_1.txt 1024 1456051256 1456051256
ibr-3_ibr-49_1.txt 1024 1456050736 1456050736
ibr-3_ibr-5_1.txt 1024 1456049746 1456049746
ibr-40_ibr-14_1.txt 1024 1456048756 1456048756
ibr-40_ibr-26_1.txt 1024 1456048626 1456048626
ibr-40_ibr-27_1.txt 1024 1456049816 1456049816
ibr-40_ibr-31_1.txt 1024 1456050476 1456050476
ibr-40_ibr-3_1.txt 1024 1456049166 1456049166
ibr-40_ibr-32_1.txt 1024 1456051076 1456051076
ibr-40_ibr-34_1.txt 1024 1456050576 1456050576
ibr-40_ibr-35_1.txt 1024 1456048936 1456048936
ibr-40_ibr-37_1.txt 1024 1456050586 1456050586
ibr-40_ibr-38_1.txt 1024 1456050406 1456050406
ibr-40_ibr-39_1.txt 1024 1456050546 1456050546
ibr-40_ibr-4_1.txt 1024 1456049996 1456049996
ibr-40_ibr-42_1.txt 1024 1456050986 1456050986
ibr-40_ibr-48_1.txt 1024 1456049036 1456049036
ibr-41_ibr-10_1.txt 1024 1456048776 1456048776
ibr-41_ibr-10_2.txt 1024 1456051216 1456051216
ibr-41_ibr-11_1.txt 1024 1456048821 1456048821
ibr-41_ibr-11_2.txt 1024 1456049951 1456049951
ibr-41_ibr-11_3.txt 1024 1456051161 1456051161
ibr-41_ibr-11_4.txt 1024 1456051271 1456051271
ibr-41_ibr-1_1.txt 1024 1456049361 1456049361
ibr-41_ibr-1_2.txt 1024 1456049651 1456049651
ibr-41_ibr-1_3.txt 1024 1456051101 1456051101
ibr-41_ibr-1_4.txt 1024 1456051201 1456051201
ibr-41_ibr-16_1.txt 1024 1456050181 1456050181
ibr-41_ibr-16_2.txt 1024 1456050251 1456050251
ibr-41_ibr-16_3.txt 1024 1456050311 1456050311
ibr-41_ibr-16_4.txt 1024 1456051371 1456051371
ibr-41_ibr-16_5.txt 1024 1456051511 1456051511
ibr-41_ibr-19_1.txt 1024 1456049286 1456049286
ibr-41_ibr-21_1.txt 1024 1456048641 1456048641
ibr-41_ibr-21_2.txt 1024 1456048881 1456048881
ibr-41_ibr-21_3.txt 1024 1456048931 1456048931
ibr-41_ibr-21_4.txt 1024 1456049981 1456049981
ibr-41_ibr-21_5.txt 1024 1456050291 1456050291
ibr-41_ibr-21_6.txt 1024 1456050391 1456050391
ibr-41_ibr-21_7.txt 1024 1456050861 1456050861
ibr-41_ibr-21_8.txt 1024 1456051021 1456051021
ibr-41_ibr-25_1.txt 1024 1456051446 1456051446
ibr-41_ibr-30_1.txt 1024 1456050786 1456050786
ibr-41_ibr-31_1.txt 1024 1456049751 1456049751
ibr-41_ibr-31_2.txt 1024 1456049881 1456049881
ibr-41_ibr-31_3.txt 1024 1456049911 1456049911
ibr-41_ibr-36_1.txt 1024 1456049471 1456049471
ibr-41_ibr-36_2.txt 1024 1456049671 1456049671
ibr-41_ibr-36_3.txt 1024 1456051131 1456051131
ibr-41_ibr-37_1.txt 1024 1456050056 1456050056
ibr-41_ibr-43_1.txt 1024 1456049426 1456049426
ibr-41_ibr-46_1.txt 1024 1456048581 1456048581
ibr-41_ibr-46_2.txt 1024 1456048661 1456048661
ibr-41_ibr-46_3.txt 1024 1456049521 1456049521
ibr-41_ibr-46_4.txt 1024 1456049681 1456049681
ibr-41_ibr-46_5.txt 1024 1456050221 1456050221
ibr-41_ibr-46_6.txt 1024 1456050761 1456050761
ibr-41_ibr-51_1.txt 1024 1456049381 1456049381
ibr-41_ibr-51_2.txt 1024 1456050241 1456050241
ibr-41_ibr-51_3.txt 1024 1456050541 1456050541
ibr-41_ibr-51_4.txt 1024 1456050561 1456050561
ibr-41_ibr-51_5.txt 1024 1456051501 1456051501
ibr-41_ibr-56_1.txt 1024 1456048711 1456048711
ibr-41_ibr-56_2.txt 1024 1456048801 1456048802
ibr-41_ibr-56_3.txt 1024 1456049411 1456049411
ibr-41_ibr-56_4.txt 1024 1456050451 1456050451
ibr-41_ibr-56_5.txt 1024 1456050521 1456050521
ibr-41_ibr-56_6.txt 1024 1456050751 1456050751
ibr-41_ibr-56_7.txt 1024 1456051176 1456051176
ibr-41_ibr-56_8.txt 1024 1456051231 1456051231
ibr-41_ibr-6_1.txt 1024 1456049431 1456049431
ibr-41_ibr-6_2.txt 1024 1456049541 1456049541
ibr-41_ibr-6_3.txt 1024 1456050881 1456050881
ibr-41_ibr-6_4.txt 1024 1456051361 1456051361
ibr-42_ibr-14_1.txt 1024 1456048886 1456048886
ibr-42_ibr-24_1.txt 1024 1456049716 1456049716
ibr-42_ibr-25_1.txt 1024 1456049906 1456049906
ibr-42_ibr-26_1.txt 1024 1456051326 1456051326
ibr-42_ibr-29_1.txt 1024 1456050526 1456050526
ibr-42_ibr-33_1.txt 1024 1456050366 1456050366
ibr-42_ibr-35_1.txt 1024 1456049646 1456049646
ibr-42_ibr-37_1.txt 1024 1456051116 1456051116
ibr-42_ibr-44_1.txt 1024 1456048606 1456048606
ibr-42_ibr-44_2.txt 1024 1456049296 1456049296
ibr-42_ibr-50_1.txt 1024 1456050956 1456050956
ibr-42_ibr-5_1.txt 1024 1456049806 1456049806
ibr-43_ibr-12_1.txt 1024 1456051376 1456051376
ibr-43_ibr-19_1.txt 1024 1456049016 1456049016
ibr-43_ibr-28_1.txt 1024 1456050046 1456050046
ibr-43_ibr-4_1.txt 1024 1456050396 1456050396
ibr-43_ibr-42_1.txt 1024 1456050806 1456050806
ibr-43_ibr-48_1.txt 1024 1456051026 1456051026
ibr-43_ibr-55_1.txt 1024 1456049326 1456049326
ibr-43_ibr-7_1.txt 1024 1456051436 1456051436
ibr-44_ibr-12_1.txt 1024 1456048786 1456048786
ibr-44_ibr-15_1.txt 1024 1456051416 1456051416
ibr-44_ibr-19_1.txt 1024 1456049186 1456049186
ibr-44_ibr-21_1.txt 1024 1456051276 1456051276
ibr-44_ibr-23_1.txt 1024 1456048866 1456048866
ibr-44_ibr-27_1.txt 1024 1456049566 1456049566
ibr-44_ibr-35_1.txt 1024 1456049786 1456049786
ibr-44_ibr-36_1.txt 1024 1456049466 1456049466
ibr-44_ibr-39_1.txt 1024 1456049586 1456049586
ibr-44_ibr-4_1.txt 1024 1456050456 1456050456
ibr-44_ibr-4_2.txt 1024 1456050816 1456050816
ibr-44_ibr-51_1.txt 1024 1456051506 1456051506
ibr-44_ibr-53_1.txt 1024 1456051146 1456051146
ibr-45_ibr-17_1.txt 1024 1456051306 1456051306
ibr-45_ibr-22_1.txt 1024 1456051036 1456051036
ibr-45_ibr-31_1.txt 1024 1456048826 1456048826
ibr-45_ibr-32_1.txt 1024 1456049576 1456049576
ibr-45_ibr-32_2.txt 1024 1456050406 1456050406
ibr-45_ibr-35_1.txt 1024 1456049526 1456049526
ibr-45_ibr-44_1.txt 1024 1456050076 1456050076
ibr-45_ibr-47_1.txt 1024 1456050586 1456050586
ibr-45_ibr-8_1.txt 1024 1456049446 1456049446
ibr-46_ibr-11_1.txt 1024 1456049131 1456049131
ibr-46_ibr-11_2.txt 1024 1456049941 1456049941
ibr-46_ibr-11_3.txt 1024 1456050231 1456050231
ibr-46_ibr-11_4.txt 1024 1456050401 1456050401
ibr-46_ibr-11_5.txt 1024 1456051121 1456051121
ibr-46_ibr-1_1.txt 1024 1456049561 1456049561
ibr-46_ibr-1_2.txt 1024 1456049901 1456049901
ibr-46_ibr-1_3.txt 1024 1456050501 1456050501
ibr-46_ibr-1_4.txt 1024 1456051281 1456051281
ibr-46_ibr-16_1.txt 1024 1456048811 1456048811
ibr-46_ibr-16_2.txt 1024 1456049331 1456049331
ibr-46_ibr-21_1.txt 1024 1456049281 1456049281
ibr-46_ibr-21_2.txt 1024 1456049371 1456049371
ibr-46_ibr-21_3.txt 1024 1456049871 1456049871
ibr-46_ibr-21_4.txt 1024 1456050241 1456050241
ibr-46_ibr-21_5.txt 1024 1456050531 1456050531
ibr-46_ibr-21_6.txt 1024 1456050571 1456050571
ibr-46_ibr-21_7.txt 1024 1456051091 1456051091
ibr-46_ibr-26_1.txt 1024 1456048656 1456048656
ibr-46_ibr-26_2.txt 1024 1456048681 1456048681
ibr-46_ibr-26_3.txt 1024 1456049161 1456049161
ibr-46_ibr-26_4.txt 1024 1456049311 1456049311
ibr-46_ibr-26_5.txt 1024 1456049501 1456049501
ibr-46_ibr-26_6.txt 1024 1456050981 1456050981
ibr-46_ibr-26_7.txt 1024 1456051461 1456051461
ibr-46_ibr-30_1.txt 1024 1456048596 1456048596
ibr-46_ibr-31_1.txt 1024 1456049241 1456049241
ibr-46_ibr-31_2.txt 1024 1456049291 1456049291
ibr-46_ibr-31_3.txt 1024 1456050561 1456050561
ibr-46_ibr-31_4.txt 1024 1456051251 1456051251
ibr-46_ibr-31_5.txt 1024 1456051301 1456051301
ibr-46_ibr-36_10.txt 1024 1456051361 1456051361
ibr-46_ibr-36_1.txt 1024 1456048821 1456048821
ibr-46_ibr-36_2.txt 1024 1456048941 1456048941
ibr-46_ibr-36_3.txt 1024 1456049151 1456049151
ibr-46_ibr-36_4.txt 1024 1456049261 1456049261
ibr-46_ibr-36_5.txt 1024 1456049771 1456049771
ibr-46_ibr-36_6.txt 1024 1456049891 1456049891
ibr-46_ibr-36_7.txt 1024 1456050341 1456050341
ibr-46_ibr-36_8.txt 1024 1456050901 1456050901
ibr-46_ibr-36_9.txt 1024 1456051321 1456051321
ibr-46_ibr-39_1.txt 1024 1456048586 1456048586
ibr-46_ibr-41_1.txt 1024 1456049231 1456049231
ibr-46_ibr-41_2.txt 1024 1456049521 1456049521
ibr-46_ibr-41_3.txt 1024 1456049661 1456049661
ibr-46_ibr-41_4.txt 1024 1456049921 1456049921
ibr-46_ibr-41_5.txt 1024 1456050111 1456050111
ibr-46_ibr-43_1.txt 1024 1456051486 1456051486
ibr-46_ibr-48_1.txt 1024 1456048716 1456048716
ibr-46_ibr-51_1.txt 1024 1456048591 1456048591
ibr-46_ibr-51_2.txt 1024 1456048651 1456048651
ibr-46_ibr-51_3.txt 1024 1456049201 1456049201
ibr-46_ibr-51_4.txt 1024 1456050411 1456050411
ibr-46_ibr-51_5.txt 1024 1456050581 1456050581
ibr-46_ibr-55_1.txt 1024 1456049456 1456049456
ibr-46_ibr-56_1.txt 1024 1456049811 1456049811
ibr-46_ibr-56_2.txt 1024 1456050711 1456050711
ibr-46_ibr-6_1.txt 1024 1456048961 1456048961
ibr-46_ibr-6_2.txt 1024 1456049916 1456049916
ibr-46_ibr-6_3.txt 1024 1456050461 1456050461
ibr-46_ibr-6_4.txt 1024 1456050751 1456050751
ibr-46_ibr-6_5.txt 1024 1456051101 1456051101
ibr-46_ibr-6_6.txt 1024 1456051331 1456051331
ibr-47_ibr-13_1.txt 1024 1456050896 1456050896
ibr-47_ibr-16_1.txt 1024 1456049656 1456049656
ibr-47_ibr-17_1.txt 1024 1456049366 1456049366
ibr-47_ibr-20_1.txt 1024 1456048586 1456048586
ibr-47_ibr-27_1.txt 1024 1456049146 1456049146
ibr-47_ibr-27_2.txt 1024 1456050597 1456050597
ibr-47_ibr-4_1.txt 1024 1456050266 1456050266
ibr-47_ibr-46_1.txt 1024 1456049676 1456049676
ibr-47_ibr-46_2.txt 1024 1456051296 1456051296
ibr-48_ibr-13_1.txt 1024 1456049186 1456049186
ibr-48_ibr-19_1.txt 1024 1456050286 1456050286
ibr-48_ibr-2_1.txt 1024 1456049436 1456049436
ibr-48_ibr-27_1.txt 1024 1456050336 1456050336
ibr-48_ibr-3_1.txt 1024 1456051266 1456051266
ibr-48_ibr-32_1.txt 1024 1456050846 1456050846
ibr-48_ibr-34_1.txt 1024 1456051426 1456051426
ibr-48_ibr-37_1.txt 1024 1456049026 1456049026
ibr-48_ibr-38_1.txt 1024 1456049396 1456049396
ibr-48_ibr-45_1.txt 1024 1456051456 1456051456
ibr-48_ibr-47_1.txt 1024 1456050096 1456050096
ibr-48_ibr-8_1.txt 1024 1456051216 1456051216
ibr-49_ibr-16_1.txt 1024 1456051316 1456051316
ibr-49_ibr-22_1.txt 1024 1456048646 1456048646
ibr-49_ibr-29_1.txt 1024 1456049696 1456049696
ibr-49_ibr-34_1.txt 1024 1456051176 1456051176
ibr-49_ibr-35_1.txt 1024 1456050706 1456050706
ibr-49_ibr-37_1.txt 1024 1456049116 1456049116
ibr-49_ibr-40_1.txt 1024 1456050676 1456050676
ibr-49_ibr-5_1.txt 1024 1456049666 1456049666
ibr-49_ibr-52_1.txt 1024 1456048816 1456048816
ibr-49_ibr-53_1.txt 1024 1456050146 1456050146
ibr-49_ibr-54_1.txt 1024 1456050796 1456050796
ibr-4_ibr-15_1.txt 1024 1456050976 1456050976
ibr-4_ibr-26_1.txt 1024 1456050186 1456050186
ibr-4_ibr-38_1.txt 1024 1456051346 1456051346
ibr-4_ibr-40_1.txt 1024 1456049446 1456049446
ibr-4_ibr-42_1.txt 1024 1456050106 1456050106
ibr-4_ibr-56_1.txt 1024 1456050516 1456050516
ibr-4_ibr-9_1.txt 1024 1456049486 1456049486
ibr-50_ibr-11_1.txt 1024 1456049206 1456049206
ibr-50_ibr-16_1.txt 1024 1456051166 1456051166
ibr-50_ibr-20_1.txt 1024 1456050136 1456050136
ibr-50_ibr-24_1.txt 1024 1456050306 1456050306
ibr-50_ibr-25_1.txt 1024 1456049466 1456049466
ibr-50_ibr-30_1.txt 1024 1456051276 1456051276
ibr-50_ibr-31_1.txt 1024 1456049876 1456049876
ibr-50_ibr-31_2.txt 1024 1456050416 1456050416
ibr-50_ibr-3_1.txt 1024 1456049526 1456049526
ibr-50_ibr-32_1.txt 1024 1456051126 1456051126
ibr-50_ibr-34_1.txt 1024 1456051476 1456051476
ibr-50_ibr-37_1.txt 1024 1456050466 1456050466
ibr-50_ibr-4_1.txt 1024 1456049706 1456049706
ibr-50_ibr-42_1.txt 1024 1456048976 1456048976
ibr-50_ibr-43_1.txt 1024 1456050216 1456050216
ibr-50_ibr-47_1.txt 1024 1456049056 1456049056
ibr-50_ibr-49_1.txt 1024 1456051236 1456051236
ibr-50_ibr-5_1.txt 1024 1456050876 1456050876
ibr-50_ibr-8_1.txt 1024 1456049986 1456049986
ibr-51_ibr-11_1.txt 1024 1456048561 1456048561
ibr-51_ibr-11_2.txt 1024 1456049731 1456049731
ibr-51_ibr-11_3.txt 1024 1456049801 1456049801
ibr-51_ibr-11_4.txt 1024 1456050161 1456050161
ibr-51_ibr-11_5.txt 1024 1456050291 1456050291
ibr-51_ibr-11_6.txt 1024 1456050931 1456050931
ibr-51_ibr-11_7.txt 1024 1456050971 1456050971
ibr-51_ibr-1_1.txt 1024 1456050581 1456050581
ibr-51_ibr-1_2.txt 1024 1456050921 1456050921
ibr-51_ibr-1_3.txt 1024 1456051001 1456051001
ibr-51_ibr-1_4.txt 1024 1456051231 1456051231
ibr-51_ibr-1_5.txt 1024 1456051451 1456051451
ibr-51_ibr-16_1.txt 1024 1456048691 1456048691
ibr-51_ibr-16_2.txt 1024 1456049161 1456049161
ibr-51_ibr-16_3.txt 1024 1456049571 1456049571
ibr-51_ibr-16_4.txt 1024 1456049791 1456049791
ibr-51_ibr-16_5.txt 1024 1456050001 1456050001
ibr-51_ibr-16_6.txt 1024 1456050692 1456050692
ibr-51_ibr-16_7.txt 1024 1456051221 1456051221
ibr-51_ibr-16_8.txt 1024 1456051431 1456051431
ibr-51_ibr-17_1.txt 1024 1456050606 1456050606
ibr-51_ibr-21_1.txt 1024 1456048911 1456048911
ibr-51_ibr-21_2.txt 1024 1456049041 1456049041
ibr-51_ibr-21_3.txt 1024 1456049181 1456049181
ibr-51_ibr-21_4.txt 1024 1456049321 1456049321
ibr-51_ibr-21_5.txt 1024 1456049931 1456049931
ibr-51_ibr-21_6.txt 1024 1456051031 1456051031
ibr-51_ibr-26_1.txt 1024 1456049531 1456049531
ibr-51_ibr-26_2.txt 1024 1456050081 1456050081
ibr-51_ibr-31_1.txt 1024 1456048631 1456048631
ibr-51_ibr-31_2.txt 1024 1456048751 1456048751
ibr-51_ibr-31_3.txt 1024 1456048841 1456048841
ibr-51_ibr-31_4.txt 1024 1456048931 1456048931
ibr-51_ibr-31_5.txt 1024 1456050041 1456050041
ibr-51_ibr-31_6.txt 1024 1456050111 1456050111
ibr-51_ibr-31_7.txt 1024 1456050651 1456050651
ibr-51_ibr-31_8.txt 1024 1456050701 1456050701
ibr-51_ibr-31_9.txt 1024 1456050951 1456050951
ibr-51_ibr-33_1.txt 1024 1456051246 1456051246
ibr-51_ibr-36_1.txt 1024 1456050421 1456050421
ibr-51_ibr-36_2.txt 1024 1456051056 1456051056
ibr-51_ibr-36_3.txt 1024 1456051181 1456051181
ibr-51_ibr-41_1.txt 1024 1456048571 1456048572
ibr-51_ibr-41_2.txt 1024 1456049481 1456049481
ibr-51_ibr-41_3.txt 1024 1456051061 1456051061
ibr-51_ibr-46_1.txt 1024 1456048951 1456048951
ibr-51_ibr-46_2.txt 1024 1456051411 1456051411
ibr-51_ibr-56_1.txt 1024 1456049601 1456049601
ibr-51_ibr-56_2.txt 1024 1456049841 1456049841
ibr-51_ibr-56_3.txt 1024 1456049871 1456049871
ibr-51_ibr-56_4.txt 1024 1456050671 1456050671
ibr-51_ibr-56_5.txt 1024 1456051481 1456051481
ibr-51_ibr-6_1.txt 1024 1456049021 1456049021
ibr-51_ibr-6_2.txt 1024 1456049411 1456049411
ibr-51_ibr-6_3.txt 1024 1456049821 1456049821
ibr-51_ibr-6_4.txt 1024 1456049861 1456049861
ibr-51_ibr-6_5.txt 1024 1456050271 1456050271
ibr-51_ibr-6_6.txt 1024 1456050501 1456050501
ibr-51_ibr-6_7.txt 1024 1456050511 1456050511
ibr-51_ibr-7_1.txt 1024 1456050616 1456050616
ibr-52_ibr-14_1.txt 1024 1456048816 1456048816
ibr-52_ibr-19_1.txt 1024 1456049826 1456049826
ibr-52_ibr-24_1.txt 1024 1456051356 1456051356
ibr-52_ibr-36_1.txt 1024 1456050656 1456050656
ibr-52_ibr-51_1.txt 1024 1456049076 1456049076
ibr-52_ibr-54_1.txt 1024 1456048656 1456048656
ibr-53_ibr-15_1.txt 1024 1456049296 1456049296
ibr-53_ibr-2_1.txt 1024 1456050756 1456050756
ibr-53_ibr-24_1.txt 1024 1456051356 1456051356
ibr-53_ibr-26_1.txt 1024 1456048906 1456048906
ibr-53_ibr-35_1.txt 1024 1456049976 1456049976
ibr-53_ibr-36_1.txt 1024 1456051486 1456051486
ibr-53_ibr-43_1.txt 1024 1456048846 1456048846
ibr-53_ibr-45_1.txt 1024 1456048766 1456048766
ibr-53_ibr-47_1.txt 1024 1456051136 1456051136
ibr-53_ibr-51_1.txt 1024 1456050796 1456050796
ibr-53_ibr-6_1.txt 1024 1456051346 1456051346
ibr-54_ibr-10_1.txt 1024 1456049016 1456049016
ibr-54_ibr-12_1.txt 1024 1456050766 1456050766
ibr-54_ibr-25_1.txt 1024 1456049966 1456049966
ibr-54_ibr-25_2.txt 1024 1456050846 1456050846
ibr-54_ibr-30_1.txt 1024 1456051166 1456051166
ibr-54_ibr-3_1.txt 1024 1456049636 1456049636
ibr-54_ibr-32_1.txt 1024 1456049696 1456049696
ibr-54_ibr-40_1.txt 1024 1456050597 1456050597
ibr-54_ibr-47_1.txt 1024 1456051046 1456051046
ibr-54_ibr-52_1.txt 1024 1456049956 1456049956
ibr-54_ibr-53_1.txt 1024 1456049826 1456049826
ibr-55_ibr-28_1.txt 1024 1456048936 1456048936
ibr-55_ibr-29_1.txt 1024 1456050866 1456050866
ibr-55_ibr-30_1.txt 1024 1456050626 1456050626
ibr-55_ibr-36_1.txt 1024 1456049316 1456049316
ibr-55_ibr-37_1.txt 1024 1456048866 1456048866
ibr-55_ibr-41_1.txt 1024 1456049746 1456049746
ibr-55_ibr-52_1.txt 1024 1456050456 1456050456
ibr-55_ibr-54_1.txt 1024 1456050036 1456050036
ibr-56_ibr-13_1.txt 1024 1456050356 1456050356
ibr-56_ibr-16_1.txt 1024 1456049736 1456049736
ibr-56_ibr-16_2.txt 1024 1456050686 1456050686
ibr-56_ibr-17_1.txt 1024 1456048836 1456048836
ibr-56_ibr-25_1.txt 1024 1456051016 1456051016
ibr-56_ibr-33_1.txt 1024 1456048546 1456048546
ibr-56_ibr-41_1.txt 1024 1456050906 1456050906
ibr-56_ibr-43_1.txt 1024 1456050556 1456050556
ibr-56_ibr-46_1.txt 1024 1456049096 1456049096
ibr-56_ibr-48_1.txt 1024 1456049006 1456049006
ibr-56_ibr-51_1.txt 1024 1456050996 1456050996
ibr-56_ibr-54_1.txt 1024 1456049536 1456049536
ibr-5_ibr-13_1.txt 1024 1456050896 1456050896
ibr-5_ibr-14_1.txt 1024 1456050786 1456050786
ibr-5_ibr-19_1.txt 1024 1456048556 1456048556
ibr-5_ibr-23_1.txt 1024 1456050496 1456050496
ibr-5_ibr-23_2.txt 1024 1456050526 1456050526
ibr-5_ibr-32_1.txt 1024 1456050196 1456050196
ibr-5_ibr-36_1.txt 1024 1456048616 1456048616
ibr-5_ibr-36_2.txt 1024 1456050036 1456050036
ibr-5_ibr-42_1.txt 1024 1456049366 1456049366
ibr-5_ibr-43_1.txt 1024 1456048676 1456048676
ibr-5_ibr-49_1.txt 1024 1456048796 1456048796
ibr-5_ibr-49_2.txt 1024 1456049536 1456049536
ibr-6_ibr-11_1.txt 1024 1456050156 1456050156
ibr-6_ibr-11_2.txt 1024 1456050211 1456050211
ibr-6_ibr-11_3.txt 1024 1456050231 1456050231
ibr-6_ibr-11_4.txt 1024 1456050441 1456050441
ibr-6_ibr-1_1.txt 1024 1456049141 1456049141
ibr-6_ibr-1_2.txt 1024 1456050301 1456050301
ibr-6_ibr-1_3.txt 1024 1456050821 1456050821
ibr-6_ibr-15_1.txt 1024 1456048646 1456048646
ibr-6_ibr-16_1.txt 1024 1456048731 1456048731
ibr-6_ibr-16_2.txt 1024 1456048781 1456048781
ibr-6_ibr-16_3.txt 1024 1456049126 1456049126
ibr-6_ibr-16_4.txt 1024 1456049326 1456049326
ibr-6_ibr-16_5.txt 1024 1456049601 1456049601
ibr-6_ibr-16_6.txt 1024 1456049971 1456049971
ibr-6_ibr-16_7.txt 1024 1456050101 1456050101
ibr-6_ibr-16_8.txt 1024 1456050471 1456050471
ibr-6_ibr-21_10.txt 1024 1456051446 1456051446
ibr-6_ibr-21_1.txt 1024 1456048681 1456048681
ibr-6_ibr-21_2.txt 1024 1456049101 1456049101
ibr-6_ibr-21_3.txt 1024 1456049456 1456049456
ibr-6_ibr-21_4.txt 1024 1456049476 1456049476
ibr-6_ibr-21_5.txt 1024 1456049691 1456049691
ibr-6_ibr-21_6.txt 1024 1456049761 1456049761
ibr-6_ibr-21_7.txt 1024 1456050631 1456050631
ibr-6_ibr-21_8.txt 1024 1456051071 1456051071
ibr-6_ibr-21_9.txt 1024 1456051381 1456051381
ibr-6_ibr-26_1.txt 1024 1456049451 1456049451
ibr-6_ibr-26_2.txt 1024 1456049611 1456049611
ibr-6_ibr-26_3.txt 1024 1456050491 1456050491
ibr-6_ibr-26_4.txt 1024 1456050961 1456050961
ibr-6_ibr-26_5.txt 1024 1456051006 1456051006
ibr-6_ibr-26_6.txt 1024 1456051041 1456051041
ibr-6_ibr-26_7.txt 1024 1456051331 1456051331
ibr-6_ibr-28_1.txt 1024 1456049396 1456049396
ibr-6_ibr-31_1.txt 1024 1456049231 1456049231
ibr-6_ibr-31_2.txt 1024 1456050051 1456050051
ibr-6_ibr-31_3.txt 1024 1456050321 1456050321
ibr-6_ibr-31_4.txt 1024 1456050391 1456050391
ibr-6_ibr-31_5.txt 1024 1456050761 1456050761
ibr-6_ibr-31_6.txt 1024 1456050861 1456050861
ibr-6_ibr-32_1.txt 1024 1456049356 1456049356
ibr-6_ibr-33_1.txt 1024 1456048726 1456048726
ibr-6_ibr-36_1.txt 1024 1456048951 1456048951
ibr-6_ibr-36_2.txt 1024 1456050841 1456050841
ibr-6_ibr-36_3.txt 1024 1456050911 1456050911
ibr-6_ibr-36_4.txt 1024 1456051111 1456051111
ibr-6_ibr-41_1.txt 1024 1456048671 1456048671
ibr-6_ibr-41_2.txt 1024 1456049081 1456049081
ibr-6_ibr-41_3.txt 1024 1456050191 1456050191
ibr-6_ibr-41_4.txt 1024 1456050226 1456050226
ibr-6_ibr-41_5.txt 1024 1456050381 1456050381
ibr-6_ibr-41_6.txt 1024 1456050831 1456050831
ibr-6_ibr-4_1.txt 1024 1456049406 1456049406
ibr-6_ibr-46_1.txt 1024 1456048561 1456048561
ibr-6_ibr-46_2.txt 1024 1456050351 1456050351
ibr-6_ibr-46_3.txt 1024 1456050431 1456050431
ibr-6_ibr-50_1.txt 1024 1456049346 1456049346
ibr-6_ibr-51_1.txt 1024 1456048721 1456048721
ibr-6_ibr-51_2.txt 1024 1456048741 1456048741
ibr-6_ibr-51_3.txt 1024 1456050481 1456050481
ibr-6_ibr-51_4.txt 1024 1456050721 1456050721
ibr-6_ibr-51_5.txt 1024 1456051141 1456051141
ibr-6_ibr-51_6.txt 1024 1456051186 1456051186
ibr-6_ibr-56_1.txt 1024 1456049931 1456049931
ibr-6_ibr-56_2.txt 1024 1456051261 1456051261
ibr-6_ibr-56_3.txt 1024 1456051411 1456051411
ibr-6_ibr-7_1.txt 1024 1456051086 1456051086
ibr-7_ibr-11_1.txt 1024 1456049846 1456049846
ibr-7_ibr-11_2.txt 1024 1456051256 1456051256
ibr-7_ibr-13_1.txt 1024 1456049546 1456049546
ibr-7_ibr-24_1.txt 1024 1456049006 1456049006
ibr-7_ibr-24_2.txt 1024 1456049816 1456049816
ibr-7_ibr-24_3.txt 1024 1456050886 1456050886
ibr-7_ibr-27_1.txt 1024 1456048986 1456048986
ibr-7_ibr-36_1.txt 1024 1456048916 1456048916
ibr-7_ibr-37_1.txt 1024 1456050776 1456050776
ibr-7_ibr-38_1.txt 1024 1456049586 1456049586
ibr-7_ibr-48_1.txt 1024 1456048716 1456048716
ibr-7_ibr-56_1.txt 1024 1456050176 1456050176
ibr-7_ibr-6_1.txt 1024 1456049606 1456049606
ibr-7_ibr-8_1.txt 1024 1456050336 1456050336
ibr-8_ibr-10_1.txt 1024 1456048566 1456048566
ibr-8_ibr-13_1.txt 1024 1456051196 1456051196
ibr-8_ibr-20_1.txt 1024 1456048796 1456048796
ibr-8_ibr-30_1.txt 1024 1456049516 1456049516
ibr-8_ibr-30_2.txt 1024 1456050556 1456050556
ibr-8_ibr-31_1.txt 1024 1456050266 1456050266
ibr-8_ibr-36_1.txt 1024 1456050476 1456050476
ibr-8_ibr-47_1.txt 1024 1456049026 1456049026
ibr-8_ibr-48_1.txt 1024 1456051316 1456051316
ibr-8_ibr-53_1.txt 1024 1456048666 1456048666
ibr-8_ibr-7_1.txt 1024 1456051016 1456051016
ibr-8_ibr-7_2.txt 1024 1456051066 1456051066
ibr-9_ibr-10_1.txt 1024 1456050946 1456050946
ibr-9_ibr-15_1.txt 1024 1456049616 1456049616
ibr-9_ibr-16_1.txt 1024 1456048776 1456048776
ibr-9_ibr-18_1.txt 1024 1456050926 1456050926
ibr-9_ibr-22_1.txt 1024 1456051306 1456051306
ibr-9_ibr-25_1.txt 1024 1456050166 1456050166
ibr-9_ibr-33_1.txt 1024 1456050766 1456050766
ibr-9_ibr-37_1.txt 1024 1456051096 1456051096
ibr-9_ibr-43_1.txt 1024 1456051396 1456051396
ibr-9_ibr-45_1.txt 1024 1456050306 1456050306
ibr-9_ibr-49_1.txt 1024 1456048986 1456048986
ibr-9_ibr-49_2.txt 1024 1456049896 1456049896
ibr-9_ibr-56_1.txt 1024 1456050376 1456050376
